-5.427802e-02
4.620512e-02
2.755650e-02
1.193917e-01
-4.291779e-02
-5.585561e-03
3.025275e-02
-4.080187e-02
-6.572314e-02
6.230479e-02
-1.162404e-02
3.804582e-02
8.417183e-02
1.684055e-02
-4.543169e-03
1.153783e-02
9.623750e-02
-2.318394e-02
-3.811961e-02
-2.078173e-02
-4.303450e-02
9.697436e-02
2.571326e-02
6.955918e-02
-2.820224e-03
7.357910e-02
1.387549e-02
-2.946862e-02
-4.934569e-02
-3.318686e-02
-3.134422e-02
-3.555832e-02
-4.137630e-02
-2.257780e-02
2.317415e-02
9.446654e-02
-7.266115e-02
1.212590e-01
1.171684e-02
-1.072883e-02
-1.049231e-02
-7.743157e-03
-5.231981e-03
4.496946e-02
7.856084e-02
-5.708086e-02
-1.671516e-02
3.189737e-02
-3.215935e-02
8.271051e-03
-1.040919e-02
-1.225341e-03
7.082745e-02
-2.123283e-02
3.049087e-02
1.084068e-01
-7.173810e-03
-4.996901e-03
-6.018970e-02
-3.940966e-02
6.160247e-02
-8.812989e-03
5.706681e-02
-9.263043e-02
6.890550e-02
9.690909e-03
5.859174e-02
-5.775046e-03
1.166958e-01
-2.588860e-02
-4.231952e-02
3.850186e-02
-6.730956e-03
-8.840301e-02
-6.110748e-02
2.809447e-03
-1.066107e-02
2.022624e-02
1.843702e-02
-2.552632e-02
9.631895e-02
-9.411739e-02
-1.802103e-02
8.201636e-02
