-4.346547e-02
6.505270e-02
2.109926e-02
4.473672e-02
-1.128270e-02
-8.843455e-02
9.468405e-02
1.819951e-02
4.481781e-02
-9.531433e-03
-4.248695e-02
-4.199797e-03
1.587524e-02
8.704036e-02
-4.775628e-03
-6.846807e-02
-1.113120e-01
-1.132516e-01
-3.789694e-02
-9.446114e-02
4.445554e-02
6.640014e-03
-5.998573e-02
-6.616134e-02
-1.717511e-01
3.320837e-03
2.009750e-03
-1.179652e-01
-1.982195e-01
-2.298899e-01
-2.752238e-02
-1.465248e-01
-1.334965e-01
-1.835689e-01
-8.653302e-02
2.016860e-02
5.130497e-03
6.164942e-02
1.233987e-01
3.883914e-02
-3.561537e-02
-2.663658e-02
-4.320422e-02
1.000796e-02
2.911980e-02
2.858103e-02
-9.322351e-02
-1.571028e-01
-1.192408e-01
-4.815153e-02
-1.020235e-01
-9.071396e-02
4.043696e-02
5.312934e-02
-3.095474e-02
-1.124184e-01
-1.600522e-01
-5.155020e-02
-9.377702e-02
9.528546e-03
-4.039272e-02
-4.896937e-03
-5.841563e-02
-1.563513e-01
-1.363133e-01
3.197212e-03
3.915149e-02
9.721134e-02
5.711455e-03
-9.771266e-02
-5.869002e-02
-3.439543e-02
3.513484e-02
9.460171e-02
2.078437e-02
-9.293575e-02
-4.665870e-03
4.863719e-03
3.057372e-02
5.077219e-02
-1.164198e-01
-5.091403e-02
8.621930e-02
7.686836e-02
-1.989340e-02
-2.041871e-01
-1.751497e-01
-6.318727e-02
1.649959e-03
-5.318167e-02
-3.085972e-02
-1.416423e-02
-8.083588e-02
-3.181824e-02
-1.307741e-01
-3.785754e-02
4.258232e-02
5.159583e-02
1.318413e-02
-5.200735e-02
1.314728e-03
-1.797063e-02
-1.442385e-01
-1.740480e-01
-2.105624e-01
2.495122e-02
3.950741e-02
-1.547770e-03
5.215531e-03
-2.199950e-02
-2.714215e-02
5.826499e-02
9.606171e-02
5.812974e-02
7.095941e-02
-1.018627e-01
-1.089204e-01
-4.181748e-02
-1.275304e-02
-1.554106e-02
8.258216e-02
4.015958e-02
-1.463758e-01
-1.336422e-02
-2.139862e-02
-1.538792e-01
1.732382e-02
4.585808e-02
3.320325e-02
-4.312039e-02
-1.139176e-01
-6.881744e-02
-6.556252e-02
-9.081860e-02
-1.075644e-01
-1.098396e-01
-9.976930e-02
-7.903037e-02
-1.284534e-01
-1.982008e-01
8.757456e-02
1.028094e-01
4.641901e-02
-3.881198e-02
-5.990808e-03
4.923822e-02
8.374409e-02
6.365184e-02
1.412758e-02
-5.668307e-03
-1.151210e-02
6.248795e-02
5.872608e-02
6.435285e-02
-5.002905e-02
-1.444371e-01
5.946904e-02
9.583096e-02
-1.769785e-02
-9.367752e-02
-8.547566e-02
5.669601e-02
-2.655463e-02
-2.118266e-01
-1.542287e-01
-6.032820e-02
-1.087468e-01
-2.197505e-01
-1.428785e-01
-1.869948e-02
-3.854453e-02
-8.266886e-02
-1.026188e-01
1.503495e-02
-3.727602e-03
2.413437e-02
-2.517373e-02
8.244638e-03
1.141327e-03
1.543852e-01
-5.904161e-02
1.394305e-02
1.365772e-02
8.395987e-02
8.773899e-02
-4.650356e-02
1.388602e-02
1.197766e-01
7.203640e-02
-6.134951e-02
-1.938626e-02
1.342490e-02
1.406661e-01
3.692450e-02
-1.109975e-01
-1.876739e-02
3.657244e-03
-6.611539e-02
-3.418930e-02
-1.677316e-02
-6.319045e-02
-4.722818e-02
3.580441e-02
-1.175592e-02
-1.685669e-02
-4.313993e-02
1.102145e-02
4.115115e-03
-4.755512e-02
-2.530805e-01
-8.635771e-02
-7.279176e-02
-3.487405e-02
-2.157073e-01
-1.333000e-01
3.542940e-02
-1.773247e-02
-4.208005e-02
-7.777708e-02
6.203613e-02
1.501945e-01
9.472643e-02
8.882747e-02
8.389657e-02
8.642566e-02
-1.036070e-01
-2.157036e-02
5.690312e-02
5.625107e-02
-7.969125e-02
-9.954137e-02
-5.569258e-02
3.472364e-02
-1.012843e-01
-1.982347e-01
-1.244681e-01
-1.034541e-02
-1.124777e-01
-2.158371e-01
-1.164392e-01
-7.571981e-02
-1.125306e-01
-1.638182e-01
-5.681703e-02
5.677142e-02
6.385244e-04
-3.958776e-02
2.138887e-02
3.948962e-02
5.992374e-02
1.859061e-01
7.763825e-02
1.804462e-02
-1.109908e-02
2.571317e-02
1.260520e-02
6.284763e-03
5.846965e-02
-1.759951e-02
-4.757993e-02
-7.232233e-04
-3.199246e-02
6.140208e-02
6.887324e-03
-1.730492e-01
-1.708676e-03
-4.345896e-02
-2.208283e-02
-1.648641e-01
-2.858405e-01
-1.340523e-01
-1.739327e-01
-1.258358e-01
-1.324122e-01
-9.420668e-02
-8.387706e-02
6.256948e-02
6.596315e-02
6.999721e-02
-2.284588e-02
-4.308502e-02
5.217646e-02
7.462641e-02
-2.500297e-02
-1.901195e-01
-2.627127e-02
-8.308443e-02
-1.585396e-01
-2.094442e-01
1.124065e-02
-2.450470e-03
-9.831841e-03
-4.654233e-02
-4.687039e-02
5.250591e-02
9.801618e-02
1.109800e-01
1.032766e-01
1.023382e-01
3.388210e-02
7.074241e-03
-3.369470e-02
-5.698095e-03
9.331267e-02
5.889756e-03
-3.860291e-02
-1.164369e-02
8.925614e-02
1.368610e-02
-1.394356e-01
3.579347e-02
3.691714e-02
-2.054249e-02
-5.196924e-02
-2.501345e-02
-1.134334e-02
7.185830e-03
-4.420786e-02
-4.021518e-02
5.989065e-02
-3.380664e-02
-1.299192e-02
7.104864e-02
2.875042e-02
1.713263e-02
-3.079882e-02
1.046774e-01
2.080967e-01
3.888203e-03
3.656738e-02
2.966043e-02
7.367203e-02
3.923775e-02
1.328773e-01
1.576569e-01
5.437250e-02
7.148366e-02
1.647259e-02
4.113873e-02
-1.730365e-01
-6.407259e-02
-4.762501e-02
-1.220574e-01
-1.033570e-01
-1.146935e-01
-9.947351e-02
-2.104010e-01
-4.655097e-02
3.020612e-02
2.200312e-02
-5.150321e-03
-1.020636e-01
-9.262204e-03
5.374152e-02
7.684027e-02
-3.943827e-02
7.824492e-02
9.130947e-02
3.915103e-02
-1.316465e-01
2.556478e-02
3.896511e-02
-7.154039e-02
-1.882044e-01
-5.338481e-02
1.792783e-02
-6.426094e-02
-8.215246e-02
9.943917e-03
1.173827e-01
-4.806220e-02
4.878763e-02
1.151562e-01
3.954824e-02
1.901716e-02
-6.586969e-02
-9.978767e-03
6.580840e-02
5.384012e-02
3.486580e-02
3.611944e-02
1.066783e-02
3.874507e-02
3.636249e-02
-8.103858e-02
9.892723e-02
8.145195e-02
-8.879519e-02
-1.063991e-01
-6.405741e-02
-5.893869e-02
-8.688908e-02
1.580234e-03
-3.547266e-02
2.809972e-02
-3.738588e-02
-3.461165e-02
4.666774e-02
4.284387e-02
2.769508e-02
-6.667082e-03
-6.566311e-02
-1.795428e-01
-1.148386e-01
-4.039079e-02
-1.004744e-01
-1.879918e-01
-1.075227e-01
5.304171e-02
1.473058e-02
-2.483948e-02
7.056769e-02
1.128698e-01
3.416563e-02
-1.141579e-01
-2.823172e-03
5.040335e-02
8.819172e-03
-2.126628e-02
-5.025429e-02
-2.055563e-02
3.160849e-02
-2.728423e-02
-1.030939e-02
1.854624e-02
-1.787035e-02
-1.342438e-01
-6.186012e-02
3.864340e-02
3.358398e-02
-7.538084e-02
9.572529e-02
1.476685e-01
1.336110e-01
-1.489581e-01
4.470421e-02
3.965035e-02
-3.004185e-02
-1.782081e-01
-9.344023e-02
4.398055e-02
-1.173777e-01
-1.749792e-01
-5.649099e-02
1.119901e-02
-6.618417e-02
-1.957101e-01
-1.935167e-01
-8.461220e-02
-1.253906e-01
-4.105625e-03
-6.211832e-03
2.213100e-03
2.983918e-03
4.610470e-02
2.775617e-02
-6.394695e-02
-1.075409e-01
3.440278e-03
5.009973e-02
-1.076505e-02
-1.781546e-02
-9.968926e-02
-1.028486e-01
-4.110001e-02
2.429532e-02
1.231524e-02
1.069247e-02
6.306359e-02
-5.239597e-03
-9.522898e-04
-8.628818e-02
-5.221787e-03
-2.228269e-02
5.261505e-03
1.549152e-02
8.135524e-02
5.427868e-02
-5.228821e-02
-3.435501e-02
-1.672177e-01
-1.559606e-01
-2.092819e-01
-9.505706e-02
-5.397059e-02
-5.771412e-02
-7.850932e-02
-5.756928e-03
2.202626e-02
4.285001e-02
-8.604164e-02
6.174744e-02
1.285409e-01
1.378356e-01
5.508390e-02
-9.292500e-02
1.197097e-02
3.530424e-02
2.001511e-02
6.635769e-02
-1.256767e-02
-2.769841e-02
-5.595082e-02
-2.624773e-02
-8.923803e-02
2.005015e-02
-3.114795e-02
1.149463e-02
-1.059765e-02
-1.644646e-02
1.307740e-02
4.699360e-02
1.027871e-01
8.207849e-02
8.216416e-02
-3.537045e-02
-1.130929e-01
-1.973728e-01
-1.269712e-01
-2.189304e-01
-1.928073e-02
-1.913144e-02
-9.346093e-02
2.745828e-02
5.100947e-03
-1.608062e-02
-1.073063e-02
3.418846e-02
6.243326e-04
-3.172829e-02
-1.879985e-02
-7.364707e-02
-9.539206e-02
-2.915292e-02
-2.354279e-03
1.885245e-02
4.121757e-02
8.372609e-02
-1.172944e-03
7.071960e-02
6.285293e-03
-3.858216e-02
1.391720e-04
4.768832e-02
-3.911041e-02
-4.814925e-02
-1.108135e-03
-3.010597e-02
-4.685101e-02
-5.310763e-02
-1.642168e-01
1.050652e-02
1.685821e-02
2.180529e-02
-1.138974e-01
-2.278647e-01
-1.100277e-01
-7.592433e-02
-1.652900e-01
-1.441838e-01
1.353449e-01
3.901124e-02
7.371807e-02
-7.879994e-02
-8.066399e-02
2.292841e-02
1.413141e-01
1.358861e-01
8.497471e-02
-2.232237e-02
-8.390564e-02
-6.012797e-02
-3.912575e-02
-3.173440e-02
-3.131017e-02
8.088476e-02
1.166838e-01
2.006387e-02
-5.209763e-02
-1.193380e-01
6.942706e-03
3.981326e-02
-6.797786e-02
-2.590779e-02
3.157672e-02
-7.314920e-02
-1.943548e-02
4.637719e-02
6.089462e-02
1.157184e-01
-8.389350e-02
-1.704349e-01
-2.012185e-01
-1.811344e-01
-1.720800e-01
-1.342878e-01
-1.413390e-01
2.613054e-02
7.985131e-02
2.690524e-02
3.994726e-02
-2.748259e-03
9.266901e-02
-1.576447e-02
-1.153540e-01
-1.516416e-01
6.152719e-02
1.218353e-01
-2.261220e-02
-1.206446e-01
-1.692116e-01
1.261564e-03
1.017229e-01
-1.250048e-01
-1.007845e-01
-3.240815e-02
2.402544e-02
3.670156e-02
-8.189063e-02
-4.895519e-02
-5.835319e-02
-6.599469e-02
-3.275831e-02
-3.325588e-02
-1.059928e-01
-2.948590e-02
-5.751547e-02
-1.095676e-01
-1.233789e-01
1.130094e-01
3.228812e-02
-1.587298e-01
-2.441936e-01
-2.706298e-02
9.523262e-02
8.969659e-02
-3.022157e-01
-3.017424e-01
-2.415862e-02
1.233401e-02
5.962379e-02
-2.164922e-01
-1.040506e-01
7.585027e-04
1.054902e-01
1.081139e-02
-7.348216e-02
-7.658149e-02
-3.040244e-02
8.785635e-02
-4.859147e-02
-1.254357e-01
-4.418374e-02
7.848305e-02
6.740271e-02
-9.576155e-03
-1.061445e-01
-5.671181e-02
1.532348e-02
-6.528614e-02
-8.761528e-03
-6.360758e-02
5.440463e-03
-8.159998e-03
8.438893e-02
-1.276195e-02
4.748387e-02
-6.547209e-02
-4.254225e-02
1.312762e-01
2.314857e-02
-9.932793e-03
-1.304389e-01
3.936684e-02
3.539768e-02
-7.018261e-02
-6.001291e-02
4.471323e-02
6.185345e-02
-1.874574e-02
-1.207116e-01
-3.305665e-02
7.411167e-02
2.396896e-02
-1.080540e-01
-9.633636e-02
-2.224154e-02
3.132185e-03
-5.656168e-03
-8.788306e-02
7.500711e-03
8.403624e-03
-9.900638e-03
4.127565e-02
1.265144e-02
-4.037635e-02
-5.505792e-03
1.938886e-02
4.638900e-02
-5.427528e-02
3.095580e-02
-3.457677e-02
-2.176934e-01
-5.633715e-02
6.521781e-02
2.600028e-04
-1.528978e-01
-3.171298e-01
-1.247986e-01
6.119010e-02
-6.194032e-02
-2.055931e-01
-1.113239e-01
-5.517487e-02
6.109410e-02
-1.086462e-01
-1.703207e-01
-7.113826e-02
2.434014e-02
6.699005e-02
-5.131396e-02
-6.740863e-02
7.275800e-02
5.970976e-02
4.595117e-02
-7.716019e-02
-3.980108e-02
1.984370e-02
6.717812e-02
8.905961e-02
-1.380846e-01
-1.284770e-02
1.750528e-02
2.723195e-02
1.303175e-02
-1.105752e-01
6.785173e-02
-2.656636e-03
-6.013619e-02
-3.889898e-02
3.567871e-02
1.133018e-01
-6.117868e-02
-1.394826e-01
-1.640867e-02
1.908192e-02
3.383749e-02
-7.981500e-02
-3.954062e-02
-1.952889e-02
7.737746e-03
2.028879e-02
-6.177760e-02
-3.329169e-02
6.571316e-02
3.349972e-02
-6.374360e-02
-2.564894e-02
-7.356187e-02
6.761222e-02
2.158732e-02
-2.468403e-02
-4.778693e-02
-5.787612e-03
3.230162e-02
-5.717814e-02
-9.937136e-02
3.712950e-02
-3.988098e-02
2.592812e-02
-2.329100e-02
-1.148665e-01
4.257672e-03
4.457047e-02
-2.723448e-02
-1.734614e-01
-1.392227e-01
-7.176643e-02
-2.054363e-02
-2.097476e-02
-1.248272e-01
-2.246780e-01
-2.807500e-01
-1.003605e-01
-3.762491e-02
-8.562814e-02
-7.427011e-02
-1.274123e-01
-1.383922e-01
-2.802289e-02
-1.839695e-01
-1.885660e-02
-3.465998e-02
4.896085e-02
7.240395e-02
-3.470386e-02
1.608665e-02
5.847146e-03
-4.467525e-02
-8.363660e-02
6.172407e-02
-1.750555e-02
2.478113e-02
7.824750e-02
3.905342e-02
9.206861e-02
-1.310887e-02
-3.570459e-02
5.938504e-02
-3.242156e-02
2.964133e-02
2.552495e-02
-7.546470e-02
-3.449944e-02
-5.634399e-02
3.132966e-02
-4.699159e-02
-1.354027e-01
-5.779750e-02
6.345181e-02
-4.626161e-02
-9.383962e-02
-4.568743e-02
-5.696898e-02
2.500505e-02
-2.073224e-02
-3.670786e-02
-1.576613e-02
1.563814e-03
2.983267e-02
7.456196e-02
6.404428e-03
2.762332e-02
-1.966889e-02
-4.735144e-03
7.007284e-02
-1.545239e-03
4.781550e-02
2.431989e-02
-2.189574e-02
7.240273e-02
-4.703055e-02
-3.931213e-02
2.778800e-02
-5.531803e-02
1.289488e-02
-5.090285e-02
-8.505104e-02
6.165583e-02
1.908466e-02
-1.661648e-01
-9.014721e-02
-1.297719e-01
-7.656115e-02
-1.873080e-01
-1.246556e-01
-1.876203e-01
-2.043619e-01
-9.362321e-02
-1.020089e-01
-9.351876e-02
2.447556e-02
-4.926737e-02
-5.329242e-02
-2.814667e-02
-1.317853e-01
4.949719e-02
1.010310e-01
7.437494e-03
6.293858e-02
-2.500640e-02
6.444188e-02
9.441707e-02
-8.486887e-03
-6.017585e-02
-1.801424e-02
-7.396249e-03
-8.496102e-03
3.830394e-02
1.394342e-01
-2.701773e-02
-5.965822e-02
-7.342788e-02
-4.297001e-02
4.325536e-02
-2.691191e-02
-1.044357e-01
-5.351138e-02
-1.172557e-01
-5.388559e-02
3.812071e-03
-3.829860e-02
-7.408026e-02
-1.307652e-01
-9.037060e-02
-5.735493e-02
-5.167948e-02
-5.702179e-03
-1.051055e-01
-1.153107e-01
-3.937295e-02
7.664621e-03
3.746505e-02
5.985457e-03
2.662994e-03
1.118543e-02
1.744228e-02
5.225149e-03
-3.042682e-02
4.398322e-02
-8.631878e-02
-7.937115e-02
-1.816243e-02
-3.256670e-03
4.414299e-02
-1.328276e-01
-1.709877e-01
-9.597823e-02
-1.123028e-01
-1.393918e-02
1.584609e-02
4.282557e-02
1.346592e-02
7.170603e-02
1.239133e-02
-4.401603e-02
2.175439e-03
1.753385e-02
2.073346e-02
8.696347e-02
-1.476938e-02
4.835681e-02
1.805986e-02
8.018623e-02
1.388875e-01
-8.815537e-02
3.002579e-03
1.145779e-01
1.631432e-01
9.186665e-02
-3.602925e-03
-1.420208e-03
3.082641e-02
8.897917e-03
-1.272518e-01
-1.395938e-01
-1.371838e-01
-1.160626e-01
-1.163989e-01
-8.307139e-02
1.755935e-02
-2.248969e-02
-7.761689e-02
-2.155306e-02
4.629197e-02
-5.592248e-02
6.364514e-02
6.303392e-02
2.006381e-02
1.784919e-02
-4.462466e-02
-2.495589e-02
-8.571028e-02
-2.078635e-01
-2.594628e-01
-5.408133e-02
6.224146e-02
8.564670e-02
6.360555e-02
1.579470e-02
8.255281e-02
1.027613e-01
-1.458931e-02
-1.722266e-03
2.895567e-03
-5.146521e-02
-2.633298e-02
-6.638276e-02
1.313866e-02
3.886430e-02
3.896873e-02
2.503388e-02
-3.643753e-03
9.483456e-03
3.376374e-02
-3.223855e-02
-3.777179e-02
-1.172058e-02
-5.496540e-02
-7.588351e-02
-2.329597e-02
-7.580961e-02
-6.133169e-02
-7.850713e-02
-6.123251e-02
-7.303487e-03
8.700751e-02
4.264167e-02
3.973009e-02
-7.485381e-04
-9.126566e-02
-9.508874e-02
-1.487578e-01
-1.107104e-01
-3.901765e-02
1.425755e-01
7.059281e-02
-8.178711e-03
-2.685189e-02
5.544044e-02
9.141292e-03
4.672984e-02
1.463715e-01
8.604133e-03
-3.355131e-02
3.765079e-02
1.133069e-01
6.317108e-02
-1.243762e-01
-1.637865e-01
-7.195362e-02
-1.039997e-01
-1.024697e-01
7.307540e-02
7.966249e-02
3.224093e-02
2.113622e-03
-4.214805e-02
3.188991e-02
1.448671e-01
9.603726e-03
4.695959e-02
1.011990e-01
8.244248e-02
8.335052e-02
-3.771608e-02
-1.601414e-01
-2.326970e-01
-2.721748e-01
-2.647975e-01
-4.228735e-02
2.936216e-02
3.863055e-02
6.492374e-02
4.263570e-02
3.210803e-02
7.365496e-02
5.786451e-02
-3.102469e-02
1.901834e-02
2.749604e-02
-2.071787e-02
-1.819997e-02
-1.297650e-02
1.154008e-01
2.211575e-02
-3.932257e-02
-8.612124e-02
-1.103899e-01
1.173534e-01
-4.272053e-02
4.920609e-02
-1.173635e-02
-2.161078e-01
-1.419485e-01
-1.098485e-01
4.948046e-02
1.374064e-01
4.554351e-02
-1.388766e-01
9.911989e-03
-5.521981e-02
-1.189439e-02
1.351269e-01
6.145392e-02
4.897916e-02
1.493116e-02
2.211795e-02
5.143037e-02
2.587804e-02
7.094867e-02
-1.196740e-01
-1.284482e-01
5.829240e-02
7.106672e-02
7.203813e-02
-6.609781e-02
-2.243297e-01
-3.129238e-01
-1.275508e-01
-4.377525e-02
1.670663e-02
4.529892e-02
-1.975036e-02
-6.635310e-02
3.400784e-02
9.898935e-02
2.176031e-01
1.088046e-01
-1.730695e-02
-1.465426e-02
4.155344e-03
-1.526396e-02
-2.983206e-02
-4.173810e-02
-2.277711e-02
5.942969e-02
5.946270e-02
1.363734e-02
-9.437721e-02
-2.543268e-02
-5.213940e-02
3.065906e-03
9.450740e-02
2.199271e-01
-2.183275e-02
2.584632e-02
-8.006509e-02
-5.065533e-02
9.273223e-02
3.287251e-02
3.866523e-03
-5.985423e-02
-1.277668e-01
-9.108189e-02
-3.171255e-03
1.619199e-02
-6.519455e-02
-5.062121e-02
1.164601e-02
6.250609e-02
4.535706e-02
-7.127606e-02
-1.289550e-01
-8.933663e-02
-1.513499e-02
9.849602e-02
1.152881e-01
4.226271e-02
-1.069402e-01
-1.063787e-01
6.877498e-03
-5.716363e-03
1.401140e-01
1.128348e-01
-1.610793e-02
-5.127526e-02
-5.091605e-02
6.651913e-02
7.859242e-02
-6.720244e-02
-8.915487e-02
6.068577e-02
9.407897e-03
-6.842349e-02
-2.493839e-02
-1.397473e-01
-1.456329e-01
9.757609e-02
1.319095e-01
6.542659e-02
9.501991e-02
-2.089338e-02
-2.690762e-01
-1.994229e-01
-3.063721e-02
8.129346e-02
7.404184e-02
-7.239385e-03
-1.257138e-01
-7.578988e-02
-1.346907e-01
-1.101364e-01
-5.167166e-02
-8.451051e-03
-1.630091e-02
-1.110029e-02
5.041230e-02
9.349153e-03
8.338413e-02
5.700790e-02
-4.891613e-03
-5.415227e-04
-1.008956e-01
-1.307504e-01
-2.195983e-02
1.995491e-02
5.314000e-03
-3.208925e-02
-6.418683e-02
-8.862257e-04
-8.468246e-02
-5.684882e-02
-1.879800e-01
-8.949266e-02
4.213927e-02
9.817714e-02
1.205687e-01
8.858321e-03
-2.563841e-01
9.401679e-02
3.190030e-02
-7.697399e-02
-5.645266e-02
-2.031297e-02
-9.673239e-03
7.472117e-02
-8.366410e-02
-4.336921e-02
-1.191579e-01
-5.078799e-02
1.040439e-01
3.542100e-02
-1.338151e-01
-6.834280e-02
-2.067704e-02
4.774431e-02
9.807447e-03
-7.654666e-02
6.501026e-03
-1.241257e-01
5.532272e-02
6.124172e-02
4.676342e-02
-1.054603e-01
-7.247708e-02
-7.862837e-02
-1.030551e-01
-7.227078e-02
5.377866e-02
-3.092559e-02
-1.583213e-01
-1.660622e-01
-2.460562e-02
2.708568e-02
-1.039409e-01
-1.457457e-01
-1.840502e-01
-5.712410e-04
-4.012871e-03
-9.188335e-02
-2.102754e-01
-2.572375e-01
-6.240637e-02
6.370980e-02
-4.000482e-02
-1.693131e-01
-1.524468e-01
-3.849868e-02
-5.669277e-03
-3.202378e-02
-3.668008e-02
-1.291445e-02
6.255664e-02
-9.844637e-03
-3.573941e-03
-8.838270e-02
5.831510e-02
8.464935e-02
3.528253e-02
8.983662e-02
-8.941709e-02
-1.943978e-02
-5.109289e-02
-6.935975e-02
-5.064232e-02
-2.189562e-01
-9.892646e-02
1.536807e-02
-2.083004e-02
6.645976e-02
-6.462245e-02
-7.021984e-02
6.559084e-02
6.069868e-02
3.968520e-02
4.740655e-02
-2.850209e-03
1.773533e-02
-1.532584e-02
7.667369e-03
8.605643e-02
3.492013e-02
-2.113611e-02
4.576707e-02
1.827342e-02
-3.861976e-03
5.279824e-02
-5.731916e-02
-5.023569e-02
-3.031193e-02
-2.976677e-02
3.675476e-02
-4.811743e-02
-9.533420e-02
-1.541718e-01
-2.214479e-02
5.852899e-02
-4.531299e-02
2.205774e-03
5.127889e-02
-9.707129e-02
-2.720941e-01
-1.055483e-01
-5.363765e-02
-1.091140e-02
-4.335869e-03
-2.293631e-02
5.473906e-02
1.097824e-01
-7.549828e-02
-4.788402e-02
-8.444243e-02
3.137776e-02
1.365244e-01
3.228052e-02
-3.371342e-02
-1.445007e-02
4.530599e-02
1.175750e-01
-2.122635e-02
1.658588e-03
6.287304e-02
-4.511748e-02
2.317069e-04
-2.828234e-03
-7.574724e-02
-8.759956e-02
1.749525e-02
9.792772e-02
1.751892e-02
4.897307e-02
4.222352e-02
4.719537e-02
1.444348e-02
-4.698548e-02
7.905172e-03
-2.240288e-02
-6.199141e-02
-1.279472e-01
-9.548436e-02
-8.601018e-02
-9.359937e-02
-8.993521e-02
-9.745441e-02
-7.827330e-02
-2.005014e-02
-6.869499e-02
-5.138253e-02
-6.898215e-02
-5.716906e-02
-7.832839e-02
3.386868e-02
1.088413e-01
1.174929e-01
6.700358e-02
4.325699e-03
-1.319182e-01
1.186197e-02
6.005295e-02
1.318072e-01
-6.125520e-02
-1.659752e-02
3.055865e-02
4.226823e-03
2.564403e-02
-9.103557e-02
4.508329e-02
6.564994e-02
1.747246e-02
-1.056826e-01
-1.141970e-01
-2.583823e-02
-7.812143e-03
-1.052816e-02
8.349174e-02
1.274963e-01
-5.178396e-04
-6.538048e-02
-1.805235e-01
-2.399264e-01
-2.505076e-01
-1.196545e-01
-9.000627e-02
-2.120170e-01
-1.245308e-02
7.042119e-02
4.498225e-02
-1.925606e-01
-3.033991e-01
9.655797e-02
8.562773e-02
-8.433591e-02
-2.341931e-01
-1.164018e-01
8.174860e-02
-3.133642e-02
-1.760608e-01
-2.845745e-02
-3.646791e-02
2.503493e-02
8.278347e-02
1.857505e-02
-6.665507e-02
1.067415e-02
6.264296e-02
3.322079e-02
4.586360e-02
-4.871238e-02
-1.789658e-04
5.499746e-02
1.759352e-02
1.068494e-02
-6.528084e-02
-5.733605e-02
6.991946e-04
-1.247384e-01
-9.601108e-02
-1.593672e-01
-1.448197e-01
-1.660501e-01
-1.747851e-01
-1.277242e-02
-7.607228e-02
-1.386669e-01
-6.877460e-02
-7.950872e-02
-1.116977e-01
4.987381e-03
6.513944e-02
2.779566e-02
6.628086e-02
-6.286037e-02
8.014139e-02
8.179449e-02
3.408100e-02
1.614561e-02
-5.952533e-02
1.071009e-02
3.195509e-02
4.028187e-02
-9.375630e-02
-6.882784e-02
3.505114e-02
1.719714e-02
-1.270328e-01
-1.660707e-01
-6.522980e-02
5.696207e-03
2.558244e-02
3.500169e-02
8.822593e-02
1.510586e-01
9.627985e-02
-2.324567e-01
-1.426656e-01
-2.175929e-01
-1.839632e-01
-1.370397e-01
-1.117974e-01
6.767534e-02
1.413115e-01
-1.608996e-02
-1.324148e-01
-6.443559e-02
5.423431e-02
4.432916e-02
-7.173895e-02
-9.443113e-02
-2.097417e-02
3.740282e-02
-2.589296e-02
-8.337157e-02
2.072314e-02
8.102097e-02
-5.753779e-02
-9.492429e-02
-9.023140e-03
4.242203e-02
6.659235e-02
3.130732e-02
-4.811071e-02
9.178615e-02
1.055525e-01
1.168710e-01
5.373570e-02
-6.568620e-02
-8.172479e-03
-5.437054e-02
-5.330186e-02
3.286353e-02
-1.801591e-01
-8.263557e-02
-1.167454e-01
-1.160817e-01
-1.414609e-01
-3.384764e-02
-6.854396e-02
-1.106326e-01
-1.254936e-01
7.864048e-03
-5.686649e-02
3.399956e-03
-5.037978e-02
2.754220e-02
-2.690699e-02
-7.617060e-02
-8.112209e-02
-1.789897e-02
6.022694e-02
-3.012872e-02
1.142178e-02
-5.986036e-02
9.447350e-02
3.225790e-02
-1.696785e-01
-1.261954e-03
5.357462e-02
9.308516e-02
-1.408748e-01
-1.065816e-01
-6.062136e-02
7.797358e-02
4.639310e-02
-1.142128e-01
2.948739e-02
4.969938e-02
-5.941234e-02
-2.330077e-01
-2.464659e-01
5.652632e-02
6.007141e-02
-1.654587e-02
-5.678116e-02
-1.086204e-01
-7.852987e-02
3.879348e-02
1.193510e-01
3.056422e-04
-7.082374e-02
-1.934507e-01
-4.468862e-02
4.807690e-03
-1.192404e-01
8.925819e-02
1.467961e-01
-3.996458e-02
-2.074048e-01
-1.684535e-01
-3.306604e-02
7.706276e-02
7.107808e-02
2.040814e-02
-6.686825e-02
4.932719e-02
-3.365373e-02
5.863752e-02
1.190426e-01
4.692139e-02
-6.810645e-02
-2.427820e-04
-1.124396e-01
-4.360262e-02
-4.880039e-02
4.174469e-02
9.815606e-02
4.387085e-03
-4.353308e-02
6.950215e-02
-3.184897e-02
-6.177222e-02
-8.629496e-02
-2.931948e-02
1.851669e-02
-8.770079e-02
1.161172e-02
-8.620594e-02
2.805176e-02
-8.616043e-03
-3.132196e-04
1.928123e-02
2.108739e-02
2.848922e-02
-6.861579e-03
2.295248e-02
-8.260537e-02
-2.741006e-02
-6.576117e-03
2.166690e-02
-3.150450e-02
-6.070158e-02
-1.454574e-01
5.661630e-02
3.974994e-03
-1.533818e-01
-1.044837e-01
-3.519212e-02
4.378938e-02
-4.351833e-02
-1.417304e-01
-4.350217e-02
8.193908e-03
-1.584361e-02
-1.355633e-01
-6.846661e-02
1.237340e-01
4.056359e-02
3.408099e-02
-2.604557e-02
-9.586460e-02
5.200567e-02
9.453985e-02
1.234917e-03
-1.538177e-01
-8.566469e-03
-9.575252e-02
-7.934307e-02
-3.114387e-02
-9.547205e-02
1.369475e-01
7.271779e-03
-1.020337e-01
-2.190731e-01
-1.416795e-01
-1.729985e-03
-7.271034e-04
6.088433e-02
1.867597e-02
-3.404268e-02
1.665724e-02
1.035582e-02
-7.579799e-02
-6.457847e-02
-1.158530e-01
-2.011177e-02
-5.282595e-02
-8.166955e-02
-4.770070e-02
1.391486e-03
7.253230e-02
1.722666e-02
-1.113860e-01
3.603132e-02
3.932123e-02
-1.435216e-02
-1.141846e-01
-6.821234e-02
1.137181e-01
-6.709137e-02
-1.094936e-01
-8.213576e-02
4.167667e-03
1.033606e-02
2.800846e-02
1.165872e-01
-3.010342e-02
-1.091014e-03
-5.468621e-02
-3.056270e-02
1.870275e-01
-3.691402e-02
5.121808e-02
1.841818e-02
-7.025005e-02
-5.952042e-02
2.209460e-02
9.206408e-03
2.138573e-02
-1.047212e-01
-8.741714e-02
-5.147427e-02
4.174576e-02
8.654721e-04
-9.075632e-04
1.514805e-02
3.370749e-02
3.317845e-02
1.697957e-02
-9.417257e-02
-1.554898e-01
2.489916e-02
-6.214775e-02
-1.340242e-01
-8.746449e-02
-1.639177e-01
9.351336e-02
-2.160639e-02
-7.813249e-02
-4.773425e-02
-9.155452e-02
2.355556e-02
-5.577113e-02
-1.032814e-01
1.839463e-03
1.618423e-02
4.982934e-02
5.989006e-04
2.148998e-02
8.027029e-02
8.081485e-03
7.997277e-02
-3.737938e-03
5.000057e-04
-1.814372e-02
-6.479846e-02
-2.638313e-03
3.917579e-02
4.546021e-02
6.007928e-02
-8.062474e-02
-2.420836e-02
-6.614506e-04
-4.810270e-02
-3.447716e-03
9.083200e-02
4.030982e-03
-5.261537e-02
-3.735780e-02
1.068365e-01
1.494980e-01
-8.548645e-02
-1.206795e-01
-1.238256e-01
-6.790151e-02
-4.191384e-02
-4.785912e-02
-3.792037e-02
-6.997003e-02
-7.554883e-02
4.458087e-02
4.400751e-02
6.469278e-02
1.706108e-02
-7.592043e-02
-5.690461e-02
6.573641e-02
8.432139e-03
4.373119e-02
1.370586e-02
-6.488770e-02
2.457607e-02
3.415259e-02
8.602832e-02
4.250102e-02
4.834605e-02
-3.704671e-02
-7.874776e-02
3.223833e-03
8.676467e-03
9.350809e-02
-5.093406e-02
-1.529909e-02
-6.752908e-02
-1.151551e-01
-8.473182e-02
-3.288455e-02
-1.714651e-01
-1.237354e-01
-1.201334e-01
-5.007094e-02
-1.278518e-01
-6.184242e-02
-5.633133e-02
-1.472806e-01
-2.277892e-01
-2.837344e-02
-5.420555e-02
1.689913e-02
3.791281e-02
-7.260326e-02
8.065034e-02
1.724659e-02
4.100830e-02
-1.042522e-02
-1.565537e-02
2.367763e-02
-3.262779e-02
-1.791399e-03
4.482327e-02
6.808965e-02
5.854923e-03
3.805449e-03
-4.209311e-02
-7.985365e-02
-1.158176e-01
-2.936582e-02
-6.344400e-02
-6.259274e-02
4.367775e-02
7.188712e-02
-1.147975e-02
1.916892e-02
5.649795e-02
-1.962589e-02
6.060997e-02
-3.490160e-02
-2.793888e-02
-6.415512e-02
-1.259617e-01
-1.848426e-01
3.272327e-02
-8.447374e-02
-4.723734e-02
-3.169952e-02
3.632208e-02
-1.981823e-02
-2.574158e-02
-3.264075e-02
-5.824683e-02
-1.410448e-01
-2.510530e-02
6.129112e-02
4.627809e-02
-1.933370e-01
-1.560845e-01
-2.066334e-02
3.690691e-02
-5.308873e-03
-2.163569e-01
-1.872911e-01
-5.985147e-02
-7.855549e-02
-1.006163e-01
-1.234202e-01
-4.763258e-03
-6.863804e-02
3.773878e-02
4.256861e-02
1.866399e-02
1.363301e-02
1.949130e-02
3.589980e-02
-1.289202e-01
-2.561378e-02
1.114271e-01
1.369763e-01
-3.353224e-04
-5.812784e-03
-3.262027e-02
9.497134e-03
2.375080e-02
1.005484e-02
-6.833952e-02
-1.071927e-01
-1.584211e-01
1.714260e-01
9.176783e-02
2.716527e-02
4.526876e-02
9.876960e-02
-1.929174e-02
8.186015e-02
3.097031e-02
2.535631e-02
9.341262e-03
7.230604e-02
7.050980e-02
1.095126e-01
7.201355e-02
-8.634836e-02
7.539305e-02
4.235892e-02
7.459957e-02
-7.125279e-02
-1.207858e-01
9.441242e-03
-4.010102e-02
-1.127435e-01
-8.289830e-02
3.615442e-03
-4.132860e-02
-1.397546e-02
-8.496949e-02
5.028374e-03
6.332218e-02
-2.693886e-02
-6.645221e-02
-4.037233e-02
-1.600968e-02
1.420246e-02
9.877386e-03
-1.136886e-03
3.564408e-02
-3.792784e-02
-5.628162e-02
1.085222e-02
5.525720e-02
4.951571e-02
-8.321621e-02
-1.872535e-01
2.009085e-02
4.040637e-02
-6.205975e-03
-4.051440e-02
-9.221404e-02
5.453780e-02
-4.130572e-02
-3.732647e-02
-9.182833e-02
3.503187e-02
4.879045e-02
-5.607881e-02
-8.781721e-02
-9.535459e-02
5.970673e-02
7.837092e-04
-1.361964e-01
-2.691009e-01
-5.543038e-02
6.953751e-02
-9.289604e-02
-1.436626e-01
-1.148972e-01
-4.534422e-02
5.262789e-02
-2.216253e-01
-1.467170e-01
-8.325699e-02
-8.590560e-02
-2.909617e-02
-4.900092e-02
2.599575e-02
2.300933e-02
2.864162e-03
2.518693e-02
-5.235158e-02
-7.327412e-02
5.614748e-02
7.516171e-02
1.293436e-02
1.089615e-02
9.673939e-04
5.364081e-02
4.252920e-02
-5.830368e-02
4.966615e-02
2.188157e-02
2.221294e-02
-1.682777e-01
-4.052313e-02
-1.801549e-03
4.714497e-02
-6.550355e-02
-1.493454e-01
-1.991891e-02
5.080136e-02
6.373924e-02
-5.619922e-02
-1.338786e-02
2.094727e-02
-3.760153e-02
-2.031430e-02
-2.257653e-02
-6.974597e-02
2.628300e-02
4.299559e-02
2.797592e-02
1.049823e-02
-3.090934e-02
1.576570e-02
1.045198e-01
1.107408e-01
-2.066714e-01
6.305968e-02
1.864712e-02
9.987829e-02
-4.757990e-02
-2.181719e-01
1.183164e-01
-3.870462e-03
9.931826e-02
-1.486639e-01
-1.028997e-01
7.603543e-02
-1.352841e-03
4.370467e-02
-9.513585e-04
-1.920175e-01
-6.430084e-02
9.329096e-02
1.249837e-01
-1.574759e-01
-4.935698e-02
5.987061e-02
7.217509e-02
-6.694403e-02
-1.531797e-01
5.311181e-02
-3.424831e-03
-8.485731e-02
-3.360988e-02
-2.954098e-02
-7.825924e-02
-1.807518e-01
5.307400e-02
1.104577e-03
-4.152076e-02
-5.545147e-02
-1.495843e-02
1.232604e-01
3.861141e-02
3.106770e-02
3.102775e-02
-3.517077e-02
-6.527463e-02
3.745474e-02
6.062968e-02
7.093211e-03
-1.718812e-01
-8.089503e-03
-2.580409e-02
-1.504146e-02
-1.160376e-01
-2.045607e-01
9.996967e-02
2.176375e-04
-5.177293e-02
-1.895087e-01
-1.028027e-01
2.313874e-02
-8.324490e-02
-7.017970e-02
-1.028441e-03
1.232478e-01
9.566844e-02
4.121501e-02
7.406080e-03
-1.388273e-02
1.822038e-02
-5.353521e-02
5.437539e-02
7.750639e-02
-5.236644e-02
-1.004683e-01
-7.331920e-02
4.697304e-02
3.741963e-02
-1.798957e-01
-3.414365e-02
-7.468316e-03
3.819824e-02
2.566603e-02
-2.234258e-01
-1.676856e-02
-3.128552e-02
1.348707e-03
-4.319512e-02
-1.007265e-01
6.724338e-02
-5.047759e-02
-8.184905e-02
-7.899226e-02
-4.103809e-02
3.117889e-02
1.032245e-01
-1.286899e-01
-6.104789e-02
7.772140e-02
8.896159e-02
-5.586690e-02
-1.674804e-01
-7.287317e-02
-1.086216e-02
-4.869900e-02
7.659275e-04
-7.083425e-02
-3.652228e-02
-3.983660e-02
-5.715434e-02
1.413552e-01
-4.442270e-02
-8.596824e-02
-1.358688e-01
-6.736512e-02
2.288624e-02
2.927171e-02
5.036252e-03
-1.219733e-02
-1.397795e-01
-1.486541e-01
8.808547e-02
2.303599e-02
-5.224119e-02
-9.351106e-02
-2.973096e-02
1.184417e-01
6.390914e-02
-9.441809e-02
4.102446e-02
9.920717e-02
1.316230e-01
-8.578480e-02
-1.177835e-01
8.661144e-02
-7.091069e-02
7.998476e-02
-1.028178e-01
-1.774890e-02
8.372679e-02
-2.574355e-02
8.327064e-02
9.895089e-03
1.513571e-02
-3.817547e-02
-4.592653e-02
5.407237e-02
2.810540e-02
-1.388208e-02
-6.276520e-02
2.786777e-02
9.830464e-03
-1.674566e-02
9.362721e-02
-2.646584e-02
-3.680002e-02
-1.988021e-02
-6.540409e-02
1.694707e-02
8.006990e-02
-2.747853e-02
-8.530469e-03
-7.286537e-02
-2.189631e-04
5.117872e-02
1.125947e-02
-1.392081e-02
-8.619617e-02
-1.236415e-01
-4.598383e-02
3.464541e-02
-2.370308e-02
-2.342258e-01
-2.476891e-01
-4.756672e-02
-5.928901e-02
-1.413025e-02
-1.517463e-01
-1.662857e-01
-4.061896e-02
4.749833e-02
6.781635e-02
8.783474e-03
-7.740620e-03
-2.657683e-05
1.145176e-01
-2.869462e-03
-2.677414e-03
6.532944e-02
6.993394e-02
-2.139513e-02
3.125405e-02
-2.025191e-02
8.208507e-02
7.747420e-02
8.774937e-02
-3.591470e-02
-6.915094e-02
-7.323617e-02
-8.505253e-02
-3.520539e-02
2.245470e-02
-9.391612e-02
-2.422001e-01
-8.457968e-02
6.874835e-02
-4.544968e-03
-9.540224e-02
-1.309106e-01
4.430015e-03
8.351845e-02
-7.910462e-02
-7.788693e-02
-5.973928e-02
-7.245221e-02
4.731625e-02
4.875362e-02
8.783913e-02
5.946141e-02
-2.326841e-02
7.910393e-03
-1.247102e-02
2.638052e-02
6.451032e-02
1.544505e-02
1.226662e-02
1.190735e-02
2.339903e-02
2.681996e-02
4.560711e-02
1.451717e-02
-2.461534e-03
-6.350240e-02
-2.387355e-03
2.687682e-02
-6.799443e-02
-7.306762e-02
-1.081533e-01
5.118256e-03
6.493795e-02
-3.091063e-02
-1.415035e-02
-1.605188e-01
-1.296379e-01
-2.934526e-02
-6.192755e-02
-1.135376e-01
-7.977373e-02
-2.275901e-01
-7.630739e-02
-3.466502e-02
-1.174596e-01
-4.383062e-02
-6.032395e-02
-3.290108e-02
-2.236320e-02
-2.135893e-02
7.051709e-02
3.325520e-02
7.420380e-02
-5.076008e-03
5.631576e-02
-1.775583e-02
-1.431666e-02
5.988710e-02
-6.050460e-02
-3.458834e-02
-7.244330e-02
1.606265e-03
3.043849e-02
-1.259996e-02
-2.631864e-02
-5.298976e-02
-5.196581e-02
-1.056495e-01
-4.664368e-02
4.711157e-02
-9.333161e-02
-1.040743e-01
-9.375983e-02
-8.903047e-02
-1.835143e-02
-5.548498e-02
8.590510e-03
-8.958313e-02
-1.678494e-01
-3.825189e-02
-4.122622e-03
3.773177e-02
3.591612e-02
-6.213361e-03
-2.616336e-03
-2.911797e-02
4.359103e-03
4.188825e-02
3.472200e-02
-5.026327e-02
-7.690601e-02
-4.835943e-02
2.260040e-02
5.508220e-02
7.551739e-02
-9.979103e-02
-2.434819e-02
8.644348e-03
-5.895578e-03
1.365017e-01
-4.304767e-02
-6.693220e-02
-3.378623e-02
1.190094e-02
1.189147e-01
1.903760e-03
-5.488700e-02
-1.644978e-02
-5.487145e-02
1.391926e-01
-6.304251e-03
-8.488406e-02
-8.672091e-02
1.465350e-03
4.697068e-02
-1.143815e-01
-9.564636e-02
-1.000343e-01
-1.777226e-02
-1.172277e-01
-1.465388e-01
-5.865900e-02
-8.187038e-02
7.492627e-02
-1.141905e-01
-9.844025e-02
-4.123137e-02
1.762935e-02
8.480650e-02
-1.497799e-01
-1.055041e-01
-1.410648e-01
1.814664e-02
7.644320e-02
4.062825e-02
3.729543e-02
-4.635113e-03
-1.018984e-01
-4.238493e-02
7.976636e-02
2.857741e-02
-1.282074e-01
-1.622100e-01
-3.669276e-02
6.320245e-02
-5.999546e-02
-1.659558e-01
-1.315403e-01
-5.119815e-02
3.571383e-02
-5.982400e-02
-3.504089e-02
-6.573394e-02
-5.232770e-03
4.852200e-02
-8.440539e-03
4.527106e-02
1.080595e-01
5.280156e-02
2.334174e-02
-1.695859e-02
-2.828973e-03
1.564110e-03
4.779753e-04
6.361634e-02
-1.768579e-02
-1.653793e-02
-5.869097e-02
-3.885326e-02
3.664181e-02
-8.308864e-02
-1.319588e-01
-6.149684e-02
-6.943780e-02
3.929288e-02
-8.126027e-02
-1.111251e-01
-1.123564e-02
1.087614e-02
1.048609e-01
3.531012e-03
2.041639e-02
7.434805e-02
4.017778e-02
1.309830e-01
-1.274754e-02
3.672049e-02
-1.151719e-02
2.929582e-02
3.228157e-02
-1.010972e-01
-5.570127e-02
-3.318765e-03
3.261025e-02
-8.709801e-02
-5.889511e-02
-1.186038e-01
-1.765575e-01
-4.380912e-02
-4.996153e-02
-1.091970e-01
-8.874472e-02
-1.045814e-01
-1.986591e-01
-1.005462e-01
-2.247962e-01
-2.953550e-01
-1.120583e-01
-2.789436e-02
8.841230e-02
3.506508e-02
-5.562885e-02
-2.121487e-01
-1.132476e-01
2.618191e-02
-3.010019e-02
-1.021397e-01
-7.712602e-02
-7.489683e-02
-4.798193e-02
-1.536987e-01
-7.053956e-02
-9.325159e-02
-5.777138e-02
-1.437162e-01
-1.643577e-01
-1.039944e-01
-2.284061e-02
8.661611e-02
-5.601540e-02
-1.322550e-01
4.809646e-02
7.280370e-02
4.891818e-02
