-0.00152427
-0.00030781
0.00056038
0.00066607
0.00073919
0.00061152
0.00019335
-0.00086680
-0.00122746
-0.00175308
-0.00043831
-0.00156438
-0.00057066
0.00056437
-0.00074427
-0.00188105
-0.00155634
0.00103732
0.00015680
-0.00167890
-0.00068559
0.00031701
0.00271026
0.00080041
0.00044954
-0.00082254
-0.00061416
-0.00197946
-0.00044721
-0.00118296
0.00012479
-0.00049989
0.00014509
0.00115587
0.00108997
-0.00062282
-0.00008738
-0.00044081
-0.00045696
-0.00002040
0.00096911
-0.00033198
0.00027217
0.00073722
-0.00103354
-0.00125038
0.00016442
-0.00087982
-0.00097638
-0.00173411
0.00059455
0.00079962
0.00036532
0.00135766
0.00249042
-0.00031947
0.00048769
0.00000459
0.00055042
0.00090321
-0.00020484
-0.00092871
-0.00039690
-0.00125373
0.00002224
-0.00022386
0.00024479
0.00118493
-0.00094693
0.00070560
0.00135555
0.00011122
0.00113704
0.00016672
0.00077081
0.00196942
-0.00059483
0.00046731
0.00154058
-0.00006809
0.00049262
0.00077851
0.00128527
0.00028176
0.00172733
-0.00013532
0.00107424
-0.00103088
-0.00033608
-0.00009138
-0.00011591
-0.00024516
0.00044937
-0.00085455
0.00081104
0.00016090
-0.00189350
-0.00000340
0.00190297
0.00019460
0.00067704
0.00079835
0.00005706
-0.00140995
-0.00238561
-0.00163329
-0.00008791
0.00002092
0.00009685
0.00157375
0.00121882
0.00143996
0.00249043
0.00043253
0.00178174
0.00175865
-0.00045833
0.00112544
0.00017372
-0.00237958
-0.00278121
-0.00126931
-0.00076647
-0.00075138
0.00108874
0.00015458
0.00024926
0.00034014
-0.00040737
0.00058554
0.00035921
0.00076322
0.00142115
-0.00144047
0.00067207
-0.00203699
-0.00198065
-0.00185770
-0.00104011
0.00022013
-0.00016678
0.00093206
0.00195711
-0.00076447
0.00217986
0.00033685
0.00216340
0.00171289
0.00058970
0.00115016
-0.00112676
-0.00304636
-0.00182447
-0.00099403
0.00022717
0.00100132
-0.00115095
-0.00002187
0.00227491
0.00246368
0.00066291
0.00040193
0.00128372
0.00117790
0.00091024
-0.00005412
0.00019729
-0.00234152
-0.00123024
-0.00216407
-0.00056921
0.00002480
0.00033175
-0.00079907
-0.00022862
0.00153507
-0.00030162
-0.00079730
0.00094501
0.00074748
0.00090459
0.00032720
-0.00028357
0.00032693
-0.00044266
-0.00219759
-0.00000755
0.00076876
0.00104403
-0.00056629
-0.00062990
-0.00120948
0.00045050
-0.00053172
0.00030838
0.00038309
0.00085892
0.00162909
0.00005324
-0.00113409
-0.00061389
0.00107764
-0.00070575
-0.00097683
0.00021166
-0.00057644
-0.00016800
-0.00046506
0.00061198
-0.00145052
-0.00032831
-0.00143689
0.00162367
0.00225462
-0.00037172
-0.00133962
0.00051123
0.00011765
-0.00019013
0.00085184
0.00013075
-0.00008066
-0.00036540
-0.00183502
0.00032226
-0.00055162
0.00041292
-0.00192167
0.00076311
0.00029568
0.00123602
0.00055320
0.00088699
0.00035909
0.00078704
0.00114364
-0.00085953
0.00068096
-0.00011274
0.00022861
0.00091228
-0.00069690
-0.00138091
0.00085424
-0.00026069
-0.00090896
-0.00109114
0.00337195
0.00067159
0.00113466
-0.00107694
-0.00145923
-0.00097855
-0.00003972
-0.00161766
-0.00000099
-0.00024057
-0.00042909
-0.00034541
0.00060654
-0.00132901
0.00023376
0.00042730
0.00028271
0.00007959
-0.00089045
-0.00257994
-0.00117990
-0.00249004
-0.00066240
-0.00051464
-0.00080696
-0.00097643
0.00037217
0.00065899
0.00091061
-0.00144140
0.00030085
-0.00047139
0.00020962
0.00211093
-0.00365981
-0.00008655
-0.00003176
0.00024801
-0.00110077
0.00011961
-0.00016133
0.00072354
-0.00022055
-0.00017553
-0.00190402
-0.00137374
-0.00188877
-0.00117117
0.00382612
0.00031102
-0.00020648
0.00022859
0.00035322
-0.00177295
-0.00024205
0.00054971
-0.00007312
-0.00015881
0.00101739
-0.00039853
0.00044246
-0.00253130
-0.00057749
0.00088780
0.00111982
0.00215303
-0.00016141
-0.00229158
0.00025033
-0.00030814
0.00016597
0.00100366
0.00063910
-0.00117310
0.00105593
0.00040022
-0.00027826
-0.00168748
-0.00033868
-0.00110480
0.00115377
0.00293202
-0.00045539
-0.00052333
-0.00068088
-0.00008816
-0.00069833
0.00013435
0.00130812
-0.00039189
0.00015679
0.00197594
0.00037447
-0.00060905
-0.00069876
0.00041043
0.00195862
0.00005061
-0.00098248
-0.00088557
0.00065599
-0.00092447
-0.00055288
0.00036621
-0.00061885
0.00053925
0.00030673
-0.00025820
-0.00115864
-0.00222355
0.00158347
-0.00111715
-0.00003387
-0.00063324
0.00139921
-0.00029895
-0.00180355
0.00029276
-0.00067604
-0.00098857
0.00135959
0.00055898
0.00003794
0.00042341
0.00052004
-0.00186387
0.00018059
0.00083483
-0.00113682
0.00221282
-0.00006286
-0.00057197
-0.00076976
0.00012041
0.00091526
-0.00071602
0.00049454
0.00093140
-0.00015718
-0.00064818
0.00003147
0.00004059
-0.00205337
0.00065203
0.00116111
-0.00010340
-0.00120498
-0.00073851
-0.00121629
0.00050635
0.00062566
-0.00064530
-0.00095776
-0.00063513
0.00078655
-0.00103396
0.00018771
-0.00102287
0.00026013
0.00082046
0.00070138
0.00195551
-0.00013529
-0.00046392
-0.00316091
0.00009456
-0.00094158
0.00018221
-0.00176662
0.00000620
-0.00062793
0.00155866
-0.00111302
0.00096894
0.00051650
0.00036240
0.00031064
-0.00028565
-0.00090134
-0.00208659
-0.00085874
-0.00031173
0.00017346
-0.00049832
0.00022783
-0.00086207
-0.00009525
0.00005328
0.00056685
-0.00086375
-0.00143400
-0.00037376
0.00062431
-0.00098848
0.00058113
-0.00063558
0.00078413
-0.00135526
-0.00099641
0.00061222
-0.00072067
-0.00016177
0.00094383
0.00028523
0.00013842
-0.00050363
-0.00002472
0.00005482
0.00318486
0.00192803
-0.00112060
-0.00154895
0.00055358
0.00031082
-0.00194856
-0.00026586
-0.00092724
0.00077417
-0.00131028
-0.00034511
-0.00006522
-0.00178941
-0.00137984
-0.00000712
0.00102794
0.00029998
0.00020979
-0.00113083
-0.00003324
0.00061765
-0.00011463
-0.00028445
0.00171070
-0.00086830
-0.00009737
0.00070953
-0.00180088
-0.00012309
-0.00100836
-0.00045263
0.00046988
0.00030162
-0.00025377
-0.00082326
-0.00024087
-0.00091207
-0.00027997
-0.00013698
-0.00089955
0.00047344
0.00036653
0.00027291
0.00187202
-0.00196870
0.00076824
0.00034268
0.00073566
0.00158312
0.00039900
0.00226769
-0.00138567
0.00066480
0.00090160
-0.00019489
0.00110402
-0.00085393
-0.00093140
0.00290662
0.00025639
-0.00097707
0.00058085
0.00164074
0.00040881
-0.00051702
-0.00054937
-0.00087438
-0.00034005
-0.00077074
0.00055045
-0.00112222
-0.00020355
-0.00091584
0.00223051
0.00004086
-0.00005064
-0.00002057
0.00206361
0.00069030
0.00236153
0.00094259
0.00007989
-0.00226987
0.00086354
-0.00140342
0.00065545
-0.00099877
-0.00033458
-0.00058940
0.00006655
0.00075674
0.00113411
0.00036575
-0.00018744
-0.00098438
-0.00123632
-0.00075754
0.00054811
-0.00008883
-0.00067047
0.00008740
-0.00038429
0.00088363
0.00001529
0.00073577
-0.00105125
0.00065822
0.00017985
0.00111360
0.00013383
0.00120490
-0.00072943
-0.00046404
0.00137756
0.00044153
0.00017667
-0.00214223
0.00023502
0.00151525
0.00094470
-0.00045298
-0.00030575
0.00120346
-0.00121068
0.00098700
-0.00002854
0.00058480
-0.00049860
0.00120528
-0.00046976
0.00003008
0.00056847
-0.00037539
-0.00015668
-0.00157282
-0.00223504
0.00111135
0.00020802
-0.00161936
0.00018571
0.00008648
-0.00240294
-0.00032093
-0.00101316
-0.00013492
0.00003640
0.00049931
0.00103943
0.00013480
0.00053802
0.00093586
-0.00155943
-0.00151416
-0.00137875
-0.00020853
-0.00198868
-0.00138198
-0.00095848
-0.00029629
-0.00128134
-0.00125139
-0.00106731
-0.00204528
-0.00023937
-0.00065275
-0.00156964
-0.00067756
-0.00019135
-0.00173199
-0.00284234
-0.00170065
-0.00199246
-0.00124387
-0.00049496
-0.00174407
-0.00149382
-0.00097162
-0.00027785
-0.00096793
0.00068201
0.00131430
-0.00114980
0.00098955
0.00097489
0.00137407
0.00018155
-0.00131371
0.00041080
-0.00157204
0.00115834
-0.00049033
0.00065142
0.00075725
0.00103929
0.00040949
-0.00064570
-0.00159550
0.00033476
0.00022205
-0.00062600
0.00187536
0.00168909
0.00129917
0.00290685
0.00047969
0.00003895
0.00122733
0.00070472
0.00059455
0.00025400
-0.00027479
-0.00025991
-0.00006135
-0.00253528
0.00175203
-0.00068663
0.00015160
0.00119940
0.00035771
0.00177216
0.00090174
0.00231537
0.00091112
0.00091371
0.00137955
0.00058395
0.00170144
0.00010687
-0.00035886
0.00051788
-0.00076529
-0.00108352
0.00093104
0.00068778
0.00247009
0.00220081
0.00312954
0.00084902
0.00265171
0.00019293
-0.00058452
-0.00011799
-0.00037944
0.00070630
0.00057077
0.00012010
0.00067139
0.00089359
0.00253558
0.00189290
0.00226211
0.00088988
0.00158291
0.00053201
0.00158521
-0.00087152
0.00014688
0.00016034
-0.00069672
0.00046338
-0.00020595
0.00015110
0.00078307
0.00026643
0.00156346
0.00059296
0.00123344
0.00109197
0.00166257
0.00058782
0.00045398
-0.00185819
0.00094828
-0.00098952
0.00071728
-0.00050703
0.00063679
0.00016176
0.00068772
0.00153658
0.00035872
0.00130518
0.00116396
0.00151836
0.00080302
-0.00115768
0.00101519
-0.00127645
-0.00003028
-0.00130808
-0.00026737
0.00127542
0.00215666
0.00074726
0.00149902
0.00048964
0.00159102
0.00096467
0.00063068
0.00060823
0.00040448
0.00030788
0.00018291
-0.00263803
-0.00137080
-0.00221313
-0.00003895
0.00011510
-0.00016457
-0.00040855
-0.00128558
0.00022612
0.00068221
0.00105311
0.00237777
-0.00044178
-0.00014250
0.00042048
-0.00078718
0.00135522
0.00065970
0.00051432
0.00000128
0.00029471
-0.00094204
-0.00051247
-0.00212606
0.00027944
0.00092344
0.00025967
-0.00050417
0.00082771
-0.00046435
0.00099594
0.00036909
0.00091179
-0.00065222
0.00023230
-0.00027253
0.00135436
0.00017424
0.00128671
-0.00081281
0.00005392
0.00110266
-0.00084825
-0.00108383
-0.00028559
-0.00019426
-0.00073594
0.00069139
-0.00020384
0.00120989
0.00093863
0.00087897
0.00132479
-0.00057820
-0.00208770
0.00152847
-0.00047904
0.00046382
0.00113136
-0.00182676
-0.00051502
-0.00060097
0.00023509
0.00031057
-0.00176704
-0.00081949
0.00140787
0.00053581
0.00172172
0.00052051
-0.00025629
0.00135789
0.00086155
0.00007425
-0.00093536
-0.00045321
-0.00181312
-0.00234241
-0.00200093
-0.00128762
-0.00044090
-0.00167878
0.00139894
0.00082800
0.00101297
0.00201237
0.00015848
0.00082792
-0.00033234
0.00092281
-0.00024502
0.00035969
-0.00187421
-0.00192010
-0.00107957
-0.00011594
0.00045483
0.00232311
0.00127684
0.00042670
0.00150468
0.00006374
0.00188769
0.00133154
0.00025366
-0.00018317
-0.00231788
0.00023910
-0.00091401
0.00147810
-0.00070885
0.00068801
0.00061062
-0.00077665
0.00022296
0.00159405
0.00012120
-0.00061858
0.00121277
-0.00007056
0.00123073
-0.00025377
-0.00134563
-0.00127427
-0.00109967
-0.00066122
-0.00110067
-0.00037972
0.00076086
0.00251992
0.00108273
-0.00008529
0.00198529
0.00004154
0.00048690
-0.00064585
-0.00132122
0.00255772
0.00039718
-0.00099117
-0.00147086
-0.00131411
0.00079903
0.00073016
-0.00054549
0.00041933
-0.00053065
0.00084610
0.00080759
-0.00081256
0.00036113
-0.00096640
-0.00133973
0.00114520
0.00042883
-0.00115495
-0.00080732
-0.00157693
-0.00215411
-0.00022233
-0.00131344
-0.00181762
0.00042429
0.00137624
0.00015149
0.00046358
0.00263270
-0.00021239
-0.00014656
-0.00017787
-0.00214708
-0.00092922
-0.00065161
-0.00063223
-0.00182904
-0.00156511
0.00089015
-0.00253451
0.00037168
-0.00049663
0.00015806
0.00157161
0.00087005
0.00049796
0.00102278
0.00082978
0.00099480
-0.00000260
-0.00002488
-0.00092133
-0.00131010
-0.00162771
-0.00154042
0.00030614
-0.00238216
0.00024864
-0.00113331
0.00091047
0.00015431
0.00031679
-0.00002934
-0.00232953
-0.00003943
-0.00003622
-0.00003475
-0.00093327
-0.00098621
-0.00037422
-0.00042329
-0.00133041
0.00050544
0.00092094
0.00047061
-0.00025280
0.00068056
-0.00079534
-0.00070082
0.00043743
0.00157680
-0.00090379
0.00110914
0.00046019
0.00175430
0.00082936
-0.00092339
-0.00152641
0.00101822
0.00106408
0.00074129
0.00161248
0.00085469
-0.00038046
-0.00093330
0.00007744
0.00166552
0.00100975
-0.00114158
0.00181095
0.00239643
0.00064283
-0.00150192
-0.00097286
0.00007138
0.00029929
0.00095902
-0.00049837
0.00093761
-0.00149535
-0.00198090
0.00053852
0.00130849
0.00091726
0.00133125
0.00009521
-0.00043549
0.00122799
-0.00003643
-0.00022794
-0.00113821
-0.00080836
-0.00096178
0.00035510
0.00115586
-0.00086487
-0.00098076
0.00148217
0.00044591
0.00014409
-0.00154634
0.00009791
-0.00015428
-0.00054339
-0.00178370
-0.00159954
-0.00110361
-0.00067529
0.00061439
0.00077773
0.00031337
-0.00121601
-0.00054761
-0.00148398
-0.00035862
0.00174358
0.00104973
-0.00002938
-0.00113390
-0.00277750
-0.00238671
-0.00219906
-0.00172157
-0.00224979
0.00038946
-0.00037696
0.00114419
-0.00095643
-0.00107640
-0.00092074
0.00085513
-0.00122503
-0.00016436
-0.00064906
0.00005649
-0.00256135
-0.00124093
-0.00068877
-0.00013290
0.00014899
0.00061523
-0.00086123
0.00164531
-0.00055137
-0.00026085
-0.00203306
0.00277704
-0.00083690
0.00023734
0.00096506
0.00009625
-0.00029153
-0.00144978
-0.00231569
0.00017721
0.00183503
-0.00077647
-0.00070813
0.00024728
-0.00032572
0.00133265
0.00024476
0.00025890
0.00017195
-0.00022557
0.00043207
0.00118989
0.00096954
-0.00193201
0.00079603
0.00000507
-0.00048775
0.00078043
0.00033296
-0.00042236
-0.00029394
0.00011637
-0.00153828
0.00097451
0.00011415
0.00016359
0.00142550
-0.00033628
0.00049330
-0.00073785
0.00157815
-0.00016765
0.00073513
-0.00092287
0.00108800
-0.00091362
0.00019895
-0.00153388
0.00103084
-0.00007798
0.00048631
0.00144109
0.00234569
0.00019014
0.00012465
0.00095619
0.00041531
0.00079909
0.00014780
-0.00019820
0.00102411
-0.00101265
0.00065258
-0.00113192
-0.00043005
0.00173060
0.00191981
0.00173332
0.00143429
0.00223657
0.00009923
0.00194975
0.00012978
0.00164916
0.00143339
0.00093305
0.00046011
-0.00013323
0.00033256
0.00054482
-0.00150171
0.00027710
0.00143578
0.00157846
-0.00055827
0.00045801
-0.00026646
0.00216443
0.00158104
0.00081138
0.00267530
0.00165275
0.00156520
0.00067462
-0.00019919
-0.00006429
0.00075039
-0.00040827
0.00179010
0.00023160
0.00031172
0.00113849
0.00052603
0.00027999
0.00166613
0.00194053
0.00165053
0.00135577
-0.00177785
-0.00023984
-0.00131668
0.00085769
0.00062435
-0.00037185
-0.00063656
0.00214997
0.00078552
-0.00028771
0.00041186
0.00114360
0.00164273
0.00059313
-0.00058549
-0.00011525
-0.00040611
-0.00009229
-0.00042337
-0.00092349
-0.00033514
-0.00125053
0.00103398
-0.00032259
0.00023890
-0.00032319
0.00038413
0.00019302
0.00169133
0.00200160
-0.00140645
-0.00084258
0.00018177
0.00084952
0.00083863
0.00002854
-0.00225923
-0.00065635
-0.00039276
-0.00123169
-0.00080247
-0.00178520
0.00077342
0.00166916
-0.00024992
0.00036993
-0.00059074
-0.00114369
-0.00171784
-0.00150633
0.00002913
-0.00046067
-0.00286754
0.00057655
-0.00149977
0.00196227
-0.00185433
-0.00039270
-0.00136962
-0.00059414
0.00062094
-0.00065941
0.00005993
-0.00123895
-0.00010374
-0.00108659
-0.00009113
0.00018845
0.00144923
0.00052464
-0.00041009
-0.00192745
-0.00000554
-0.00178153
-0.00089665
-0.00145595
-0.00034491
-0.00098850
0.00025643
0.00011747
-0.00107045
0.00118438
-0.00112498
0.00029787
-0.00025186
0.00272325
-0.00148600
0.00080652
0.00079346
-0.00069151
-0.00028257
-0.00037652
0.00018130
-0.00124234
0.00134039
0.00161417
0.00035512
0.00119321
-0.00051898
0.00015361
-0.00028913
-0.00061496
-0.00124389
0.00024134
-0.00175611
0.00119432
-0.00203746
-0.00156414
-0.00170908
-0.00132310
-0.00024175
0.00253141
0.00111970
0.00172685
-0.00028437
0.00038074
-0.00188069
0.00059813
0.00028300
0.00019393
-0.00037757
0.00028305
-0.00030478
0.00049556
-0.00027652
0.00001711
0.00225731
0.00121151
0.00138942
0.00164439
0.00002738
0.00104804
-0.00085964
0.00035602
-0.00062674
0.00027982
-0.00241247
0.00008981
-0.00146926
0.00148853
0.00002764
0.00054020
0.00081507
-0.00017477
0.00090763
-0.00016776
0.00127302
0.00080307
0.00000557
0.00150190
0.00036445
-0.00123555
0.00232418
0.00055226
0.00302401
0.00023683
-0.00066075
-0.00050384
-0.00155711
-0.00131165
-0.00015746
0.00083494
0.00045930
-0.00164972
-0.00153391
0.00011872
0.00053820
-0.00009259
0.00050329
-0.00067896
0.00120752
0.00086523
0.00107141
-0.00078865
-0.00040033
-0.00143121
-0.00063291
-0.00106370
-0.00253277
0.00213651
0.00167555
0.00360828
0.00019051
0.00105007
0.00154639
0.00130793
-0.00033670
0.00232027
0.00150875
-0.00128694
-0.00081281
-0.00219889
0.00019008
-0.00227709
-0.00028287
0.00000086
-0.00003787
-0.00017073
0.00043358
0.00039805
0.00126088
0.00173313
0.00032860
0.00061348
0.00011956
-0.00012282
-0.00023122
-0.00135748
-0.00076985
-0.00139899
-0.00168958
-0.00267019
0.00026814
0.00056701
-0.00026918
-0.00001891
0.00103286
-0.00064288
-0.00058883
0.00016043
0.00026067
-0.00115277
-0.00090499
-0.00020130
-0.00069831
-0.00073223
0.00086118
-0.00078447
-0.00025319
-0.00023277
-0.00074775
-0.00075531
-0.00246120
0.00096910
0.00060031
-0.00171255
0.00052482
-0.00000066
0.00051613
0.00064625
0.00021182
-0.00003467
-0.00015843
0.00081854
-0.00005102
0.00084041
0.00113706
-0.00041508
-0.00091031
-0.00112475
-0.00123733
0.00098953
0.00202805
-0.00013589
0.00003372
-0.00103968
0.00085391
0.00187716
-0.00095267
0.00207189
-0.00062631
-0.00133107
-0.00138506
0.00000276
-0.00111149
-0.00026641
-0.00328411
-0.00127805
-0.00168817
-0.00047576
0.00051153
-0.00064771
0.00054184
0.00026374
0.00057205
-0.00019485
0.00039424
0.00045605
0.00063565
0.00078369
-0.00109859
-0.00025731
-0.00002051
-0.00122692
-0.00023057
-0.00021134
0.00067250
0.00064296
0.00134930
0.00049649
0.00075295
-0.00019139
0.00013820
-0.00033957
0.00092237
0.00173950
-0.00083562
0.00020700
0.00056893
-0.00119259
-0.00150815
0.00091246
0.00130464
0.00114539
0.00053547
-0.00016319
0.00099458
-0.00091058
0.00034971
-0.00083376
-0.00158488
0.00047968
0.00182437
0.00009338
0.00064726
-0.00161312
0.00079084
0.00110700
0.00029163
0.00152232
0.00145546
0.00211089
-0.00045661
0.00188054
-0.00084192
0.00092352
0.00014366
-0.00017880
-0.00052816
0.00092036
-0.00010381
0.00211988
-0.00018527
-0.00028190
0.00040586
0.00152961
-0.00055083
0.00111095
-0.00007165
-0.00150996
-0.00050284
0.00010715
0.00008326
0.00119384
0.00022676
0.00249979
-0.00094499
0.00066237
-0.00205779
0.00061970
0.00045723
-0.00020301
0.00123325
0.00001376
0.00107349
-0.00017084
0.00157628
-0.00066400
0.00077467
-0.00042405
-0.00218781
0.00125260
-0.00139292
-0.00085032
-0.00066312
-0.00038621
0.00139140
-0.00155776
-0.00075238
-0.00064158
-0.00013933
-0.00121799
-0.00019095
-0.00005616
0.00028947
0.00000575
-0.00114266
-0.00192886
-0.00123833
-0.00150251
-0.00209365
-0.00057607
0.00051512
-0.00047391
-0.00113314
-0.00041807
-0.00013944
0.00219044
-0.00038845
0.00019987
0.00002893
-0.00086019
-0.00152402
-0.00019701
-0.00135550
-0.00045486
-0.00061983
-0.00187424
-0.00085578
-0.00157528
0.00054607
-0.00096095
0.00013289
0.00038701
0.00065801
-0.00182028
-0.00131698
-0.00237470
-0.00083295
0.00107384
-0.00059861
0.00039703
-0.00002719
-0.00157570
-0.00022945
-0.00088282
-0.00114248
-0.00116453
-0.00136853
-0.00031860
0.00030343
-0.00192837
0.00042578
0.00051186
-0.00073923
0.00060148
0.00059727
0.00045011
-0.00140364
-0.00219073
-0.00325030
-0.00156138
-0.00144993
-0.00201220
0.00028902
-0.00201002
0.00059375
-0.00087159
-0.00158129
0.00020064
-0.00047812
-0.00057275
-0.00056967
-0.00021872
-0.00230644
-0.00172017
-0.00352704
-0.00211462
-0.00032572
-0.00044641
-0.00024844
-0.00006718
-0.00075699
-0.00019971
0.00150564
-0.00104484
0.00190723
0.00051563
0.00238785
-0.00253403
-0.00203369
-0.00075548
-0.00078771
-0.00081755
-0.00119717
-0.00068242
-0.00074400
-0.00147430
-0.00259739
0.00016688
0.00208923
-0.00062958
0.00090569
0.00034479
0.00071458
-0.00133039
-0.00055944
-0.00240642
-0.00025740
-0.00080454
0.00008603
0.00030685
0.00089000
0.00013864
0.00028820
-0.00030802
0.00179654
0.00173758
0.00117472
0.00008639
-0.00060663
-0.00174287
-0.00042926
0.00041330
0.00033256
0.00067401
0.00045778
0.00025620
-0.00087042
-0.00141529
0.00126146
0.00081461
0.00115633
0.00047315
-0.00012759
0.00057196
0.00013951
0.00042976
0.00113287
0.00098265
0.00057992
-0.00075356
0.00057192
-0.00028109
0.00026655
0.00038979
-0.00149020
-0.00012516
-0.00026621
0.00014434
0.00031721
0.00119994
0.00102931
0.00053480
0.00117062
0.00085331
-0.00032533
-0.00023012
0.00106863
0.00071633
0.00152109
0.00053585
-0.00045252
0.00117780
0.00085178
0.00205317
0.00167950
0.00038293
0.00266005
-0.00016617
0.00250823
-0.00094304
-0.00067732
0.00119106
0.00148411
0.00120314
-0.00073163
-0.00039672
0.00059517
0.00060401
-0.00001909
0.00199420
0.00020616
0.00081002
0.00222935
0.00217521
-0.00160194
0.00264761
-0.00020151
0.00061356
0.00039491
0.00080375
-0.00179252
-0.00107237
0.00172556
0.00087074
0.00099163
0.00160888
0.00213115
0.00141497
0.00178643
0.00032416
0.00061925
0.00035504
0.00080276
0.00099904
-0.00037557
0.00204671
-0.00028484
0.00015579
-0.00047054
0.00134639
0.00021837
-0.00011757
0.00061207
0.00148516
0.00062689
0.00033112
0.00227537
0.00223766
0.00112707
0.00005988
-0.00049174
-0.00167581
-0.00069543
0.00020407
-0.00167657
-0.00045204
0.00100937
0.00080034
0.00029666
0.00081579
0.00077764
0.00015223
0.00203822
-0.00081138
0.00041406
-0.00181260
-0.00056186
0.00043542
-0.00184090
0.00057406
0.00152989
0.00067612
-0.00024468
0.00094964
0.00170747
0.00066954
-0.00047861
-0.00039780
-0.00099547
-0.00009798
0.00100656
0.00083307
-0.00013815
0.00165369
-0.00033296
-0.00035903
-0.00041115
0.00173071
0.00300579
-0.00101451
0.00045639
0.00283218
0.00079312
0.00103007
0.00043657
0.00052293
0.00129520
0.00191304
0.00102750
0.00192949
0.00025207
0.00034195
0.00121799
0.00006990
-0.00007282
0.00030799
0.00101127
-0.00200601
0.00133776
0.00158853
0.00005001
0.00180703
-0.00003004
0.00239406
-0.00053768
0.00046962
0.00087983
0.00088725
-0.00097511
0.00010854
-0.00047073
0.00042518
0.00031618
0.00172566
0.00030439
0.00006311
0.00203698
-0.00113381
0.00156260
-0.00004581
0.00195924
0.00003867
0.00117100
0.00162622
0.00065545
-0.00070975
0.00006853
-0.00118975
0.00014176
0.00054795
0.00091515
-0.00248433
-0.00059066
-0.00054984
0.00116402
0.00110346
0.00092397
0.00026933
0.00154115
0.00102253
0.00028811
0.00089103
0.00004209
-0.00035236
-0.00212112
-0.00031895
-0.00004026
-0.00021965
-0.00201342
-0.00000189
0.00150900
0.00043204
0.00026061
0.00128713
0.00064651
-0.00048632
-0.00100860
-0.00073130
0.00020298
-0.00056796
0.00057415
-0.00176735
-0.00274527
-0.00226524
-0.00381561
0.00029328
0.00085538
-0.00001749
0.00121344
0.00050471
0.00057101
0.00133759
0.00087367
0.00205226
0.00122620
-0.00004689
-0.00167314
-0.00057394
-0.00249593
-0.00172016
-0.00053475
-0.00129861
0.00117877
0.00188537
0.00049499
-0.00019822
-0.00039478
-0.00054030
0.00025138
-0.00163761
-0.00051423
-0.00082579
-0.00179104
-0.00105572
-0.00070196
-0.00169123
-0.00002404
0.00008100
0.00018491
0.00090599
-0.00064692
-0.00012622
0.00020935
0.00149113
-0.00029185
-0.00064902
-0.00062091
-0.00024937
-0.00256615
0.00019512
-0.00167599
-0.00136254
0.00057491
0.00092827
0.00183818
-0.00028223
-0.00025885
-0.00145126
-0.00291227
-0.00169058
0.00004704
0.00071046
0.00029971
-0.00147219
0.00029498
0.00071964
-0.00092747
0.00032287
0.00070048
-0.00000435
0.00026366
-0.00134509
-0.00092493
0.00015717
-0.00066534
-0.00013936
0.00036941
0.00023165
-0.00236390
0.00111304
-0.00006645
-0.00012888
-0.00111437
0.00207230
0.00041041
0.00137970
-0.00116327
-0.00062319
-0.00141217
-0.00150337
-0.00129778
-0.00068828
0.00148015
-0.00160793
0.00178091
-0.00218118
-0.00127305
-0.00078984
-0.00267278
0.00040402
0.00157652
0.00045371
-0.00069988
0.00024013
-0.00065101
-0.00287480
0.00076225
0.00182085
-0.00061304
-0.00094714
-0.00004702
-0.00129165
-0.00078400
-0.00078820
0.00101325
0.00098659
0.00080677
-0.00120512
-0.00157779
-0.00227376
-0.00087874
-0.00100373
0.00078943
-0.00219346
-0.00120714
0.00026276
0.00026067
-0.00024229
-0.00095491
-0.00042454
-0.00044522
0.00092231
-0.00062803
-0.00019915
-0.00067261
-0.00113650
-0.00075591
0.00126182
-0.00080591
-0.00134492
-0.00023853
0.00103124
-0.00107068
0.00055463
0.00126471
-0.00101485
-0.00278603
-0.00014599
-0.00004506
0.00038435
0.00066936
-0.00044437
-0.00141797
-0.00018197
-0.00070472
-0.00204655
-0.00141181
0.00061831
-0.00028995
0.00078198
-0.00012171
0.00046711
-0.00059137
0.00037294
-0.00037146
-0.00126608
0.00035662
0.00239496
0.00088692
0.00049276
-0.00085805
0.00207826
0.00165243
-0.00086826
0.00124702
0.00042344
0.00123596
0.00027073
0.00165734
-0.00071246
0.00017341
-0.00167777
-0.00025745
-0.00131004
-0.00167921
0.00044309
0.00101147
0.00016301
0.00026017
0.00050390
-0.00141359
0.00021521
-0.00019680
0.00093940
-0.00034350
-0.00052459
-0.00211352
-0.00035448
0.00088688
-0.00012419
-0.00024195
-0.00156160
0.00042889
-0.00187238
0.00016910
0.00063813
0.00194650
0.00025259
0.00171282
-0.00043028
0.00085450
-0.00206359
-0.00068405
-0.00034127
-0.00009917
0.00146042
0.00061346
-0.00003585
0.00050532
0.00063788
0.00024681
-0.00005041
0.00184802
0.00040344
0.00103940
0.00047539
-0.00021663
-0.00017064
-0.00024228
-0.00081611
0.00048277
-0.00027218
0.00102628
0.00084194
0.00148420
0.00068731
-0.00053994
0.00004965
0.00012406
0.00096480
0.00043477
0.00139032
0.00005437
-0.00091001
-0.00077458
-0.00044175
0.00054571
0.00041765
-0.00009944
0.00100225
0.00021896
-0.00011655
-0.00018524
-0.00054420
-0.00089367
-0.00030859
-0.00017263
0.00117860
0.00105124
0.00068084
0.00034386
0.00086055
-0.00077363
-0.00003927
0.00148274
-0.00074243
0.00067268
0.00078177
-0.00152439
-0.00011869
0.00016951
0.00139139
-0.00099639
0.00014164
0.00175571
0.00093408
0.00075138
0.00081046
0.00094649
-0.00136030
-0.00078581
0.00080219
-0.00108629
-0.00079520
0.00040659
-0.00063877
-0.00120076
0.00012228
-0.00025531
-0.00057797
0.00058277
-0.00030781
0.00213206
-0.00106159
-0.00108384
-0.00087440
-0.00064765
0.00016933
0.00133057
-0.00154238
0.00043441
0.00039109
0.00118553
0.00030751
-0.00042310
0.00105768
0.00302298
0.00135648
0.00084904
0.00089545
-0.00100901
-0.00062167
0.00021349
-0.00247178
0.00023041
0.00016405
-0.00157811
-0.00040071
0.00078786
-0.00033971
0.00129517
0.00102898
-0.00115404
0.00053308
0.00012025
0.00027279
-0.00048339
-0.00221178
-0.00045051
-0.00026460
-0.00036644
-0.00000365
0.00027566
-0.00105407
0.00041763
0.00226255
0.00163162
0.00062006
0.00029355
0.00064066
-0.00163857
0.00016504
0.00043160
-0.00034841
-0.00103218
0.00013703
-0.00081978
-0.00110503
0.00058273
0.00047499
0.00000101
-0.00064891
0.00070597
0.00045533
0.00219925
-0.00070376
-0.00214397
-0.00031681
-0.00026083
-0.00162143
0.00116907
-0.00055873
0.00044927
0.00037538
0.00035722
-0.00205987
-0.00095531
0.00014501
0.00163840
0.00056835
0.00076912
-0.00174527
-0.00283850
0.00104148
0.00061343
0.00029086
-0.00021102
0.00027071
-0.00123710
0.00084605
0.00088088
0.00055537
-0.00105391
0.00026158
-0.00038061
-0.00095441
-0.00034327
0.00018492
0.00210032
0.00119701
0.00025326
0.00133591
-0.00094424
0.00081536
-0.00021654
0.00067327
-0.00000543
-0.00131792
-0.00101073
-0.00019050
-0.00237385
0.00021970
0.00114031
0.00013203
0.00177227
0.00035387
0.00048184
-0.00183763
0.00021293
-0.00092870
-0.00058964
-0.00010670
0.00050722
-0.00132965
0.00081272
-0.00095176
-0.00143987
-0.00056416
-0.00054076
0.00056539
0.00263494
0.00272904
0.00061019
-0.00069335
-0.00137299
-0.00056995
-0.00120864
-0.00100793
0.00014922
0.00126834
0.00119286
-0.00012130
0.00028492
-0.00047928
0.00199030
0.00252466
0.00198432
0.00016031
0.00149245
0.00030712
0.00195373
0.00016076
0.00016947
-0.00047602
0.00105347
-0.00035607
0.00186616
0.00146539
-0.00011807
-0.00093899
0.00040846
-0.00016918
-0.00137858
-0.00046133
0.00015773
-0.00022378
-0.00058103
0.00045609
-0.00075805
-0.00100462
-0.00040994
-0.00028114
0.00101529
0.00075662
0.00243499
0.00154779
0.00139795
-0.00012478
-0.00071948
0.00025127
0.00107167
0.00140158
-0.00066773
-0.00021406
0.00037893
-0.00028295
0.00095560
0.00185550
-0.00024906
-0.00040843
-0.00023723
0.00136018
-0.00035829
-0.00071988
-0.00003623
0.00128722
0.00065431
-0.00033278
0.00107898
0.00158057
0.00017925
0.00101562
-0.00003498
0.00043868
0.00006984
0.00200630
0.00192462
-0.00012876
-0.00038537
0.00193713
0.00072743
0.00038907
0.00120534
0.00195535
0.00117137
0.00028363
-0.00005644
0.00101424
-0.00040734
0.00095996
0.00154349
0.00071240
0.00098611
0.00118191
-0.00005211
-0.00073152
0.00075172
0.00017978
-0.00056843
0.00065561
0.00111264
0.00133906
-0.00046635
-0.00014198
0.00189663
0.00094060
0.00000428
0.00160660
0.00020349
-0.00057330
0.00046946
-0.00039846
-0.00000313
0.00194442
0.00074908
0.00042433
0.00121793
0.00027139
0.00024863
-0.00138739
-0.00018376
-0.00043307
0.00113825
-0.00100010
0.00050350
0.00253468
0.00081741
-0.00094811
0.00022235
0.00099564
0.00147391
-0.00027444
-0.00082980
-0.00140218
-0.00178471
0.00176846
-0.00024415
0.00011801
-0.00064503
-0.00041629
-0.00059607
-0.00108385
-0.00108307
0.00014011
0.00059612
0.00129503
0.00072119
-0.00061226
-0.00040614
-0.00088711
-0.00036182
-0.00028992
-0.00080176
0.00129043
-0.00100443
0.00082618
0.00113177
-0.00038364
-0.00089741
-0.00128335
0.00054706
-0.00060034
-0.00026378
-0.00021627
-0.00088066
-0.00008772
-0.00059050
0.00079831
-0.00154750
-0.00001309
-0.00028325
0.00017746
-0.00230979
0.00040536
-0.00128583
-0.00016416
0.00010966
-0.00079178
-0.00138296
0.00009432
-0.00104425
0.00138604
-0.00144053
-0.00086262
-0.00005399
-0.00102959
-0.00072548
-0.00195500
-0.00042473
-0.00161361
-0.00111109
0.00068197
0.00009695
-0.00112285
-0.00015760
-0.00070793
-0.00303051
0.00092380
-0.00052716
0.00001935
-0.00166082
-0.00079261
0.00033868
-0.00092398
-0.00194002
-0.00131097
-0.00083318
-0.00117152
-0.00099471
-0.00100229
-0.00032112
-0.00049733
-0.00172925
0.00035818
-0.00158803
-0.00134899
-0.00049406
0.00057731
-0.00035857
-0.00149051
-0.00142923
-0.00264830
-0.00262449
-0.00195821
-0.00143498
-0.00051820
-0.00129220
-0.00079335
0.00047523
0.00156170
-0.00010185
-0.00011236
0.00046597
-0.00003509
-0.00073901
0.00029927
-0.00091547
-0.00117306
0.00056251
-0.00053117
-0.00123488
-0.00117817
-0.00100994
0.00167873
-0.00155502
-0.00008472
-0.00133299
-0.00085581
