8.860923e-01
8.750969e-02
7.711891e-01
-1.700493e-02
-8.149309e-01
3.619338e-01
1.020198e+00
-3.611844e-01
2.139431e-01
5.901561e-01
2.917382e-01
1.159881e+00
5.792278e-01
8.457372e-01
7.927042e-01
8.523295e-02
-7.616323e-01
-2.073488e+00
-2.600947e-01
-1.636020e+00
3.500322e-01
-6.020754e-01
1.032276e+00
1.650469e+00
1.183109e+00
2.005609e-01
3.117347e-01
6.460052e-01
1.305259e+00
2.959581e-01
-1.677426e-01
1.521180e+00
-2.085643e+00
1.514761e+00
-1.931549e+00
8.868489e-01
6.213617e-01
4.399905e-01
1.523250e+00
7.939352e-01
7.888869e-01
2.233100e-01
6.514498e-01
7.011704e-01
-5.786067e-01
1.315716e+00
8.298106e-01
2.223938e+00
-4.266446e-01
1.060579e+00
1.016183e+00
-3.671116e-01
1.158318e+00
1.143323e+00
-5.748742e-01
1.969216e+00
2.305981e+00
9.228006e-01
2.526239e-01
1.376316e+00
-1.328849e-01
8.470812e-01
-3.848538e-01
-3.486552e-02
