-1.315738e-01
-6.529944e-01
7.876831e-01
-7.015669e-01
-2.186944e-01
-3.852021e-01
-9.234858e-02
-6.498191e-01
-5.153822e-01
5.888402e-01
-1.998532e-01
-6.591751e-01
-1.107368e+00
-6.317770e-02
2.860101e-01
-2.836956e-01
-1.770231e-01
-6.881821e-01
2.561083e-01
1.030231e+00
-4.519501e-01
-5.619808e-01
9.613509e-01
1.057530e+00
-2.347040e-02
-4.290441e-01
-6.239803e-01
8.798192e-01
1.779161e+00
1.214710e-01
-5.094079e-01
1.641787e-01
-3.464577e-02
9.097345e-01
6.665669e-01
-5.573099e-01
2.446177e-01
-5.040265e-01
-1.572085e+00
-1.662571e-01
1.374331e+00
-1.793525e-02
-2.223181e-01
-6.912221e-01
-6.663691e-01
9.770160e-01
-4.077181e-01
-3.325526e-01
3.169097e-03
6.089391e-02
-5.314016e-02
-5.619704e-02
2.007436e-01
9.925585e-01
7.950879e-01
-1.107207e-01
-4.963415e-01
-2.687603e-01
7.512705e-01
-4.067985e-01
-1.704553e-01
1.730882e-01
2.283624e-02
6.838791e-01
