7.701647e-02
-1.540857e+00
3.111663e-01
1.459344e-01
5.488446e-01
-1.678445e-01
6.995881e-02
-3.234904e-01
1.288017e+00
-9.482023e-01
-7.700157e-01
4.098732e-01
3.468058e-01
-2.588378e-01
-1.229934e+00
3.166217e-02
3.785132e-01
-7.015109e-02
1.883658e-01
1.853265e-01
-6.357652e-01
-2.940764e-01
-4.471115e-01
-9.668923e-01
3.515396e-01
-5.060604e-01
-8.131584e-01
5.786253e-03
1.211376e-02
-5.046319e-02
-8.442327e-01
9.803137e-01
6.229781e-01
7.454160e-01
-4.571431e-01
5.878953e-01
3.254684e-02
-1.266290e+00
5.216259e-01
-1.114370e-01
-3.241004e-01
-1.128537e+00
-1.513432e-01
-4.945923e-01
1.748857e+00
7.040029e-01
5.252283e-02
-3.838996e-01
5.270085e-01
-4.161926e-01
8.211983e-01
2.549034e-01
-1.933911e-01
1.258855e-01
-3.934777e-02
-3.890040e-01
-2.043087e-01
7.125161e-01
-4.613080e-01
7.652076e-01
-1.034015e-01
1.271177e-01
1.817320e-01
-1.231528e-02
