-2.495905e-01
1.188497e+00
-4.930736e-02
1.557493e+00
-7.017295e-01
-7.619743e-02
3.308726e-02
9.160753e-02
1.998506e+00
-2.196850e-01
-8.219920e-01
1.147891e+00
1.678171e+00
-4.898998e-01
-5.319222e-01
-2.175247e-01
1.581411e+00
-8.892016e-01
-7.209834e-01
1.514882e+00
1.079631e-02
-1.166866e-01
-5.586900e-01
-4.286095e-01
-4.256329e-01
3.002855e-02
-7.990915e-01
-5.023362e-01
3.517680e+00
-3.117938e-01
-8.554695e-01
1.390259e+00
-5.343201e-01
-1.145059e-01
-3.885437e-01
-8.098499e-02
1.292496e+00
-3.759477e-01
1.712027e+00
-3.720168e-01
1.617853e+00
-3.809262e-01
-7.608083e-01
-1.323874e+00
1.675918e+00
1.881517e+00
-6.234498e-01
-5.186059e-01
2.412427e+00
-9.678912e-02
1.147551e-02
-5.459681e-02
1.963986e+00
-4.277670e-01
2.128245e-01
-6.074808e-01
7.548526e-02
-3.611394e-01
-2.405090e-01
-5.387421e-01
3.070606e-01
-3.891501e-01
-7.422581e-01
2.204850e-01
