6.516923e-01
-2.023150e+00
8.636286e-01
5.724377e-01
9.898281e-01
8.122037e-02
1.648842e+00
1.378990e+00
1.286365e+00
3.669965e-01
-8.271860e-01
-1.760335e+00
6.647491e-01
3.970996e-01
1.314034e+00
-3.532918e-01
4.877545e-01
9.836783e-02
8.627350e-02
-1.601242e-01
7.009477e-02
8.111858e-01
2.835400e-01
1.852586e-02
4.796105e-01
2.956932e-02
6.546494e-01
1.332553e+00
-1.360152e+00
5.776113e-01
3.713487e-02
5.724096e-01
-7.060435e-01
-2.342307e+00
8.259957e-01
5.019209e-01
-5.924035e-01
-3.168528e-01
7.243991e-01
-1.381713e+00
7.840590e-01
9.077603e-01
1.386305e-01
-4.730932e-02
-2.355916e-01
-9.367993e-02
1.267303e+00
-1.378936e-01
6.958807e-01
-1.448219e+00
-1.693758e-01
1.444793e+00
-4.450253e-01
1.633932e-02
-6.726401e-01
5.834673e-01
1.063422e+00
-2.036055e-01
4.359867e-01
-1.921082e-01
1.349941e+00
-3.512689e-01
5.302671e-01
4.610524e-01
7.718108e-01
1.338724e-01
-9.417625e-02
-5.470793e-02
-5.876128e-02
5.158607e-01
-2.899504e+00
4.102993e-01
-2.555034e-01
9.716840e-01
1.535703e+00
-5.777101e-01
-1.198164e+00
1.238545e-01
5.150901e-02
1.539070e+00
3.580698e-02
-5.725698e-01
7.582735e-01
9.436765e-01
-5.675663e-01
9.738802e-01
1.019963e-02
-1.401520e-01
3.183362e-01
-3.180120e-02
1.375389e+00
5.252846e-01
7.315747e-01
4.146417e-01
7.775995e-02
-6.637409e-01
3.203756e-01
-1.252995e-01
-1.180033e-01
-4.751386e-01
1.177179e+00
-1.324583e+00
4.107246e-01
-1.697828e-01
-2.262444e-01
8.323032e-01
7.227514e-01
3.419946e-01
5.695937e-01
9.099472e-01
-2.391688e-01
5.556065e-01
-1.144605e-01
1.032080e+00
4.174998e-01
1.158166e+00
2.112020e-01
4.010907e-01
3.876632e-01
-8.471459e-02
3.337618e-01
6.135340e-01
4.896266e-01
8.181059e-01
8.050028e-01
8.437510e-01
1.155914e+00
3.204784e-01
