1.668116e+00
-1.001547e+00
-8.280097e-02
1.275986e+00
-2.647896e-01
-7.304412e-02
2.761354e-02
1.448731e+00
-9.134974e-02
1.190989e+00
-6.225839e-01
-3.059714e-01
-1.164924e-01
4.440320e-01
1.474146e+00
-7.371473e-02
5.348375e-02
3.772737e-01
-6.345619e-01
-6.041700e-01
-7.354079e-02
-1.745985e+00
9.045339e-02
-2.674758e-01
-1.217056e+00
-2.173909e-01
3.014204e-01
-2.653060e-01
1.088636e-02
-1.318028e+00
-2.361921e-01
3.833352e-02
-1.549695e-01
4.883984e-01
1.465549e+00
1.008803e+00
-2.082663e-01
1.151580e+00
-1.601545e+00
-6.694408e-01
-7.447169e-01
-2.527981e-02
-6.536409e-01
-1.499034e-01
-7.041143e-01
-5.696471e-01
-3.219652e-01
-5.537325e-01
-1.969785e-01
-5.604777e-01
3.857051e-01
2.165954e+00
-3.817170e-01
-3.247256e-01
-4.024588e-02
4.763972e-01
1.475164e+00
-4.278046e-01
1.124885e+00
-4.681548e-01
1.072989e+00
-8.668181e-01
-8.915216e-01
2.079907e-01
-9.324214e-02
-1.212645e-01
-1.112652e-01
-4.021131e-01
-4.771275e-01
1.646497e+00
-7.307776e-01
-3.259265e-01
-3.539161e-01
7.512529e-02
-3.298803e-02
7.754299e-02
-1.838388e-02
-7.392229e-01
-8.905917e-03
1.895950e+00
-3.339993e-01
6.070986e-03
1.909397e-01
-1.773228e-01
-7.321712e-01
-2.000355e-01
-4.245765e-01
-5.753177e-01
4.671216e-01
-6.082421e-01
2.029238e+00
1.775870e-01
-7.301183e-01
1.447853e+00
-3.081957e-02
8.048927e-01
-1.517122e-01
-7.977679e-01
-4.177310e-01
-6.697293e-02
-1.079747e-01
-1.472226e-01
1.909613e+00
-5.252512e-01
-5.167896e-01
-3.093756e-01
1.430526e-01
-7.775982e-02
-2.250144e-01
-1.207713e-01
-3.934569e-01
1.306953e-01
8.477204e-02
-3.931347e-01
-1.411495e-02
-1.461836e-01
3.383957e-01
1.328638e+00
-4.829851e-01
-8.536046e-01
1.705567e-01
-6.602044e-02
-1.020111e-01
-9.070811e-02
-8.983395e-01
3.125271e-01
9.806350e-03
-2.388047e-01
