-7.311172e-02
-4.663277e-01
4.099132e-01
7.105703e-01
-4.122866e-01
-5.871676e-03
5.724235e-01
-1.252751e+00
1.079362e+00
3.274045e-01
-1.183763e-01
5.948261e-02
-1.120191e-01
-2.079147e-01
-2.565120e-01
-8.662824e-01
-1.332735e+00
-1.529689e-02
-8.462618e-02
-9.895432e-01
-1.518674e-01
1.135965e+00
-1.149199e-01
-1.804237e-01
6.737392e-04
9.083830e-01
-6.768513e-02
-4.275243e-02
1.630796e-02
-1.347501e-01
7.309312e-01
-2.498746e+00
-4.110384e-01
3.761698e-01
8.161217e-02
-1.226232e+00
-4.719327e-02
-2.275122e+00
-3.030861e-01
8.571553e-01
-2.334454e-02
1.048569e+00
-1.208912e-01
7.032850e-01
9.673910e-02
-3.392420e-01
-5.849130e-01
-1.800035e-01
-8.609132e-01
1.043380e-02
6.689211e-01
-2.068478e-01
-2.850287e-02
2.499712e-01
-6.917044e-02
-2.494437e-01
-1.551379e-01
-1.852716e-01
1.803360e-02
1.482583e-01
-1.031377e+00
6.862440e-02
3.320105e-01
3.677443e-02
3.634630e-01
9.107893e-02
-1.413998e+00
9.945707e-01
-1.156479e+00
-6.086566e-02
4.159446e-01
-2.039319e-01
-2.128700e-01
1.198267e-01
-7.525273e-02
-6.914900e-02
8.393502e-02
-1.202632e-01
7.701072e-01
-1.286124e-02
6.687853e-01
1.175105e-02
-2.476605e-01
2.795901e-02
1.977486e-01
3.856023e-02
-1.413870e-01
-5.244941e-02
-2.385039e-01
-1.370293e-01
-9.062871e-02
-1.325687e-01
-2.000037e-01
-1.418125e+00
-8.877190e-01
-1.167130e-01
8.210821e-01
3.155264e-01
5.972580e-02
-5.265058e-02
6.608404e-01
5.933232e-01
1.045788e-01
1.363756e+00
-9.284271e-02
8.661697e-01
-9.472005e-02
1.032657e-01
-5.441946e-02
-3.223332e-02
-6.826554e-02
-2.689325e-02
-4.471764e-02
-1.438591e-01
-2.342321e-01
2.466899e-02
4.400090e-01
3.401370e-02
-2.518097e-02
7.559860e-02
-8.070967e-02
-2.665693e-01
6.686498e-02
-9.044185e-01
-9.079649e-01
-9.782217e-02
-2.082958e-01
1.549783e-01
