-3.943192e-01
-3.870314e-01
-1.665912e-01
-8.261086e-02
-3.046938e-01
-4.533788e-01
-1.435863e-01
-1.120759e+00
-1.011829e+00
-5.536346e-01
-5.670987e-01
-2.740434e-01
-3.916073e-01
-5.149032e-01
-5.452603e-01
-2.213363e-01
-1.341246e+00
-3.816257e-01
-3.466095e-01
3.680300e-02
-4.141911e-01
-8.716067e-01
-4.516028e-01
-3.749892e-01
-4.545227e-01
-6.202301e-01
-3.496183e-01
-3.873458e-01
-3.301580e-01
-3.793644e-01
-3.622505e-01
-2.701192e-01
-7.228595e-01
-6.993502e-01
-1.745298e-01
-8.679188e-01
-3.512037e-01
-7.004007e-01
-7.111632e-01
9.789472e-01
-4.601156e-01
-1.180720e+00
-4.996349e-01
-1.020740e+00
-9.588193e-03
-2.577282e-01
2.973122e-01
-3.342909e-01
6.338741e-01
-3.548813e-01
4.194168e-02
-4.666001e-01
-5.402175e-01
-7.000905e-02
6.945853e-02
-3.877939e-01
-4.727663e-01
-4.411793e-01
-7.980398e-01
1.481494e-02
-9.140462e-02
-6.517836e-01
9.880370e-02
1.740611e-02
-7.191339e-01
7.866006e-02
-5.970672e-01
1.097733e+00
-9.227093e-01
-4.710526e-01
-2.475184e-01
-3.973559e-01
-2.903726e-01
2.962198e-02
-6.765854e-01
-4.465099e-01
2.264610e-02
-5.338730e-01
-7.815210e-01
-3.692582e-01
-9.459974e-01
-2.795952e-01
-2.118525e-01
-1.813716e-01
4.703605e-01
-3.392551e-02
-3.756903e-01
-3.795300e-01
-3.896757e-01
-4.178742e-01
-4.389799e-01
-3.454369e-01
-8.687970e-01
2.006541e-01
-3.889990e-02
-3.649642e-01
-1.152644e+00
-3.824951e-01
7.351710e-03
-3.549989e-01
-5.997133e-01
1.513067e-01
1.068224e-01
-9.969117e-01
-5.846297e-01
-1.059816e+00
-4.162405e-01
-2.321006e-01
-4.316702e-01
-3.160196e-01
-5.271103e-01
-4.046307e-01
-6.134526e-01
-5.834074e-01
-3.947171e-01
-2.415910e-01
-1.840217e-01
-7.653928e-02
-3.976142e-01
2.431400e-01
-2.653713e-01
-5.145120e-01
1.922840e-02
-2.503227e-02
-6.112441e-01
-5.621505e-01
-4.542509e-01
-7.264210e-01
