5.417838e-02
-4.881340e-02
-1.524407e-01
2.135427e-02
-1.670454e-01
-2.383056e-02
-1.337881e-01
2.275751e-01
-2.130297e-01
-3.517573e-01
-7.545073e-02
-2.179336e-01
-7.851411e-02
4.555152e-02
-8.692434e-01
4.003149e-01
6.359972e-01
-3.480314e-02
-1.066292e-01
-1.030098e-01
-1.880231e-01
-2.651500e-01
-6.778963e-02
-3.273710e-01
-2.364337e-01
-1.496185e-01
-1.245358e-01
-1.828211e-01
-2.354705e-01
-2.055428e-01
-1.994101e-01
5.037519e-01
-1.630472e-01
-1.773306e-01
1.175147e+00
-3.592445e-01
-1.395706e-01
-1.491263e-01
-4.774879e-01
-3.284777e-01
-8.210499e-03
7.231979e-03
-1.631430e-02
-1.921704e-01
-3.296495e-02
-1.370712e-01
-6.178912e-02
1.467270e-02
7.471322e-01
-9.234037e-02
8.388587e-01
-1.030511e-02
-1.927664e-01
-1.136649e-01
-3.626747e-01
-1.951623e-01
2.224903e-02
-9.505887e-02
-3.722998e-02
-7.700244e-02
2.220399e-01
-1.645746e-01
-9.956684e-03
-1.202592e-01
-1.235632e-01
-1.888333e-01
-1.245298e-01
6.128574e-01
-1.670867e-01
1.107833e-02
-3.621899e-02
3.837040e-01
-1.844740e-01
-2.388464e-01
-3.518806e-01
-3.256216e-01
-2.615577e-01
-1.390960e-01
7.827455e-01
-3.925087e-02
-4.062952e-01
1.513022e+00
-9.628883e-02
-3.706032e-01
-2.913559e-01
3.915257e-01
-3.144843e-01
-3.777841e-01
-6.632321e-01
-6.604610e-02
-3.823608e-01
-2.624077e-01
-1.980934e-02
-1.453260e-01
-8.258866e-02
6.255759e-02
-3.117652e-01
6.037185e-02
1.138026e-01
-2.067248e-02
4.946537e-01
-5.750492e-01
7.907070e-02
1.553390e-02
-1.098568e-01
-1.767150e-01
-3.388512e-01
1.622288e-01
2.796795e-01
-3.300936e-01
-9.847769e-02
-2.924604e-01
-2.030267e-02
-1.398135e-01
1.426906e+00
1.181362e+00
2.616344e-02
-2.152492e-01
-2.357393e-01
-1.371483e+00
-2.431813e-02
-2.451012e-01
-7.153986e-02
-1.584926e-01
-1.227636e-02
-2.666211e-01
1.353945e+00
5.163773e-01
