3.147171e-02
-4.305727e-01
-3.908890e-01
-2.133989e-01
-4.693676e-01
-4.428363e-01
-4.032865e-01
-5.285820e-01
-3.312075e-01
-3.417186e-01
-5.767381e-01
-4.045428e-01
-4.193376e-01
-9.426594e-03
-9.381936e-01
3.449109e-01
-5.194539e-01
-3.801133e-01
-4.062447e-01
-3.547267e-01
-3.780226e-01
-4.492179e-01
-3.166292e-01
-3.065373e-01
-4.513776e-01
-3.630945e-01
-3.235897e-01
-2.129448e-01
-4.740098e-01
-3.874524e-01
-5.121301e-01
-1.080436e+00
-4.244441e-01
-3.780347e-01
-1.042467e-01
-3.056861e-01
-4.112070e-01
-4.038597e-01
-3.360195e-01
-3.952015e-01
-6.692326e-01
-2.389096e-01
-4.536543e-01
-4.031199e-01
-3.706282e-01
-3.915627e-01
-3.998704e-01
-1.356125e-01
-1.152937e+00
-9.553190e-03
9.990905e-01
-3.556283e-01
-3.526542e-01
-4.203768e-01
-4.924755e-01
-4.548231e-01
-1.973645e-01
-3.984766e-01
-4.570685e-01
-4.376323e-01
-1.130821e-01
-3.362510e-01
-4.136786e-01
-3.833570e-01
-3.721105e-01
-3.609842e-01
-5.310064e-01
-8.024318e-01
-3.857355e-01
-3.280098e-01
-3.443986e-01
-1.054881e+00
-3.352715e-01
-3.113933e-01
-2.981877e-01
-3.840648e-01
-3.220923e-01
-3.566907e-01
9.891964e-01
-4.859429e-01
-3.271480e-01
-1.188146e+00
-4.296135e-01
-8.274139e-01
-4.193364e-01
-1.141615e-02
1.035440e-01
-9.532170e-01
-3.253653e-01
-4.093678e-01
-1.331436e+00
-3.211009e-01
-9.659103e-01
-3.802067e-01
-3.103633e-01
3.289811e-03
-3.664304e-01
-1.639413e-01
-6.153297e-01
-4.554703e-01
-3.984021e-01
7.536415e-01
1.241978e-01
-1.873637e-01
-3.622443e-01
-3.814929e-01
-4.303949e-01
5.495623e-01
-5.006436e-01
-8.279754e-01
-4.501532e-01
-3.711221e-01
-4.505395e-01
-3.250244e-01
-1.434524e+00
7.601704e-02
-1.575353e-01
-3.655870e-01
-3.961541e-01
-3.518503e-01
-4.829044e-01
-3.506825e-01
-4.015167e-01
-4.474059e-01
-4.042899e-01
-3.107263e-01
-1.386161e+00
-9.893780e-01
