-8.105456e-02
-7.210290e-02
-9.404063e-01
-4.173698e-02
-9.141468e-02
-1.277420e-01
5.074113e-01
-7.979697e-02
6.132673e-03
-1.987697e-01
-1.155575e-01
-1.612988e-01
-1.653818e+00
-2.338464e-01
-1.119738e-01
-1.460504e-01
1.710011e+00
-2.273837e-01
2.716683e-02
5.861202e-02
-9.645978e-02
-1.624168e-01
-3.313685e-02
1.094681e+00
-1.523847e-01
-3.262185e-01
-1.291390e-01
7.232156e-02
-2.560067e-01
-1.721886e-01
-1.023197e-01
-1.918618e-01
-2.290015e-01
-1.011652e-01
-7.224539e-01
-2.062376e-01
-2.117186e-01
-1.593336e-01
-2.453451e-01
-2.051958e-01
-2.371521e-01
-1.441113e-01
9.928765e-03
-1.738810e-01
-1.490507e-01
-6.800397e-02
-9.515915e-02
-7.039024e-02
-6.827047e-02
5.842723e-01
-8.293307e-02
-1.894658e-01
-1.215106e-02
7.575113e-01
-1.319007e-01
-1.261091e+00
-1.368901e-01
-1.068582e-01
-1.866582e-01
-1.671044e-01
-1.942843e-01
-1.651466e-01
-1.431183e-01
-7.964830e-02
-6.941646e-02
-6.759239e-02
-2.442119e-01
-2.315565e-01
-2.230583e-01
-2.766465e-01
5.331003e-01
-1.614453e-01
-1.220744e-01
5.504540e-02
3.077856e-02
2.952132e-01
1.292066e-01
-1.136192e-01
-1.207967e-02
-2.665258e-02
-2.450868e-01
-1.469598e-01
4.973014e-02
-1.964985e-01
1.019179e+00
-1.778234e-01
2.466873e-01
-1.360352e-01
-9.900118e-02
-1.784641e-01
-1.020688e-01
4.129721e-01
-6.518984e-02
-1.352527e-01
-2.190804e-01
3.285437e-02
7.467678e-03
-1.468593e-01
6.844439e-01
1.274776e-01
-1.920571e-01
-1.845472e-02
-2.367746e-02
9.307712e-03
-1.291744e-01
-3.340082e-01
-3.737468e-03
-2.620094e-01
-3.871883e-02
-2.247644e-01
-3.145675e-03
-3.738376e-01
-8.924073e-02
-7.797208e-02
5.070531e-01
-1.584235e-01
-1.516127e-01
-7.009602e-02
-1.548551e-01
4.501031e-01
-1.501308e-01
-1.510044e-01
3.695197e-01
-9.698845e-02
-6.612645e-02
1.889150e-02
-5.444819e-01
3.317879e-02
