-4.087689e-01
-3.731570e-01
-1.011269e+00
-3.291915e-01
-3.210215e-01
-1.255200e-01
-1.667714e-01
-3.937454e-01
-4.442084e-01
-4.118736e-01
-4.341386e-01
-4.103228e-01
-8.048107e-02
-3.257585e-01
-3.744150e-01
-2.776745e-01
-6.768784e-01
-4.319708e-01
-7.485753e-02
-7.641231e-02
-3.956529e-01
-2.035951e-01
-3.724235e-01
5.070902e-01
-3.845619e-01
-3.483084e-01
-3.251576e-01
6.734580e-02
-3.539093e-01
-3.392874e-01
-3.230485e-01
-3.436768e-01
-3.059760e-01
-3.567249e-01
-4.741663e-01
-4.106606e-01
-3.184373e-01
-3.635715e-01
-3.067301e-01
-3.911295e-01
-3.020670e-01
-4.130659e-01
-2.469596e-01
-2.707068e-01
-3.617617e-01
-3.946950e-01
-3.143823e-01
-2.909853e-01
-3.965182e-01
-6.223503e-02
-3.087872e-01
-3.509337e-01
-3.980911e-01
-1.452578e+00
-5.128664e-01
-6.776214e-01
-3.730700e-01
-3.474344e-01
-2.988921e-01
-4.271097e-01
-3.316521e-01
-3.374233e-01
-3.844829e-01
-4.238784e-01
-4.588955e-01
-4.157292e-01
-2.998897e-01
-3.568010e-01
-2.803055e-01
-4.121742e-01
-8.151369e-01
-3.748609e-01
-4.146132e-01
-4.826696e-02
-8.026721e-02
-1.061431e+00
5.590519e-01
-3.788246e-01
-3.654385e-01
-3.212820e-01
-3.735631e-01
-3.013594e-01
5.346829e-02
-3.267169e-01
-1.170595e+00
-4.547358e-01
-5.437600e-01
-2.925872e-01
-3.621983e-01
-3.605556e-01
-3.394037e-01
-2.734748e-01
-4.311316e-01
-3.081862e-01
-3.617460e-01
-8.552264e-02
-3.692805e-01
-3.281776e-01
-1.268703e+00
-1.392842e+00
-3.448034e-01
-4.077823e-01
-1.164570e+00
-2.289220e-02
-4.303115e-01
-1.775863e-01
-4.785779e-01
-4.204228e-01
-3.497236e-01
-3.356243e-01
-3.930038e-01
-4.008985e-01
-3.894481e-01
-4.956467e-01
-4.829407e-01
-3.127587e-01
-3.523895e-01
-3.949511e-01
-3.554360e-01
-6.693676e-01
-3.599978e-01
-2.955241e-01
-5.370061e-01
-2.957449e-01
-3.907373e-01
-2.007517e-01
-1.902221e-01
-1.334313e-01
