-2.490067e-01
-2.030318e-01
-5.270568e-02
-1.799366e-01
-1.691196e-01
9.567223e-02
-3.024303e-01
-1.722222e-01
3.230414e-01
-5.972455e-02
8.060648e-02
-1.549187e-01
-1.728180e-01
-2.548980e-01
-4.473685e-02
-1.971800e-02
3.263504e-01
-1.387558e-01
-1.279623e-01
-2.208970e-01
-2.122161e-01
2.019629e-01
5.598756e-02
-4.647640e-02
-6.633009e-02
2.999581e-01
4.310979e-02
4.097081e-02
-1.448696e-01
-2.279779e-02
-1.797106e-01
5.659468e-01
3.237575e-04
-5.486440e-02
-5.876063e-02
-2.227205e-01
-2.753711e-01
-1.116607e-01
-1.125616e-01
-5.593991e-02
1.308362e-02
1.230399e-01
-1.396220e-01
-6.667922e-02
7.561356e-03
-1.866825e-01
-8.575737e-02
-1.483170e-01
-2.656519e-01
-1.825797e-02
-8.334065e-02
-6.504945e-02
-1.357128e-01
2.964942e-01
-1.331287e-01
4.392251e-02
-1.657381e-02
-1.534301e-01
-3.089499e-02
-2.274132e-01
-1.076355e+00
-7.622924e-02
-1.116499e-02
4.630610e-01
1.023722e-01
3.221213e-01
2.410914e-02
-7.703784e-02
-1.125949e-01
1.147226e+00
-1.038474e-01
3.753282e-01
-8.771744e-02
2.516795e-01
-1.657783e-01
-1.013948e-01
-1.047149e-01
-3.409355e-02
-9.946956e-02
-1.473408e-01
-1.916718e-01
2.539716e-01
-1.808433e-01
-1.006422e-01
-1.684942e-01
-1.842624e-01
-2.935231e-01
-4.404910e-01
3.163884e-01
-6.920273e-02
1.351599e-01
-2.422850e-01
9.539300e-01
-4.444782e-02
-1.622086e-01
-1.096707e-02
-1.508770e-01
-9.274646e-02
-1.392114e-01
-1.053461e-01
3.819077e-01
-7.772252e-02
2.227955e-02
-1.848348e-01
-1.760968e-01
-1.135701e-02
6.126457e-01
2.287691e-02
3.237433e-01
2.119975e-02
-6.822255e-02
-1.663226e-01
-8.786666e-02
2.493872e-01
1.949381e-01
-9.769673e-03
-1.033666e-02
-2.291374e-01
2.363779e-01
-2.044611e-02
-8.222596e-02
-7.447198e-02
-1.776053e-01
-4.213107e-02
3.615371e-01
-1.652947e-01
-9.985627e-02
-1.639177e-01
