-2.922232e-01
-3.591417e-01
-4.017469e-01
-3.335401e-01
-3.205446e-01
-4.586908e-01
7.011568e-01
-3.362839e-01
-2.469469e-01
-3.912268e-01
-1.933681e-01
-3.516036e-01
-3.762284e-01
-3.019166e-01
-1.918582e-01
-3.591669e-01
-1.090021e+00
-2.680891e-01
-3.761247e-01
-2.672791e-01
-3.580324e-01
-4.961874e-02
9.524275e-02
-2.983785e-01
-3.001360e-01
-4.951687e-02
6.040014e-02
5.375580e-02
-3.340100e-01
-3.285448e-01
-3.627539e-01
-4.076419e-01
-2.793496e-01
-3.288252e-01
-3.086065e-01
-3.219592e-01
-2.987513e-01
-3.149354e-01
-3.582338e-01
-3.593886e-01
-3.562080e-01
6.069834e-03
-3.766060e-01
-4.007868e-01
-2.859225e-01
-3.003288e-01
-3.031975e-01
-3.071331e-01
-2.510307e-01
-3.551111e-01
-3.638686e-01
-3.793263e-01
-3.037155e-01
-7.620553e-01
-4.129327e-01
-1.254747e-02
-3.604622e-01
-3.222928e-01
-3.550143e-01
-4.543170e-01
5.008026e-01
-3.589978e-01
-2.693375e-01
1.965188e-01
-1.146112e+00
-1.283727e+00
-1.643038e-02
-3.635481e-01
-2.838179e-01
2.908475e-01
-2.011637e-01
-2.255926e-01
-3.960177e-01
-5.876515e-02
-2.758425e-01
-3.435978e-01
-3.665839e-01
-3.133406e-01
-4.157774e-03
-3.276661e-01
-2.721619e-01
-5.288894e-01
-2.461928e-01
-3.255576e-01
-2.739885e-01
-2.792202e-01
-3.495573e-01
3.562063e-01
7.793127e-01
-3.427202e-01
-2.293112e-01
-2.908000e-01
2.036764e-01
-3.976125e-01
-4.267755e-01
-3.607697e-01
-2.685480e-01
-3.094397e-01
-2.889520e-01
-3.705761e-01
-1.442091e-01
-1.926964e-01
-2.068553e-01
-3.629465e-01
-2.816340e-01
-3.389679e-01
-9.931977e-01
-2.537750e-01
-4.487429e-01
-1.450052e-01
-3.345328e-01
-2.894624e-01
-3.666822e-01
-1.911740e-01
-7.326222e-02
-3.755079e-01
-3.367245e-01
-4.099638e-01
-4.232559e-01
-3.736930e-01
-3.126316e-01
-3.384692e-01
-3.066202e-01
-2.725885e-01
-8.860294e-02
-3.379371e-01
-3.232794e-01
-2.625781e-01
