-9.446254e-02
-8.698426e-02
4.203983e-01
-1.122958e-01
-8.796666e-02
-3.378778e-02
7.525119e-01
-3.037417e-01
3.159719e-01
7.061827e-01
8.827859e-01
-1.184883e-01
1.476839e-01
-2.278291e-01
3.346734e-01
2.691421e-01
-4.620805e-02
2.676987e-01
7.314435e-02
-7.945816e-02
-1.245431e-01
-2.687120e-02
5.590768e-01
-5.448449e-02
-9.675868e-02
-6.623508e-02
-2.685737e-01
3.923133e-01
4.621242e-02
-6.195901e-02
-1.115341e-01
1.919198e-02
3.817078e-01
-2.077735e-01
-8.342814e-03
4.689544e-02
-6.565109e-04
-1.614209e-01
-1.644298e-01
3.992012e-01
-1.473831e-01
6.276172e-02
-1.327063e-01
6.476068e-01
-2.604810e-01
-9.750494e-02
-2.014493e-01
-2.751501e-02
4.376433e-02
-2.225830e-01
7.476101e-03
5.860278e-01
9.758539e-01
2.403960e-02
4.378986e-01
-2.159329e-03
-1.461395e-01
-1.735936e-01
-2.480069e-02
3.939410e-01
-1.243279e-01
8.887171e-02
8.278412e-02
-4.481229e-02
-1.215672e-01
4.981726e-01
-3.649661e-02
-2.647588e-02
4.571396e-02
6.358597e-01
-3.085667e-02
-3.930943e-02
3.785970e-01
-5.397151e-02
2.556147e-01
-1.020458e-02
1.113451e+00
3.103476e-02
2.610722e-01
-1.443440e-01
-2.368636e-01
5.365913e-03
5.387084e-03
-2.284308e-01
-7.779174e-02
4.257630e-01
-9.125448e-02
1.075094e-02
-9.748551e-02
5.871961e-02
-4.064438e-02
6.038648e-01
-1.109198e-01
-1.307323e-01
4.437885e-02
-3.405813e-02
-2.216840e-02
6.028777e-01
-1.516819e-01
-9.649986e-02
-6.417304e-02
-3.315043e-02
-7.985210e-02
-2.976715e-01
-1.500416e-02
-2.018552e-02
-1.061383e-02
-9.183747e-02
-2.168162e-02
1.218226e-01
4.334517e-02
1.021226e+00
1.206425e-01
-9.603128e-02
-1.414651e-01
1.784055e-01
-1.531875e-01
-1.148919e-01
-1.500871e-01
-8.290509e-02
5.392742e-02
3.411211e-04
4.506215e-01
8.573101e-02
2.973203e-02
-1.712861e-02
8.268731e-02
-3.836241e-02
