-3.041625e-01
1.393463e-01
-2.117663e-01
-2.701994e-01
-2.865980e-01
-3.111235e-01
3.725077e-01
-2.013424e-01
-2.486408e-01
2.347810e-01
5.841665e-01
-3.445116e-01
-1.488797e-02
-2.501773e-01
-2.852947e-01
-5.878319e-01
-3.680105e-01
-5.188342e-01
-6.702141e-02
-2.765461e-01
-2.776431e-01
-2.773623e-01
4.025565e-02
-3.209241e-01
-3.463630e-01
-3.462731e-01
-5.050855e-01
-2.392300e-01
-1.864828e-01
-3.744562e-01
-2.651904e-01
-1.527553e-01
-1.256705e-01
-3.294192e-01
-3.171489e-01
-1.335650e-01
4.993116e-01
-2.456970e-01
-2.238060e-01
-6.991623e-02
-3.174005e-01
-2.702496e-01
-3.059478e-01
-9.795984e-01
-2.727895e-01
-2.279036e-01
-2.976814e-01
-3.561357e-01
-3.961110e-02
2.346087e-01
-2.961781e-01
-1.585806e-01
-9.118331e-01
-1.614708e-01
-1.816000e-02
-3.580243e-01
-2.706537e-01
-3.126498e-01
-3.341019e-01
1.072687e-01
-3.304683e-01
-8.240616e-01
4.108045e-01
-3.318684e-01
-2.609364e-01
-1.948471e-02
-3.421351e-01
-2.990237e-01
-1.250406e-02
-4.750668e-01
-2.533306e-01
-2.901326e-01
-1.826394e-01
-2.894773e-01
-1.299507e+00
-3.372685e-01
-6.551469e-01
-7.308168e-02
1.088093e-02
-2.639034e-01
-2.832835e-01
-2.425732e-01
-4.494154e-01
-2.241470e-01
-4.278744e-01
-8.903424e-02
-2.962336e-01
-1.076388e-01
-2.346195e-01
5.448363e-01
-2.981297e-01
-6.807870e-01
-1.096629e-01
-3.160073e-01
-3.504757e-02
-3.435391e-01
-3.176108e-01
2.852603e-01
-3.187556e-01
-2.608935e-01
-3.180125e-01
-8.456080e-02
-2.367709e-01
-3.374000e-01
-3.427146e-01
-3.887601e-01
3.511476e-01
-2.442485e-01
4.668823e-01
2.898516e-01
-8.916277e-02
3.821232e-01
4.081064e-01
-3.619571e-01
-3.310139e-01
1.047191e-01
-2.638524e-01
-2.699819e-01
-8.885996e-02
-2.567498e-01
-9.911405e-02
2.285246e-01
-4.730471e-03
4.954432e-01
-3.124886e-02
-3.994776e-01
6.020876e-02
-7.867919e-01
