5.217162e-02
-1.107069e+00
-1.559265e-01
-9.488527e-02
-2.914042e-01
-1.151700e-01
-1.734918e+00
-1.065265e-02
-3.880664e-01
-1.541671e-01
-9.001367e-02
-2.364053e-01
6.424892e-03
-1.655088e-01
4.376650e-02
-2.588923e-03
1.674689e-01
7.622123e-02
-7.043759e-02
-1.157894e-01
-9.161671e-02
-1.054696e-01
9.356063e-02
-1.549893e-01
-1.497327e-01
2.138192e-03
-7.709364e-02
-8.307572e-02
1.155763e-01
-5.596538e-02
-5.191010e-02
-2.174520e-01
1.000407e-02
-3.127596e-02
-4.266707e-02
-5.457929e-02
-8.682791e-02
-7.604899e-02
2.923966e-02
1.145107e-01
-2.301661e-03
-1.363079e+00
6.297017e-01
-1.377004e-01
1.326137e+00
1.829934e-01
6.579503e-02
2.580692e-03
-3.048009e-01
-3.404901e-02
-4.959187e-02
-3.417816e-01
-3.209423e-02
-2.255001e-02
-1.271023e-01
1.562497e-01
-7.988951e-02
-1.830920e-01
3.493484e-02
-1.040042e-01
-8.638443e-02
1.602648e-01
8.826424e-01
-2.714439e-03
-1.032372e-01
3.871426e-02
-1.010902e-01
-1.712850e-01
6.154255e-02
-1.181733e-01
-9.797543e-02
6.701400e-01
-5.601068e-01
-1.464993e-01
-2.181368e-01
-1.058542e-01
-1.841748e-01
-2.309588e-02
-1.372222e-01
-5.064186e-01
4.563726e-02
-1.083369e-01
-5.645942e-01
-1.666646e-01
-2.771724e-02
-5.217835e-02
-7.528546e-02
-9.149767e-02
-2.563914e-02
-1.290846e-01
1.819559e-01
-2.991225e-01
-5.840780e-02
3.964749e-01
-2.606801e-01
1.218775e+00
-4.347024e-02
-1.897627e-01
6.856979e-01
-6.274169e-01
6.858186e-02
-2.037576e-01
-7.896326e-02
3.060291e-01
-1.170729e-01
-6.231686e-02
6.642732e-02
-1.775371e-03
2.873006e-02
-7.295591e-02
-1.551215e-01
-3.597696e-01
6.348196e-02
7.850133e-03
2.014948e-01
-1.460558e-01
-1.404560e-01
-7.968178e-02
-2.149354e-01
-2.158282e-03
-1.386561e-02
5.155413e-02
-1.348909e-01
3.127113e-04
1.571106e-02
-4.854678e-01
-1.676586e-01
-1.533374e-01
-3.574691e-01
2.025942e-01
2.802348e-02
-1.634830e-01
-1.395893e-01
4.029199e-01
-1.351456e+00
-3.707466e-01
1.876802e-01
-1.341555e-02
-1.317394e-01
-6.247359e-02
-1.573218e-01
-1.356408e-01
-9.593461e-02
3.959572e-02
2.990309e-01
8.961535e-02
5.477706e-02
-1.881786e-01
1.467263e+00
-2.161708e-01
-4.860082e-02
-4.335287e-02
-1.327523e-01
-1.434369e-02
-1.339021e-01
-3.156756e-01
5.263210e-02
-6.194463e-02
-1.410656e-01
1.632204e-03
-9.517230e-02
3.354805e-01
-9.091668e-02
-3.373523e-02
1.011850e-02
4.867751e-02
7.264746e-02
-5.824314e-02
-1.184131e-01
-1.107216e-01
-1.745896e-01
7.945021e-02
-8.378546e-02
-2.142796e-01
-1.144552e-01
-1.511100e-01
-5.997340e-01
-1.218692e-01
-1.010580e-01
-6.484574e-02
-4.393033e-02
-2.095941e-01
-1.558486e-01
1.644841e-02
-2.516001e-01
-8.752187e-02
2.888694e-02
-1.884684e-01
-1.900007e-02
-1.380162e-01
-1.429609e-01
-2.102782e-01
-5.394225e-02
-1.405543e+00
-4.761836e-02
-1.667971e-01
4.089656e-02
-2.441605e-01
8.654364e-04
-1.654215e-01
2.989281e-01
-5.364656e-01
-3.964489e-02
-7.726130e-02
-2.988248e-02
4.320911e-02
-1.160100e-01
-2.297557e-01
1.197785e+00
-6.247617e-02
-2.213219e-01
-1.907462e-01
-3.005456e-01
-1.083419e-03
-1.549024e-01
-1.473272e-01
-1.453706e-01
-1.372258e-01
-8.860657e-02
-1.918873e-01
6.385862e-02
-6.273969e-02
4.102611e-02
-9.783799e-01
-8.691866e-03
-1.141378e-01
2.547558e-02
-1.172863e-01
-7.168029e-02
-5.040960e-02
1.373595e-01
-6.350863e-02
-1.122021e-02
-3.147478e-01
-7.533429e-02
-1.794655e-01
-1.377230e+00
-1.463622e-01
-1.770125e-01
-1.011949e-01
-4.896432e-02
1.294062e+00
-1.195545e-02
1.841315e-02
-4.016542e-02
1.207489e-02
-1.667320e-03
2.925631e-01
-8.531325e-02
-3.417192e-02
-1.546916e-01
3.167558e-02
-1.508068e-01
-2.156054e-02
-7.777005e-02
3.993767e-02
