7.432771e-02
3.698496e-01
-2.410095e-01
-3.247550e-01
-3.073174e-01
-2.638220e-01
1.679375e-01
-2.254569e-01
-3.410827e-01
-2.347735e-01
-3.237591e-01
-2.775173e-01
-2.736205e-01
-2.629684e-01
7.249629e-02
-2.817614e-01
1.829002e-02
-1.067512e-01
-3.453749e-01
-1.634472e-01
-2.379865e-01
-3.578663e-01
5.555578e-03
-2.906933e-01
-3.236751e-01
-2.518898e-01
-2.846624e-01
-3.218460e-01
1.632865e-01
-3.054137e-01
-2.480539e-01
-2.578564e-01
-1.899911e-01
-3.563695e-01
-2.716088e-01
-3.691558e-01
-2.727414e-01
-3.371773e-01
-2.456214e-01
-3.240265e-03
-2.833751e-01
-9.868124e-01
2.798395e-01
-2.496603e-01
7.005858e-01
-1.271478e-02
-1.006100e-01
-3.455900e-01
-2.200153e-01
-3.323761e-01
-1.995911e-01
-3.029332e-01
-3.210116e-01
-3.265855e-01
-3.064477e-01
-4.269642e-02
-2.825879e-01
-2.756076e-01
-1.548245e-01
-2.792878e-01
-2.919070e-01
4.145120e-01
1.234450e+00
-2.656969e-01
-2.997084e-01
-1.818237e-01
-6.548786e-02
3.259847e-01
2.329279e-02
-2.955990e-01
-3.942117e-01
2.654397e-01
3.196085e-02
-4.153717e-01
-3.305457e-01
-4.697319e-01
-3.675032e-01
-3.200097e-01
-2.715228e-01
3.284758e-01
-8.854901e-02
-2.491357e-01
3.119356e-01
-2.627145e-01
-3.376538e-01
-3.763685e-01
-2.660505e-01
-3.150578e-01
-2.697641e-01
-1.575653e-01
8.839166e-03
-2.840117e-01
-2.662626e-01
-1.002735e-01
-3.759142e-01
1.965685e-02
-3.170001e-01
-2.398628e-01
4.633200e-01
2.031362e-01
9.987105e-03
-3.640700e-01
-1.753961e-01
4.065733e-01
-2.969720e-01
-2.576284e-01
-8.295660e-02
-2.987868e-01
-1.046726e-01
-2.885421e-01
-1.961640e-01
-3.683289e-01
-3.160599e-02
-2.683855e-01
-3.243307e-03
-3.539978e-01
-1.945485e-01
-3.046452e-01
1.616108e-01
-2.711328e-01
-2.212418e-01
-2.349611e-02
-2.517417e-01
-3.386773e-01
-1.424144e-01
5.484244e-01
-2.575119e-01
-2.947382e-01
-2.849322e-01
2.784377e-01
-1.392486e-01
-4.390696e-01
-3.355053e-01
-1.000275e-01
7.604123e-02
-2.149051e-01
3.292077e-02
-3.320117e-01
-3.771380e-01
-3.670345e-01
-3.678764e-01
-2.682476e-01
-3.303443e-01
-1.162848e-01
1.524675e-01
-4.783217e-02
1.626795e-02
-2.296754e-01
2.767201e+00
-1.818545e-01
-2.888563e-01
-3.094230e-01
-2.651691e-01
-3.276528e-01
-2.391182e-01
-2.945564e-01
-1.287135e-01
-4.024285e-01
-1.736273e-01
-3.537782e-01
-2.555925e-01
-3.027245e-02
-2.729936e-01
-2.807837e-01
-3.813505e-01
-2.482001e-01
5.804678e-03
-2.855456e-01
-2.654402e-01
-3.222542e-01
-1.798252e-01
-1.609462e-02
-2.804336e-01
-2.945715e-01
-3.425840e-01
-2.957205e-01
4.808483e-01
-2.978320e-01
-2.966593e-01
-1.550382e-01
-2.948748e-01
-2.623793e-01
-3.783800e-01
-3.326260e-01
-2.565365e-01
-2.465844e-01
-1.649250e-01
-2.840620e-01
-3.345004e-01
-2.733295e-01
-4.173150e-01
-1.014187e-01
-3.253015e-01
6.157302e-01
-2.601223e-01
-2.890308e-01
-1.261388e-01
-2.895403e-01
-3.269123e-01
-9.057301e-02
-1.164412e-01
-7.717895e-01
-3.122835e-01
-2.239544e-01
-3.017237e-01
-1.199634e-01
-3.507384e-01
-1.420304e-01
8.168533e-01
-3.316442e-01
-3.173647e-01
-2.789545e-01
-3.414807e-01
-2.278845e-01
-3.674100e-01
-2.014876e-01
-2.460872e-01
-3.122888e-01
-2.859371e-01
-2.645190e-01
-1.502042e-02
-1.873720e-01
-5.727421e-02
1.000041e-01
-2.699778e-01
-3.873315e-01
-2.358053e-01
-2.542650e-01
-1.973903e-01
-2.408321e-01
3.648864e-02
-2.268927e-01
-2.528236e-01
-3.497812e-01
-4.348233e-01
-2.794504e-01
1.043177e-01
-2.303709e-01
-4.657663e-01
-2.963450e-01
-3.025727e-01
5.491148e-01
-3.235074e-01
-1.450200e-02
-2.751481e-01
-2.255201e-01
-2.562091e-01
-2.455059e-01
-4.033511e-01
-2.282437e-01
-2.338252e-01
-1.445881e-01
-2.783337e-01
-3.431725e-01
-3.882333e-01
-8.937391e-02
