-2.788638e-01
-4.252560e-01
-4.173288e-01
-3.777101e-01
-3.176587e-01
-3.946614e-01
-2.838714e-01
-3.806668e-01
-3.393638e-01
-3.699050e-01
-2.684340e-01
-3.887274e-01
-2.583970e-01
-7.749230e-01
-3.640219e-01
-3.459503e-01
-3.282320e-01
-3.983008e-01
-2.807460e-01
-3.127208e-01
-2.848265e-01
-6.156821e-01
-4.113002e-01
-4.185293e-01
-3.284152e-01
-2.776994e-01
-2.965422e-01
-3.068800e-01
-2.304516e-01
-3.373613e-01
-2.940662e-01
-3.923863e-01
-2.338278e-01
-3.459352e-01
-5.606232e-01
-4.242726e-01
-2.998620e-01
-8.069612e-01
-3.177999e-01
-7.152337e-01
-2.789956e-01
-4.033498e-01
-3.094500e-01
-8.478729e-01
-2.288989e-01
-3.877611e-01
-2.662462e-01
-2.641529e-01
-2.952627e-01
-4.902397e-01
-7.022071e-01
-2.661078e-01
-3.218210e-01
-3.708519e-01
-8.093243e-01
-2.724256e-01
3.972084e-01
-3.297349e-01
-3.926451e-01
-3.367771e-01
-2.855217e-01
-3.942688e-01
-2.689334e-01
-3.238854e-01
-3.966794e-01
-3.534420e-01
-3.027191e-01
-3.269334e-01
-3.368522e-01
-3.177155e-01
-3.527676e-01
-3.763074e-01
-3.103385e-01
3.118796e-01
-3.234423e-01
-5.750971e-01
-2.950453e-01
-4.268397e-01
-3.853011e-01
-3.331340e-01
-3.597092e-01
-7.219256e-01
-2.670157e-01
-3.349096e-01
-2.842150e-01
-3.541530e-01
-3.657777e-01
8.353604e-01
-8.977389e-01
-5.255161e-01
-4.580348e-01
-3.949868e-01
-3.059931e-01
-3.542980e-01
-2.740174e-01
4.265168e-01
-3.607173e-01
-3.622828e-01
-5.499734e-01
3.190771e-01
-3.252316e-01
-2.582775e-01
-3.071281e-01
-3.399530e-01
-2.067072e-01
-4.670911e-01
-3.805464e-01
-2.361072e-01
-2.971556e-01
-5.461845e-01
-2.998081e-01
-3.731740e-01
-3.438666e-01
-3.277450e-01
-3.245596e-01
-2.887601e-01
-3.266937e-01
-3.500299e-01
-3.505720e-01
-3.085617e-01
-3.754626e-01
-3.123515e-01
-3.479720e-01
-3.558757e-01
-3.812757e-01
-3.022346e-01
-3.014438e-01
-2.624364e-01
-3.790215e-01
-3.528657e-01
-3.147613e-01
-3.860509e-01
-3.587970e-01
-4.199090e-01
-3.210748e-01
-3.584987e-01
-5.160494e-01
-3.010488e-01
-6.422703e-01
-2.672158e-01
-3.337713e-01
-3.860866e-01
-3.337571e-01
-3.856738e-02
-2.995111e-01
-2.673900e-01
-3.096946e-01
-6.423753e-01
-3.795652e-01
6.922472e-01
-2.983879e-01
-4.570513e-01
-3.761667e-01
-3.883247e-01
-3.157172e-01
-2.543795e-01
-4.024415e-01
-3.989006e-01
-2.882389e-01
-3.420081e-01
-2.829388e-01
-3.360464e-01
-3.406008e-01
-3.953931e-01
-3.335780e-01
-3.546823e-01
-4.459282e-01
-3.351261e-01
-3.049639e-01
-4.822599e-01
-3.081965e-01
-5.773872e-01
-2.627134e-01
-3.642375e-01
-2.949151e-01
-2.751704e-01
-2.557253e-01
-1.103753e-01
-3.782573e-01
-3.399040e-01
-3.103003e-01
-3.583714e-01
-3.549072e-01
-4.071247e-01
-2.495149e-01
-3.649770e-01
-3.209429e-01
-3.683175e-01
-4.392644e-01
-7.111869e-01
-3.290577e-01
-2.499193e-01
-2.958241e-01
-2.990792e-01
-2.804596e-01
-3.828890e-01
-2.782511e-01
-3.141263e-01
-3.700738e-01
-3.063582e-01
3.626282e-02
-5.932112e-02
-4.037990e-01
-3.607816e-01
-3.160203e-01
-2.793934e-01
-2.337531e-01
-2.107869e-01
-5.050543e-01
-2.713976e-01
-3.455039e-01
-3.311682e-01
-2.824913e-01
-4.498057e-01
-6.087819e-01
-3.225697e-01
-3.269657e-01
-2.631917e-01
-2.906068e-01
-2.691660e-01
-2.767016e-01
-3.147774e-01
-7.268603e-01
-2.845724e-01
-3.003398e-01
-3.124973e-01
-2.306465e-01
-2.805934e-01
-3.787668e-01
-3.666424e-01
-3.314577e-01
-4.101951e-01
-6.336418e-01
-4.205620e-01
-4.504528e-01
-3.182677e-01
-3.573054e-01
-3.238512e-01
-3.697877e-01
-2.375013e-02
-3.159086e-01
-2.897583e-01
-4.090886e-01
-2.578551e-01
-2.799486e-01
-2.812670e-01
-3.108288e-01
-3.089852e-01
-4.761952e-01
-5.516111e-02
-3.024956e-01
-3.378452e-01
-3.704607e-01
6.466175e-01
-4.211966e-01
-3.624184e-01
