6.209057e-01
5.558000e-01
-1.329603e-02
4.314132e-02
-2.302138e-01
3.363248e-01
4.793064e-01
1.149147e+00
7.736399e-01
-1.522895e+00
-2.012031e+00
-2.079728e+00
-1.527496e+00
-6.797668e-01
1.010380e-02
-3.235703e-01
-1.581442e+00
-1.438043e+00
1.169770e+00
1.667392e+00
1.417866e+00
1.429328e+00
2.129065e-01
6.750693e-01
-8.543868e-02
4.469011e-01
1.804565e-02
-6.636093e-01
-1.117462e+00
-1.071732e+00
9.345125e-02
-1.175220e+00
-5.907470e-01
5.472575e-01
6.755406e-01
3.113104e-01
-3.598056e-01
-2.178652e-02
-2.451011e-01
-4.934060e-01
5.301065e-02
5.247434e-01
-1.745381e-01
-4.838359e-01
-1.787946e-01
1.476096e+00
4.923441e-01
1.396738e+00
2.016352e-01
8.095772e-01
1.883674e-01
-3.691510e-01
3.414064e-01
-1.270599e-01
-9.047883e-01
-3.983141e-01
1.316078e-01
1.175561e-01
-1.252340e-01
2.652668e-01
-1.404110e-01
5.030471e-01
1.436677e+00
-1.089983e+00
-9.080039e-01
1.403924e-02
-9.092368e-01
-6.035397e-01
2.510837e-01
1.062000e-01
1.325887e-01
2.576877e-01
-8.563535e-01
-7.765292e-01
-4.023015e-01
-1.544873e-01
2.540958e-01
1.240711e-01
2.807359e-01
1.199505e-01
4.178351e-01
1.159688e+00
-5.045698e-01
1.248475e+00
6.878679e-01
-1.279313e+00
6.586910e-01
7.268109e-01
-1.285423e+00
-7.528798e-02
5.290632e-01
-1.396621e+00
3.812330e-01
3.613141e-01
-9.813414e-01
-3.854991e-02
-4.558589e-01
-7.390694e-02
6.136068e-01
-2.771342e-01
-1.049580e+00
-1.125792e-01
4.947461e-01
-1.733146e+00
4.939763e-02
3.853836e-01
5.221432e-01
3.606258e-01
-2.355875e-01
-4.933799e-01
-6.245990e-01
2.010572e-01
-3.491425e-01
-8.828571e-01
1.070148e-01
1.061238e-01
-4.335371e-01
3.253481e-01
1.707262e-01
-1.918872e-01
4.892632e-01
-3.636398e-01
-2.821527e-01
2.139421e-01
5.356148e-01
-6.161778e-01
1.203154e-01
2.465398e-01
1.733972e-01
-4.719275e-01
-2.570971e-01
-3.689314e-01
2.317319e-01
-4.856969e-01
-5.039816e-01
-7.181730e-02
-2.355073e-01
-1.530809e-01
1.996337e-01
5.403823e-02
-1.521277e-01
1.503952e-01
3.293345e-01
-7.663989e-03
1.894578e-01
-2.010287e-01
-2.185475e-02
2.746467e-01
-9.608302e-02
-2.309205e-01
2.242738e-01
1.514911e-01
-4.984735e-02
-1.134458e-01
-1.917078e-01
2.343471e-02
1.213447e-01
1.515976e-01
-2.978965e-01
-5.680934e-02
2.933627e-02
3.703283e-02
6.445808e-01
7.798536e-01
2.510447e-01
4.527766e-01
-5.020482e-02
3.813395e-01
2.613636e-01
8.536024e-01
7.364537e-01
-3.593424e-01
-4.610355e-01
-5.060206e-01
-5.307605e-01
-6.010968e-01
-5.630899e-01
-6.731027e-01
-1.184501e+00
-1.125636e+00
-1.678736e-01
-4.667094e-01
3.098001e-01
-4.252247e-02
5.012726e-01
3.109220e-01
3.477846e-01
6.635772e-01
-1.386252e-01
9.895050e-02
-2.721287e-01
-4.803268e-01
6.687298e-02
6.355446e-02
-3.623519e-01
6.932528e-02
-1.095436e-01
-1.964264e-01
-9.960186e-03
1.499577e-01
-8.361295e-03
1.166144e-01
-6.738716e-02
-1.260134e-01
-6.520844e-02
2.174033e-01
1.673642e-01
-1.446573e-01
2.750776e-01
-4.873833e-02
4.116441e-02
-1.342152e-01
-2.725109e-01
1.785339e-01
-1.677249e-01
-2.617400e-01
