-7.727926e-01
-5.526135e-02
-7.990263e-01
1.127160e+00
1.325348e+00
4.165196e-01
4.431158e-01
4.631061e-01
-9.445736e-01
-1.659049e+00
9.040694e-02
-9.804281e-02
1.137716e+00
6.413389e-01
-3.961067e-01
1.856853e+00
9.621643e-01
-1.520172e+00
-5.196807e-01
-2.162493e-01
-7.981612e-02
1.146123e-01
5.464631e-01
-1.848786e-01
9.303690e-01
5.148891e-01
-6.515931e-03
-5.156449e-01
-3.434960e-01
-5.818843e-02
3.320360e-01
-2.003197e-02
-5.303513e-02
-1.811275e-02
2.458741e+00
-8.861836e-01
-5.845516e-01
-5.939710e-01
3.738209e-01
7.606419e-01
4.907237e-01
-9.105994e-01
7.368869e-01
1.875533e+00
-1.063945e+00
-3.189752e+00
3.182971e+00
2.733202e+00
1.311454e+00
-7.111550e+00
1.336224e+00
9.393019e-01
2.805847e+00
-4.601334e+00
1.631512e+00
2.492818e-02
9.507411e-01
-2.055267e+00
-2.544282e+00
2.540238e-01
6.843183e-01
-1.450567e+00
1.496014e+00
7.349114e-01
8.880084e-01
-4.580560e-01
-2.445484e-01
-2.279791e+00
6.878064e-01
-1.312492e+00
-1.133573e+00
1.080665e+00
