1.134484e+00
-1.994989e-01
5.334882e-01
-3.510428e-01
7.664758e-01
2.027530e-02
1.584274e-01
-3.093101e-02
-4.597215e-02
2.386290e-01
-5.432612e-01
-1.009785e+00
5.659412e-01
-5.724468e-01
9.914830e-01
-3.501470e-01
4.834844e-01
6.674324e-01
-3.553310e-02
-1.081769e-01
-2.657384e-01
-8.668593e-03
2.940966e-01
-6.539765e-03
4.393060e-02
-1.440553e-01
2.596672e-01
1.390479e-01
3.369603e-01
4.243334e-02
-7.520688e-02
-2.637453e-01
-6.294452e-02
6.762179e-02
1.935515e-01
-1.459019e-02
1.409912e-01
-7.043757e-03
2.349056e-01
-2.561044e-01
-3.826869e-02
4.131314e-02
4.998204e-02
1.341219e-01
1.044178e-01
4.368809e-01
-2.417714e-02
4.536388e-02
-3.319295e-02
4.524085e-02
-1.175588e-01
9.282795e-01
3.094921e-01
-5.025291e-02
2.251599e-01
4.273987e-02
-6.637583e-02
-7.040899e-02
2.997435e-01
-1.192383e+00
-1.631655e-01
1.513060e-01
-1.730379e-01
2.211960e-01
1.344165e-04
-1.220701e-01
-2.043049e-01
5.905111e-02
1.080041e-01
-1.999959e-02
-6.189372e-02
-3.377449e-01
-8.975361e-02
3.969451e-01
4.063092e-02
7.856032e-02
1.994450e-01
9.115239e-02
3.169283e-01
-5.016103e-02
8.397502e-02
-7.747738e-02
-9.602548e-02
-1.575858e-01
-5.397110e-02
-4.876029e-01
-3.451626e-02
-1.023752e-01
-4.661402e-01
-1.164327e-01
-3.981439e-02
-3.152017e-02
-3.990746e-02
-6.158173e-02
3.574001e-01
-1.391926e-01
2.609670e-01
-2.304471e-01
2.940882e-01
1.149075e+00
-2.396580e-01
-4.866679e-01
4.572831e-01
6.805367e-01
-1.038366e-01
1.136249e-01
4.147215e-01
5.514790e-02
5.341528e-02
2.342688e-01
1.139534e-01
1.433683e-01
-8.009686e-01
-4.302450e-01
6.232772e-01
2.594973e-01
-7.265174e-01
-2.873822e-01
-9.148393e-01
-5.080322e-01
-8.801028e-02
1.782410e-01
-1.097893e-01
-2.863359e-01
-3.910752e-01
-1.286296e-01
1.084352e+00
-9.640808e-02
