-2.804548e-02
-6.479906e-02
5.373510e-02
1.375903e-01
1.751864e-01
1.624801e-02
2.888012e-01
3.527082e-01
5.220113e-02
6.394719e-02
3.449896e-02
-1.948521e-01
-2.394984e-01
-3.558573e-01
-1.421610e-01
-2.173197e-01
-4.200528e-01
3.121250e-02
7.688473e-03
-7.514533e-03
-1.444789e-02
-7.990275e-02
-7.246057e-01
-3.994199e-01
1.074850e-01
-3.771929e-01
-3.032705e-01
-2.087559e-01
9.100260e-01
6.618469e-01
1.018153e-01
4.758004e-01
4.196400e-01
1.848077e-04
-5.948485e-01
-2.172449e-01
-1.701869e+00
-7.816927e-01
1.182760e-01
-1.022426e+00
-1.624162e-01
2.414994e-01
2.795781e-01
2.445891e-01
2.767961e-01
-1.403699e+00
4.033971e-01
2.149819e-01
8.908395e-01
-1.217940e+00
3.285345e-01
7.095318e-01
2.306166e-01
-5.853682e-01
-6.862056e-02
1.848790e-01
1.444652e-01
3.466972e-01
4.331927e-01
8.332152e-02
4.877101e-01
3.752037e-01
8.177076e-02
-3.106523e-01
-4.396721e-01
-2.921326e-01
-3.936284e-01
-6.254302e-01
-2.851163e-01
-2.194879e-02
-1.978710e-01
-6.151919e-02
-2.910902e-01
-9.631079e-01
1.012876e+00
-7.519801e-01
-3.955143e-01
8.184991e-01
-1.026277e+00
1.108571e+00
6.090363e-01
-1.991436e-01
8.264573e-02
2.083467e-01
2.748077e-01
8.036075e-01
6.327322e-01
4.338467e-01
7.186839e-01
1.239951e-01
-7.781846e-01
2.130089e+00
-1.081527e+00
8.057952e-02
-1.028087e+00
1.193946e+00
2.311559e-01
-8.053914e-01
2.399946e-01
-2.165616e-01
-2.440239e-01
-9.447803e-02
-3.547882e-01
-9.356390e-01
-2.816896e-01
-2.878334e-01
-4.852690e-01
-3.615482e-01
3.647416e-02
1.162173e-01
8.334024e-02
3.559868e-01
3.856315e-01
1.801212e-01
3.677399e-01
2.985137e-01
1.037130e-02
1.548124e-01
1.799365e-01
-1.851764e-02
7.487448e-01
8.428987e-01
1.775998e-01
5.587296e-01
6.259170e-01
1.358959e-01
-1.420521e-01
-3.808266e-01
-1.816952e-01
-1.634426e-01
-4.028576e-01
-3.074837e-01
-1.108751e-01
-2.749901e-01
-2.643083e-01
-4.864479e-01
-3.299485e-01
-2.088719e-02
-4.994347e-01
-9.127067e-02
1.016618e-01
-1.544407e-01
2.725503e-02
2.086676e-01
