-1.574847e-01
-2.304264e-01
2.159924e-01
3.481937e-01
1.009429e-01
1.567555e-01
1.692040e-01
3.936349e-01
4.273805e-02
-4.336912e-01
1.128045e-01
-8.530308e-02
1.165669e-01
7.628301e-02
2.231929e-02
-1.275868e-01
-6.947818e-02
1.435726e-02
2.906138e-02
-1.976342e-01
-3.165578e-02
-3.655684e-02
2.289611e-02
8.994924e-02
2.163730e-01
2.184106e-02
-2.314422e-02
6.005934e-02
-4.605825e-02
-1.232753e-01
7.629501e-02
-8.239780e-03
-6.471840e-01
4.597582e-02
6.250378e-01
-1.682925e-01
1.651799e-01
1.490298e-01
4.472531e-01
-1.353934e-01
4.010576e-01
-7.488297e-01
2.552124e-01
4.294276e-02
1.323378e-01
-2.132990e-01
1.713713e-02
3.933477e-01
-2.800498e-02
-8.970340e-02
-5.169398e-02
-1.883607e-01
3.642842e-01
7.334440e-01
-1.144853e-01
1.402695e-01
4.988218e-02
-2.022257e-01
6.267685e-01
4.395851e-01
3.733350e-02
-1.497428e-02
2.595230e-01
9.225250e-02
2.168535e-01
-1.398595e-01
-4.450666e-01
-5.779255e-02
-4.048081e-02
1.324865e-01
-9.421758e-02
-1.760454e-01
1.698578e-01
3.006853e-01
5.141200e-02
4.135074e-01
1.403402e-01
-1.120264e-01
7.074746e-02
-2.880552e-01
-1.550534e-02
6.174175e-03
-2.272038e-01
1.894702e-01
-5.613069e-02
-7.100141e-02
1.237553e-01
-1.333786e-01
1.146935e-02
5.686285e-02
8.603513e-03
2.879781e-01
-1.434662e-01
1.268034e-02
-8.659649e-03
1.305414e-01
3.999050e-02
1.087571e-01
8.780821e-02
-2.121873e-01
-1.842757e-01
-3.711157e-03
9.990394e-02
-4.568601e-01
9.289453e-02
-1.168539e-01
2.372513e-02
1.796424e-01
-7.379962e-02
5.211887e-01
-3.695945e-02
1.873603e-01
3.840521e-01
-4.538309e-01
-7.103067e-02
-4.629799e-02
7.375062e-01
1.962842e-01
1.447708e-01
2.223563e-01
4.194661e-01
3.012701e-01
6.770898e-02
-4.569967e-02
-5.123531e-02
4.649857e-01
-2.507775e-01
-1.701434e-01
-1.069564e-01
5.595424e-02
-2.374002e-01
4.298988e-01
-5.987610e-02
-2.920776e-01
-5.956610e-01
4.846384e-01
-2.196549e-01
-8.660082e-02
-1.707712e-01
-1.188156e-01
5.668130e-02
1.811982e-02
-2.544055e-01
4.220549e-02
-4.141542e-02
-3.966641e-01
1.039019e-01
3.688889e-01
-8.414603e-02
7.150745e-02
6.946561e-01
-5.044597e-01
1.097858e-02
-9.144546e-03
1.787960e-01
1.307325e-01
4.034922e-02
-3.793061e-01
-9.860485e-02
5.706097e-02
1.633365e-01
-1.455936e-01
5.017454e-02
-3.093604e-01
-5.927297e-02
1.814209e-01
2.047890e-01
7.730437e-02
-8.027817e-02
2.879117e-03
5.290181e-02
2.718192e-01
-2.698885e-01
6.190268e-01
1.585351e-01
-2.131544e-01
-1.154798e-01
-2.381875e-01
4.640798e-02
2.514553e-01
-1.105360e-01
1.345685e-01
-7.414621e-02
-2.223305e-01
6.812524e-01
-4.440653e-01
1.091611e-01
6.917588e-02
1.811271e-01
2.179115e-01
-7.670334e-02
-1.400383e-01
-7.065535e-01
5.005314e-01
8.614376e-01
1.477580e-01
-1.109149e-01
1.903276e-01
1.598175e-01
-4.329609e-01
2.832720e-01
-2.147211e-01
6.436814e-02
1.271140e+00
-3.238126e-01
-3.140176e-01
-3.380129e-01
5.194334e-01
1.593885e-01
-1.864033e-01
-1.431594e-01
6.111043e-01
2.272748e-01
2.728556e-01
-5.932539e-02
-2.515553e-01
1.292526e-01
2.052439e-01
2.440143e-01
-3.365351e-02
2.087635e-01
-1.763905e-02
-3.434629e-01
-1.068492e-01
-2.454380e-02
1.203269e-01
3.910957e-01
-9.531859e-01
-7.349262e-02
6.163182e-02
1.001601e-01
2.656850e-01
2.718428e-01
3.869808e-01
7.634592e-02
2.418913e-01
-2.147900e-01
-6.096552e-02
1.665569e-02
3.211704e-01
-5.359194e-02
-1.554749e-01
-1.831237e-01
-2.116820e-01
3.539585e-01
-2.537300e-01
-1.274924e-01
-4.270052e-01
7.172138e-02
3.997099e-01
-1.230788e-01
4.075525e-01
3.591892e-02
-5.316596e-02
-2.726966e-01
1.324527e-01
9.137875e-03
-6.178972e-02
4.254602e-01
2.823345e-02
1.268916e-01
4.975005e-02
1.064596e-01
2.482153e-02
2.527783e-02
-5.424251e-01
4.694209e-02
4.505710e-01
-3.135134e-02
1.083302e-01
-3.867851e-01
8.574412e-02
2.409276e-01
-1.562573e-02
-2.689061e-02
3.016697e-01
-1.887168e-01
-9.908447e-02
3.941161e-02
2.645524e-01
-4.935112e-02
1.988044e-02
-5.289166e-02
8.845557e-02
-2.542269e-01
1.552438e-01
5.471157e-02
9.521586e-02
5.260331e-01
3.249702e-01
1.500618e-01
-1.237722e-01
7.692635e-01
-5.268300e-02
1.266634e-01
3.185981e-01
-1.438874e-01
2.102670e-01
-3.326447e-02
1.268408e-01
-1.082212e-01
4.834795e-01
-3.267694e-01
-5.307420e-01
2.624549e-01
-4.145724e-02
9.605473e-02
-4.329580e-02
5.145317e-01
6.482588e-02
-2.496107e-02
-1.032812e-01
4.294813e-01
1.959966e-01
3.382637e-02
1.805103e-01
1.365630e-01
-4.116476e-01
-1.126451e-02
-3.875575e-01
2.476132e-02
-1.575579e-02
6.648303e-03
-8.166045e-03
2.819641e-03
3.080456e-02
-2.002652e-01
-4.456472e-02
4.346019e-01
4.740559e-02
-2.005637e-02
8.408781e-03
1.111907e-01
7.830866e-02
-4.237788e-02
3.681288e-02
1.461388e-01
-1.642699e-01
-9.474337e-02
-1.764911e-02
2.090373e-01
2.300113e-01
-2.927877e-01
1.209411e-01
-1.464514e-01
-7.729635e-02
2.720513e-01
-2.135570e-01
6.251832e-01
1.844978e-02
2.603117e-01
-1.246017e-01
3.012326e-02
2.621298e-02
-1.960056e-02
5.785678e-02
2.544293e-01
-1.946178e-02
-1.054307e-01
-1.178616e-01
-4.157303e-02
-4.854767e-02
-2.869852e-02
2.975766e-01
3.453590e-02
-1.409211e-01
-9.093275e-02
3.034637e-01
-1.445768e-02
-1.206471e-01
-5.404466e-01
-2.957081e-01
-9.528238e-02
2.578118e-02
-3.706779e-02
-4.388904e-02
-1.152601e-02
5.453003e-01
2.394081e-02
1.867515e-01
-1.849592e-01
-2.108389e-01
-8.184477e-02
-1.437407e-01
-4.378247e-01
-2.189415e-01
3.648946e-01
-5.038379e-02
6.576305e-03
2.634311e-01
3.802671e-01
-1.279460e-01
1.011739e-01
-1.027073e-01
3.117029e-02
2.747568e-01
-6.914813e-01
1.122733e+00
-2.518506e-03
-3.363344e-01
4.665758e-02
-1.813710e-03
-1.672964e-01
-1.802874e-02
8.609571e-02
8.491796e-03
1.434665e-02
-2.216627e-02
1.563484e-02
-1.030773e-01
-1.443406e-02
2.625141e-01
-5.616705e-02
2.632778e-02
-1.472743e-04
9.903982e-02
3.868271e-01
5.639736e-02
-4.685248e-02
2.992722e-01
-7.964326e-02
1.177538e-01
2.928997e-01
4.002593e-01
2.809750e-01
-1.534999e-01
1.927460e-02
9.664360e-02
-4.149929e-04
5.030990e-01
2.149536e-01
4.779579e-01
1.834283e-01
-2.289511e-01
-9.418094e-02
-3.395253e-02
-2.358438e-01
1.650845e-01
1.093899e-02
3.050741e-01
-6.723984e-02
2.739226e-01
1.624648e-01
9.626831e-02
-2.796624e-02
-1.383569e-01
1.510922e-01
-2.901870e-02
-1.990520e-01
-1.522754e-02
-2.776715e-01
-1.313886e-01
6.645477e-02
2.152744e-02
4.479073e-01
1.000281e-01
3.550771e-01
-1.240604e-01
5.932795e-03
-4.557356e-02
7.211050e-01
6.882097e-02
2.461990e-01
8.755495e-02
3.701801e-01
2.864220e-01
2.474752e-01
5.462496e-01
2.526272e-01
-5.769593e-02
3.181623e-01
-1.201021e-02
-1.464649e-01
-1.002766e+00
-5.418549e-02
1.257261e-01
-4.830549e-02
4.563106e-01
-7.089714e-01
-1.973853e-01
3.928277e-03
7.985766e-02
2.041266e-02
3.599409e-02
-1.338465e-02
9.775862e-01
-1.348694e-01
1.150640e-01
-1.340873e-01
-1.227527e-03
8.377773e-01
-1.777493e-02
-9.410092e-02
-4.411036e-02
8.977456e-02
-4.044487e-02
-2.656057e-01
-3.101182e-02
3.076189e-01
1.254294e-01
-1.489018e-01
5.521493e-02
6.936124e-02
2.587060e-01
-2.032576e-01
3.460543e-01
1.171223e-01
-3.128408e-01
5.437691e-01
5.196315e-01
3.172389e-01
-5.993670e-01
