1.399133e-03
6.426129e-01
-1.795525e-01
6.830952e-02
1.137662e+00
7.714596e-01
-9.320437e-01
-2.583467e-03
2.367344e-01
-3.427678e+00
3.346462e+00
6.158091e-01
1.436732e+00
3.883135e-01
-8.405843e-01
2.263268e+00
-2.050854e+00
-6.002178e-01
4.387913e-02
-8.412306e-01
2.276553e-01
2.564156e-01
-6.256492e-01
-1.960467e-01
4.920083e-01
-1.220518e-02
-4.215220e-01
-5.930714e-02
2.393985e-01
-1.460079e-01
-2.388819e-01
6.406095e-01
4.244291e-01
-2.077948e-01
1.140158e-01
4.533631e-01
4.215366e-02
-5.165496e-01
1.544631e-01
9.310779e-02
-5.647146e-01
-5.610747e-02
4.225052e-01
-7.339171e-01
-2.847655e-01
1.538752e+00
-8.164554e-01
-8.676685e-02
1.707718e+00
-1.233334e+00
-1.013237e+00
3.094379e-01
-3.743509e-01
-6.115984e-01
7.142936e-02
6.910386e-01
-6.796756e-01
-1.758497e-01
1.617773e+00
-1.019680e+00
1.895026e-04
4.645925e-01
-2.420397e-01
7.450666e-01
7.161626e-02
2.655232e-01
2.013487e-01
-8.621559e-01
-4.141502e-01
-2.255963e-01
-1.386828e+00
-4.120680e-01
-1.080988e+00
-1.091226e+00
-8.299404e-01
4.683954e-01
1.240364e+00
5.073075e-01
2.127947e-01
5.345148e-01
-2.347639e-01
-3.594994e-02
3.347180e-01
-3.971675e-02
4.365241e-02
6.856456e-01
-1.403177e-02
-1.124771e-01
6.217000e-01
4.393436e-02
7.447872e-02
5.440465e-01
-5.767350e-01
-9.735967e-01
1.262281e+00
9.310527e-01
-1.256240e-01
-8.914815e-01
-4.364202e-01
-2.323741e-01
-8.676210e-01
3.337190e-01
8.659945e-02
-9.953152e-01
8.621663e-01
6.146394e-02
-6.794902e-01
4.406941e-01
-3.103372e-01
4.504732e-01
2.621790e-01
-3.807612e-01
1.037120e+00
2.467886e-01
-2.441749e-01
-2.177234e-01
-3.514570e-02
-4.601202e-01
9.427539e-01
7.695460e-01
-1.393979e+00
-5.052558e-01
7.511734e-01
-4.025763e-01
-5.585116e-01
-1.078816e-01
3.396744e-01
-5.073118e-01
3.602093e-02
-9.025872e-01
1.542940e+00
-8.079263e-02
5.917460e-01
-4.915982e-01
1.183977e-01
-2.631919e-01
2.502764e-01
1.538023e-01
-2.460526e-02
7.105979e-01
4.673981e-01
-1.664702e-01
2.157101e-01
-7.980384e-02
-8.932074e-01
-1.283653e+00
-4.142738e-01
1.616743e+00
1.086588e+00
-9.857765e-01
-6.821156e-01
1.247526e+00
-1.040314e-02
-7.558429e-01
1.200253e+00
1.319908e+00
-6.168921e-01
3.472719e-01
3.776132e-01
-1.637230e-01
-7.196907e-01
-7.688866e-01
-2.412185e-01
-1.282331e+00
-4.940861e-01
-1.359064e-01
1.119630e+00
8.518778e-01
1.510548e-01
-4.447242e-02
2.101240e-01
1.455835e+00
-4.422320e-01
-4.026955e-01
1.067629e+00
-8.177700e-01
-5.225381e-01
-4.952771e-02
1.354607e-01
-5.384829e-02
2.062542e+00
-2.057541e+00
-6.422940e-01
-2.974733e+00
3.251692e+00
7.569316e-01
6.036257e-01
-1.770212e+00
-2.238416e-01
-1.947747e-01
5.177394e-01
1.537679e-01
2.759300e-01
8.872938e-01
7.363796e-02
8.751017e-02
1.748281e-01
-2.466803e-01
-2.097717e-01
-2.765030e-01
-6.394311e-01
-4.640468e-01
-8.994376e-01
1.576527e+00
-4.328118e-01
-1.286602e+00
4.744988e-01
1.179398e+00
-1.287530e+00
-6.634171e-01
-7.237568e-01
-1.601037e+00
1.660319e+00
-9.384859e-01
-6.467817e-01
1.399776e+00
-2.127608e-02
-8.826567e-01
1.794781e-01
-1.930288e-01
-1.005640e+00
-1.508413e-01
3.869205e-01
-1.798314e-01
7.557679e-02
-6.190247e-01
-1.311972e+00
2.137370e+00
-3.079341e-01
-1.319355e+00
1.607906e+00
-1.088600e-01
-2.861066e-01
6.419491e-02
-2.414044e-01
1.482510e-01
8.616732e-02
-3.372292e-01
4.966180e-01
9.109840e-01
-1.130763e-01
2.704038e-01
-8.659999e-02
-6.329322e-02
1.052458e+00
2.188715e-01
-4.138877e-01
4.355271e-01
8.863635e-01
2.295914e-02
-6.538723e-01
-2.289904e-01
-7.173312e-02
9.329070e-01
-7.609946e-02
-6.549597e-01
1.197521e+00
-4.635188e-01
-7.599723e-01
5.452690e-01
-4.504592e-01
6.384431e-01
8.788223e-01
-2.436305e-01
6.880180e-01
-6.342618e-01
-7.110685e-01
-3.435341e-01
-4.301845e-01
1.143909e-01
9.188694e-02
-3.104737e-01
2.372330e-01
-8.362265e-01
-1.139117e+00
-2.883851e-01
-6.107869e-02
-9.747027e-01
5.732495e-03
4.959046e-01
4.442720e-02
-1.846389e-01
4.722848e-01
7.229434e-01
2.517217e-01
-1.118075e-01
-2.354527e-03
1.640377e-01
