-1.448623e-01
2.368490e-03
4.227979e-02
-2.818770e-02
1.208698e-02
-3.850025e-02
1.054113e-01
-1.702304e-01
5.323287e-02
-6.528682e-02
-8.946534e-02
5.158806e-03
4.015897e-01
8.626510e-02
3.140163e-02
3.869005e-02
6.742043e-03
6.133931e-02
1.742142e-01
3.737246e-02
-2.449404e-02
-6.556489e-02
1.897139e-01
3.491946e-03
-7.269531e-02
-1.608899e-02
-2.203099e-01
-5.878378e-02
1.586293e-03
-2.381108e-03
-8.384918e-02
-1.005318e-01
1.494831e-01
-1.024964e-01
-3.316830e-02
1.780921e-01
-3.343516e-01
-3.149309e-01
-1.009613e-02
-3.276527e-01
9.783449e-01
-2.298438e-01
2.013535e-01
-4.764528e-02
-6.188593e-02
-5.097989e-01
1.626925e-01
-3.159696e-01
1.466375e-01
7.474260e-02
7.955680e-01
2.540435e-02
9.942925e-02
1.093500e-01
2.504787e-01
1.603659e-01
-3.597849e-01
-5.194078e-02
1.869978e-01
-5.216036e-01
-4.313007e-02
-5.390128e-01
-2.671255e-01
7.633863e-02
9.605319e-02
1.053289e-01
-1.227510e-02
7.484012e-03
-7.237205e-02
4.168662e-02
1.024156e-01
-5.493344e-02
2.669236e-02
1.077054e-01
4.374848e-02
4.291174e-02
4.552682e-02
-5.491223e-02
7.794860e-02
-8.131457e-02
1.847476e-01
2.221754e-02
7.924294e-02
-4.241765e-03
9.607412e-02
-2.220755e-02
4.126280e-05
2.973957e-02
-3.983574e-02
5.687929e-02
1.321496e-02
-3.727481e-02
-2.249250e-02
1.597677e-01
-2.744333e-01
4.463245e-02
-1.294411e-02
-7.581511e-02
-2.826923e-01
-2.896095e-02
2.843651e-01
-1.804104e-01
-4.027970e-02
2.501674e-01
4.048040e-01
-4.950620e-01
9.046130e-03
-1.986274e-01
1.235009e-01
1.785298e-01
9.229832e-02
-2.460487e-02
2.757903e-02
5.020694e-01
-1.905018e-01
7.560379e-02
9.325244e-03
-4.794754e-01
-1.284622e-01
-1.003517e-01
-1.030136e-01
1.685457e-01
-3.333305e-02
-1.084840e-01
-1.386191e-01
3.100648e-01
-2.662816e-02
-1.055544e-01
-8.403949e-02
-5.363536e-02
9.079758e-02
1.866143e-01
-2.310591e-01
2.155256e-02
-8.636826e-02
-5.261512e-02
9.194518e-03
-1.064787e-01
-6.982265e-02
-3.019595e-02
5.281034e-02
1.705644e-02
-2.232681e-02
3.348404e-01
-4.648198e-02
-5.981022e-02
-1.041037e-02
1.597238e-02
-5.696455e-03
2.689381e-01
1.715272e-02
6.209319e-02
1.238962e-01
3.236575e-02
3.477473e-02
7.280835e-03
4.545376e-02
-3.904573e-02
-1.915829e-02
-8.256222e-02
2.915031e-01
1.059252e-01
-7.917108e-02
8.022431e-02
1.134893e-01
-7.595452e-03
-9.691110e-02
8.386265e-03
-1.314893e-02
-3.288805e-01
1.514506e-02
1.128505e-02
-5.864198e-02
3.739550e-01
-3.387819e-02
8.487277e-02
1.679367e-01
-1.871695e-01
8.656612e-02
1.410428e-02
1.578409e-02
2.017655e-01
1.547015e-01
7.317663e-02
1.593466e-01
-3.893452e-03
-1.994162e-01
-1.246824e-01
-1.869002e-01
1.209977e-01
1.671821e-01
8.181552e-02
-1.035080e-01
1.180304e-01
-1.364933e-01
1.893507e-01
-3.319988e-01
1.463171e-01
1.255193e-01
-2.951874e-01
-1.498535e-01
3.543402e-01
-1.530375e-03
-8.571685e-02
2.681345e-01
-4.402453e-02
4.838342e-02
-8.347099e-02
2.623574e-01
5.381986e-02
8.263509e-02
1.578072e-01
1.901633e-01
-8.330000e-02
8.953075e-03
4.081814e-02
-3.381391e-01
2.149489e-01
1.891495e-01
-4.304882e-02
-2.208864e-01
1.604723e-02
-4.055073e-01
8.110856e-02
3.918227e-01
1.668556e-01
-2.162280e-02
-1.731328e-01
1.811122e-01
-4.392739e-02
3.936189e-01
-2.412519e-01
3.990101e-01
-1.033959e-01
-1.309254e-01
4.938185e-01
5.181365e-02
3.013323e-01
-2.004374e-01
-8.493142e-03
-7.605706e-03
-7.927160e-02
6.340440e-02
1.082591e+00
-2.283744e-02
4.918671e-01
7.964744e-02
2.460127e-01
-3.157821e-01
1.402011e-01
3.471685e-01
-2.522287e-01
1.216462e-01
2.960955e-01
-9.628469e-02
-8.742873e-02
2.757419e-01
-1.365834e-01
2.379121e-01
2.948665e-01
-7.437994e-02
6.748619e-02
9.649334e-02
2.655098e-01
-5.281084e-02
-1.128390e-01
3.341872e-01
8.809727e-02
-3.890684e-01
5.681159e-02
-1.145168e-01
-1.526716e-01
-1.413406e-01
1.591026e-01
-2.912789e-02
-2.704569e-01
2.295964e-02
1.426611e-01
9.824158e-02
4.769224e-04
-9.578612e-02
-3.614657e-03
4.810207e-02
3.884224e-01
1.183956e-01
-1.067790e-01
-4.888788e-01
1.102648e-01
-9.444126e-03
7.349657e-03
-1.054327e-01
1.760189e-01
6.775220e-03
2.831601e-02
-8.186935e-03
-1.979572e-02
-2.153857e-02
4.943771e-02
-6.774235e-02
-4.379568e-02
2.752509e-01
2.405317e-02
-4.314933e-02
3.687568e-02
6.974348e-02
-4.674900e-02
2.843471e-02
-2.970972e-03
-1.545521e-02
-4.396231e-02
-1.751980e-01
8.123234e-02
1.004546e-01
3.517541e-02
-6.705544e-02
-1.987785e-01
8.677364e-04
4.162986e-02
-2.644456e-03
-6.254287e-02
1.706741e-01
-4.937781e-01
2.885429e-01
5.227816e-01
1.419396e-01
2.762321e-01
-2.390886e-01
-3.203363e-01
-1.130222e-01
2.923600e-01
2.761892e-02
-6.300766e-01
-1.408641e-02
-3.530190e-02
1.258466e-01
-3.497823e-01
1.119316e-01
1.639132e-01
-3.300619e-01
-2.120817e-01
-2.682296e-01
2.714258e-01
-2.797160e-01
-3.741931e-01
2.682430e-01
-1.015430e-01
-1.759393e-01
7.087827e-02
-1.091346e-01
-1.589203e-01
-1.031734e-01
1.836136e-01
4.285307e-01
-1.924286e-01
-9.920651e-02
-1.658972e-01
2.216645e-01
-1.303609e-02
-2.057511e-01
7.148581e-02
1.550883e-01
2.184360e-02
2.429172e-01
-1.043957e-01
2.960981e-01
-4.779066e-01
8.506139e-02
-3.054775e-01
-1.297953e-01
1.641519e-01
5.570408e-02
2.121758e-01
-3.363253e-01
-2.321431e-01
1.734730e-01
-4.362147e-02
-8.384638e-02
1.152240e-01
-2.007776e-02
-2.386056e-01
-1.266922e-01
-5.441598e-02
-2.007641e-01
4.013721e-02
1.501755e-01
2.818578e-01
2.396034e-03
-1.932796e-01
-1.503106e-01
-4.561539e-01
-7.055261e-02
-1.027889e-01
-3.590402e-01
-5.203240e-02
-1.073105e-01
4.662429e-02
-9.497069e-03
-1.819131e-02
-9.611421e-02
-1.244052e-01
-1.320822e-02
6.355671e-01
-2.729265e-01
3.181342e-01
-5.894821e-02
-1.390786e-01
-1.558183e-01
-1.507315e-01
2.461821e-01
2.683311e-01
4.526549e-01
-1.065303e-01
-3.575177e-02
-1.277282e-01
1.470004e-01
-2.927857e-02
1.863950e-01
-3.884269e-02
1.226840e-02
-6.343569e-02
1.112573e-01
2.386243e-01
-5.794148e-02
9.176508e-02
-1.337551e-01
3.345035e-01
9.914117e-02
-1.458433e-01
-1.327337e-01
5.673975e-02
-1.170778e-01
6.378987e-02
1.614993e-01
-2.529538e-02
-7.559999e-02
1.743332e-01
-7.969198e-02
-8.309252e-03
1.218261e-01
3.108005e-01
6.044870e-02
3.506974e-01
-1.121131e-01
-1.233780e-01
5.228783e-01
1.269299e-01
1.252099e-01
7.012934e-02
1.187902e-02
1.126486e-02
-3.850600e-02
7.676000e-01
1.837543e-01
-3.882219e-01
9.548188e-01
2.251291e-01
1.921167e-01
-4.456787e-01
6.820288e-01
9.793200e-02
-6.167366e-01
3.883623e-01
1.854248e-01
-1.026023e-01
-1.544452e-01
5.629883e-02
-1.985995e-01
-7.181900e-02
-1.770647e-01
3.588383e-02
-5.112128e-01
-1.935822e-01
1.532907e-02
1.103197e-01
8.628325e-01
-6.028585e-01
-3.389318e-01
4.056720e-02
6.953931e-01
-6.823191e-01
5.458366e-01
-3.312569e-01
3.331634e-02
-1.452914e-01
-5.750971e-02
-3.388887e-02
-8.220794e-03
-4.905916e-01
-1.725550e-01
-1.490026e-01
-9.068139e-02
-1.924872e-02
4.519122e-01
-4.103988e-01
1.497828e-01
3.190869e-02
1.209094e+00
-2.229425e-01
-3.362672e-01
1.592743e-01
-1.827091e-01
-2.155932e-01
-6.588581e-01
2.815462e-01
1.317662e-01
3.211004e-01
2.119121e-01
-3.242108e-03
-1.035450e-01
3.759515e-01
3.917341e-02
-3.678020e-01
-2.402946e-02
1.612665e-01
1.283715e-02
-1.260463e-01
1.865270e-02
-9.361345e-02
-3.878722e-02
-2.621051e-01
-3.131122e-02
-1.689764e-01
8.999558e-02
-2.399224e-01
-7.524902e-02
9.092950e-02
6.424811e-02
4.338104e-02
-3.687387e-01
5.913225e-02
5.029989e-01
-1.158843e-01
7.713424e-02
3.144868e-01
7.112208e-02
1.477124e-01
-7.664536e-02
-1.153769e-01
-1.153269e-01
-4.400184e-01
5.475616e-02
3.737166e-01
-4.396575e-02
1.091769e-01
3.159570e-02
2.032490e-01
-6.322684e-02
1.246785e-01
7.790284e-02
-6.678268e-03
-2.913432e-02
-6.438191e-03
-2.242373e-01
-8.601449e-02
6.801468e-02
-3.188190e-02
-4.617622e-02
3.178319e-02
2.365110e-01
-4.530194e-03
-7.955620e-02
-5.018760e-02
-1.648958e-01
-1.297423e-03
3.729804e-01
6.255753e-02
-5.444959e-02
1.477827e-02
-1.563290e-03
-4.206054e-03
7.774152e-02
1.273593e-01
-1.329812e-01
-5.503863e-02
-2.155389e-01
-8.563724e-03
-3.741006e-03
-3.037395e-01
-1.266899e-01
-1.075959e-01
7.636735e-02
2.774940e-01
-8.394699e-02
1.426472e-02
1.993707e-01
2.201257e-01
-6.281015e-02
1.171826e-01
-6.837575e-02
-1.453981e-01
-1.287919e-01
1.016855e-01
6.310437e-02
1.955644e-01
6.163835e-02
-2.414760e-01
-5.476687e-02
-4.454096e-02
-4.372334e-01
-1.758360e-01
-4.224437e-02
-3.915917e-01
-1.519216e-02
-8.540908e-02
1.396387e-01
-7.647246e-02
-4.125334e-01
1.418231e-01
1.366469e-02
1.102166e-01
-1.337652e-02
-1.582992e-02
-1.824816e-01
-1.703188e-01
-2.560875e-01
-5.821011e-03
-1.418804e-01
1.078244e-02
-1.710884e-01
-2.549300e-01
-1.067748e-01
1.493796e-01
5.173285e-03
4.578837e-01
-4.186856e-01
-2.448178e-01
3.420091e-01
7.162888e-03
4.513921e-02
1.798171e-01
-2.822666e-01
6.239201e-01
3.879531e-01
-3.391816e-02
1.803670e-01
1.264539e-01
-1.038916e-01
4.993623e-01
5.112692e-01
8.293743e-02
2.394042e-01
1.523141e-01
-1.523429e-02
-4.862873e-02
9.613566e-02
2.503687e-01
-3.787782e-01
5.868328e-02
8.402100e-02
-1.311006e-01
-1.774392e-01
-1.030414e-01
-3.015617e-01
-2.743315e-01
1.015063e-01
1.578523e-01
-7.066087e-02
-1.084122e-01
-2.692562e-01
1.829988e-01
1.847435e-01
3.588738e-01
6.111981e-02
-1.272584e-01
-3.750220e-02
-1.947674e-01
6.532332e-03
1.778152e-02
-1.188760e-01
4.607390e-01
1.541938e-01
3.510582e-01
5.808092e-02
-4.147712e-02
2.618068e-01
-2.686557e-01
-1.795321e-01
3.670333e-01
-1.355381e-01
8.852655e-03
-1.542789e-01
-4.690605e-02
7.178887e-02
7.078703e-02
-3.724139e-01
-2.211580e-02
5.612816e-02
1.018059e-01
1.926948e-01
9.753024e-02
-1.431419e-01
1.226894e-01
-1.853224e-02
-1.009364e-02
-3.365332e-01
6.747684e-03
-1.845034e-01
4.714882e-02
1.425063e-01
-1.874027e-02
-5.023546e-02
1.373281e-01
1.062180e-03
-1.123403e-01
2.336870e-01
1.588217e-01
-6.039415e-02
-4.105290e-01
-3.157437e-01
7.349546e-02
-1.348947e-02
-1.279821e-01
-3.915571e-02
3.952691e-01
6.145928e-02
2.668029e-02
-1.826244e-01
-2.966326e-01
4.572894e-02
-2.761522e-01
9.819118e-02
8.581200e-01
3.224591e-03
1.592391e-01
2.453650e-01
-2.870235e-01
1.770348e-01
-1.350534e-01
-2.358892e-01
-2.237845e-01
7.975709e-01
3.013361e-01
-1.526236e-01
-1.232901e-02
8.821870e-02
1.127217e-01
-1.319047e-01
-1.795557e-01
1.515564e-01
2.543857e-01
1.373574e-02
3.743600e-01
4.186372e-01
-2.089164e-01
-2.817405e-01
-9.723821e-02
3.696818e-02
4.463081e-01
-1.466236e-01
4.114780e-02
-1.034890e-01
1.562794e-01
-2.046035e-01
-5.158718e-01
-1.199514e-01
4.331423e-02
-2.932150e-01
2.859879e-01
-1.853812e-01
-1.812730e-01
3.306958e-02
-2.630769e-01
1.607808e-02
-2.094199e-01
2.817300e-01
-8.652426e-02
2.151214e-01
-5.034699e-01
3.034462e-01
-4.393840e-01
5.496184e-02
-6.519984e-02
1.599959e-01
-1.243262e-01
-4.146608e-01
1.136923e-01
-1.170537e-01
-3.780713e-01
-1.380794e-01
-2.528833e-01
8.261814e-02
3.544021e-01
3.937823e-03
1.164828e-01
-1.976676e-02
4.505561e-01
-2.742405e-01
-1.616447e-01
-3.375044e-01
2.043381e-01
-1.518674e-01
-1.763908e-01
1.554292e-01
-6.796139e-02
-1.210795e-01
8.777995e-02
-1.445352e-01
-1.232419e-01
1.782555e-01
-1.681626e-01
-2.794223e-01
1.500459e-01
-2.657557e-01
-5.708389e-02
-5.812283e-01
-5.871134e-02
3.678218e-02
8.190034e-02
2.694043e-02
-5.174775e-02
-1.940883e-01
-1.060978e-01
-1.215526e-01
1.255820e-01
5.624594e-02
3.148986e-01
8.106459e-03
2.233270e-01
1.104713e-01
-1.995915e-02
1.782068e-01
9.645217e-03
-1.064882e-01
-3.153355e-02
-1.848653e-01
2.635791e-02
1.489838e-01
-1.565204e-01
9.518814e-02
1.488819e-01
2.738925e-02
-4.566684e-02
-1.970260e-01
-1.035961e-01
1.446660e-01
1.252595e-01
-1.291721e-01
-1.066920e-01
8.747570e-04
-1.837980e-01
-1.343343e-01
8.932009e-02
9.297235e-03
-5.631932e-02
4.472738e-01
9.720787e-02
-1.107868e-01
3.174795e-01
-1.080827e-02
-8.204510e-02
-3.783883e-01
8.860295e-02
-7.211202e-02
1.893388e-01
2.463233e-01
-1.621339e-01
2.059220e-01
2.877755e-01
-3.718212e-01
-4.318562e-01
1.234495e-02
-2.399739e-01
-1.646797e-01
2.055618e-01
-1.988782e-01
-1.511738e-01
6.518006e-01
4.440105e-02
-2.453461e-01
-4.315312e-01
2.380098e-01
-3.825713e-01
1.575693e-02
4.018032e-01
2.369955e-01
-2.031844e-02
-7.520378e-02
4.998015e-01
-3.880573e-02
1.526286e-01
1.869754e-01
9.616984e-02
-9.746677e-02
-3.188032e-02
-1.602720e-01
5.404883e-02
6.362873e-02
5.383587e-01
-1.518558e-01
5.004993e-01
-1.240602e-01
7.010939e-01
-9.794948e-02
5.449404e-02
-2.527083e-01
-1.564366e-01
-1.802789e-01
3.723966e-01
-4.088298e-02
-1.989775e-03
4.373110e-02
1.849444e-01
4.747104e-01
1.243292e-01
-3.600943e-02
-2.123235e-01
1.047334e-01
1.467366e-01
-7.593046e-03
1.662605e-01
-1.086035e-01
-2.505351e-01
-9.866689e-02
1.580891e-01
-1.491556e-02
6.259084e-01
1.184567e-01
-1.802448e-01
-1.382535e-01
-2.174597e-01
4.296927e-02
-1.381360e-01
-3.981740e-02
-8.205646e-02
2.696474e-02
1.140746e-01
6.543352e-02
-3.714960e-01
-2.103413e-01
-1.830686e-01
3.099942e-01
6.180739e-03
-1.878609e-01
9.346817e-01
1.129195e+00
3.345068e-01
-1.339775e-01
-6.018590e-02
-1.334145e-01
5.386465e-01
4.712394e-01
5.390000e-02
3.650207e-02
5.152427e-01
-3.124857e-01
-5.368140e-01
-2.405444e-01
6.691839e-02
-9.435628e-02
-3.646871e-01
3.552095e-01
1.011556e+00
-7.504000e-01
1.305484e-01
-5.131675e-01
-1.952655e-02
2.137475e-02
6.130541e-02
1.743128e-01
-6.548457e-01
3.988649e-01
-2.448552e-01
1.737887e-01
2.578548e-01
5.605840e-02
-1.012015e-01
2.346601e-01
6.824759e-02
6.893253e-02
5.267990e-02
8.869378e-01
-1.685434e-01
-1.656846e-01
5.405831e-02
3.444268e-01
-3.391857e-01
4.285570e-01
-2.452207e-01
-2.258197e-02
-1.431947e-01
-2.643485e-01
-1.063486e-01
-4.528377e-01
-1.067024e-01
-6.786369e-01
-3.735162e-01
-1.322891e-01
2.616574e-02
-1.960396e-01
-2.131970e-01
-1.036393e+00
-8.126028e-02
-2.260987e-01
-2.075349e-01
5.212139e-02
-2.335284e-01
-7.188785e-02
-3.618374e-01
2.910907e-01
8.800104e-02
-1.900974e-01
3.534954e-01
-1.762432e-02
4.238668e-01
7.439951e-02
-1.161592e-01
-2.015760e-01
-1.890658e-02
-3.366322e-02
-1.848379e-01
-1.690699e-01
-4.716362e-02
-4.859154e-02
-1.952183e-02
-2.598429e-02
-1.365533e-01
1.569179e-01
1.191393e-01
-2.223055e-02
-1.274970e-01
5.841818e-01
1.378745e-02
-7.794444e-02
-2.996404e-01
