5.003669e-01
1.037377e+00
7.575442e-01
1.000494e+00
1.440101e+00
7.514774e-01
6.959122e-01
8.667274e-01
3.271565e-01
-2.400785e-02
-2.847713e-01
-9.762498e-02
-2.746233e-01
-4.817203e-01
-2.025139e-01
-2.869853e-01
-2.506441e-01
-8.539993e-02
8.425954e-01
-9.196463e-01
-8.261517e-01
1.445988e+00
-5.085849e-01
-9.143240e-01
6.367832e-01
-1.986852e-01
-7.205612e-01
-3.566005e-01
-3.273183e-01
1.300492e-01
-3.334905e-01
1.225100e-01
4.161652e-01
-3.886665e-02
3.981475e-01
5.448337e-01
7.906528e-01
1.062892e+00
5.690565e-01
-1.923287e-01
-1.819072e-01
4.849970e-03
-8.461712e-01
-1.229216e+00
-6.146913e-01
-2.684315e-01
-3.863059e-01
-1.811067e-01
-4.982699e-01
-8.280793e-01
-3.454107e-01
-2.547227e-01
-3.931434e-01
-7.861168e-02
3.375285e-01
5.270963e-01
1.947364e-01
4.214665e-01
4.797706e-01
1.746880e-01
8.718879e-02
5.483105e-02
6.831812e-02
-1.311951e-01
-2.479848e-01
-1.832478e-01
-3.016253e-01
-4.881933e-01
-2.269789e-01
-1.695600e-02
-3.324054e-01
-1.073233e-01
1.854907e-03
-4.001224e-01
-3.848721e-01
-3.446191e-01
-5.708538e-01
-2.151434e-01
-1.796802e-01
-2.663388e-01
-1.524317e-02
-1.482265e+00
-1.513117e+00
-5.453304e-01
1.201578e-01
2.520907e-01
4.425082e-01
9.873577e-01
1.122633e+00
5.381216e-01
1.802663e-01
3.950464e-01
2.228882e-01
3.460009e-01
4.375250e-01
2.767309e-01
2.989168e-01
2.839506e-01
8.431040e-02
-4.952835e-01
4.238705e-01
4.858576e-01
-9.566547e-01
3.791315e-01
4.926862e-01
-3.009099e-01
-4.636410e-02
8.779534e-02
2.792579e-01
1.488769e-01
-7.616660e-02
4.708196e-01
3.717223e-01
-4.511412e-02
2.492820e-01
2.929703e-01
1.270760e-01
-3.639358e-01
-6.205376e-01
-2.570259e-01
-5.336219e-01
-5.747154e-01
-2.307667e-01
-2.181415e-01
-8.296946e-02
5.624460e-02
-8.546986e-02
-3.097232e-01
-3.507670e-01
-2.460317e-01
-5.141258e-01
-1.289139e-01
-1.094044e-01
-1.009015e-01
-4.118593e-02
-9.221550e-02
-2.666212e-01
-3.015563e-01
-1.581336e-01
-4.867327e-01
-4.999005e-01
-1.731422e-01
-3.190337e-01
-2.783470e-01
-3.762911e-01
-2.717209e-01
-3.573298e-02
-3.160762e-01
-6.127533e-01
-5.023904e-01
-3.459390e-02
-2.739699e-01
-2.713291e-01
-2.867115e-01
-5.536820e-01
-2.847923e-01
-7.170642e-01
-1.141083e+00
-4.696316e-01
-5.267265e-01
-6.424276e-01
-1.818322e-01
-3.413798e-01
-4.160599e-01
-1.070742e-01
-4.104782e-01
-6.961775e-01
-3.271503e-01
-3.636699e-01
-3.473461e-01
-1.793188e-01
-2.437148e-01
-2.076168e-01
3.134729e-02
-1.553857e-01
-4.365922e-01
-2.835338e-01
-5.688713e-02
-1.396359e-01
-2.448112e-01
-2.176986e-01
-2.303801e-02
2.756886e-01
-4.757361e-03
3.911631e-01
4.564952e-01
2.660594e-01
4.244705e-01
1.648405e-01
3.366868e-02
-2.316756e-01
-5.093576e-01
-4.550645e-01
-5.550050e-01
-6.310685e-01
-1.969990e-01
-3.759198e-01
-3.635463e-01
-2.848300e-01
5.548640e-02
1.553359e-01
-4.782614e-01
2.162910e-01
3.781172e-01
-9.883838e-02
2.260962e-01
2.329764e-01
9.624030e-02
1.481803e-01
7.337464e-02
1.032902e-01
2.845151e-01
2.904986e-01
-6.776354e-03
2.199878e-01
1.922843e-01
2.211793e-01
1.232048e-01
-1.133013e-01
3.433826e-01
4.990228e-01
2.177769e-01
2.827128e-01
5.216613e-01
4.216070e-01
4.036265e-01
5.973690e-01
1.846452e-01
5.799350e-01
4.416252e-01
1.953747e-02
8.393488e-02
-1.049969e-01
-2.116671e-01
-1.396986e-01
-3.678565e-01
-2.723550e-01
-4.411866e-01
-4.438061e-01
-1.009371e-01
-2.553906e-01
-1.659677e-01
1.092314e-01
1.839159e-01
2.423437e-01
6.346720e-02
2.915707e-01
3.112489e-01
5.936697e-02
1.286871e-01
1.388068e-01
4.090217e-02
-1.070109e-01
-2.918130e-01
-3.691916e-01
-3.580663e-01
-6.924406e-01
-3.889557e-01
-3.578485e-02
-2.868222e-01
-2.337517e-01
4.818527e-02
1.441486e-01
1.060626e-01
1.045966e-01
2.443689e-01
1.263460e-01
9.861958e-02
8.642457e-02
1.639654e-02
1.946090e-01
2.507046e-01
5.651718e-02
2.749556e-01
3.106599e-01
4.934487e-03
1.460014e-01
7.002744e-02
-3.186502e-02
-5.210218e-01
-8.814604e-01
-3.306679e-01
-2.829268e-01
-5.614849e-01
-2.776044e-01
1.359254e-01
-3.236754e-02
-1.118028e-01
