2.085418e-02
2.428815e-02
-3.255329e-02
-4.060575e-02
2.211438e-01
3.333737e-02
2.465489e-01
7.786722e-03
-1.291808e-01
7.143249e-02
-6.809551e-02
9.697559e-03
4.567980e-02
2.659239e-02
-9.499705e-02
-1.540840e-01
-7.744176e-02
-1.076861e-01
2.050328e-03
4.348947e-03
3.920530e-03
-1.955249e-02
-2.741490e-02
1.422204e-03
-1.534726e-01
6.428763e-02
-3.894262e-02
2.952630e-02
-5.063156e-02
-1.356285e-01
4.696361e-02
4.988856e-02
1.637066e-01
7.433223e-02
-1.001581e-01
-6.434924e-02
-9.370482e-03
-1.502000e-01
-1.762131e-01
3.984460e-01
8.942280e-02
2.131724e-01
6.136389e-02
-1.364362e-01
4.909964e-02
3.434488e-01
-1.609073e-01
-1.441517e-01
-6.566566e-02
3.740104e-02
-1.082789e-02
-4.548359e-02
-3.346975e-01
3.905650e-01
-4.486402e-02
2.578943e-01
-2.541896e-02
2.129753e-02
-3.358395e-01
-3.220005e-01
-2.407787e-01
1.487942e-01
9.118117e-02
3.377710e-01
2.296087e-01
1.783147e-01
-9.894966e-02
1.253443e-01
-1.506839e-01
-7.302838e-02
2.800791e-01
5.819659e-02
1.997161e-02
2.546724e-01
-2.347205e-01
3.464579e-02
-5.283799e-02
3.443997e-01
-1.430020e-01
-1.117595e-01
-1.224550e-01
-1.722334e-01
5.822105e-02
-1.636444e-01
-2.682860e-01
-1.002535e-01
1.161063e-01
-1.190780e-01
8.711460e-02
2.957803e-01
-3.651666e-01
-3.298365e-02
-3.640787e-01
7.872112e-02
-7.128096e-02
6.258279e-02
-2.353823e-01
-9.206070e-02
-3.145447e-01
2.038462e-01
4.621599e-01
3.336100e-01
5.727637e-02
2.917038e-01
1.378681e-01
3.164637e-01
1.877583e-02
-3.273488e-01
-3.248900e-01
1.868321e-02
1.158940e-01
8.979012e-02
6.308122e-02
1.775789e-01
-6.684718e-02
-7.968376e-02
-9.082749e-02
1.085003e-01
-2.457313e-01
-2.124479e-01
-2.861345e-01
5.256187e-01
-1.350268e-01
-9.373506e-02
1.586289e-01
-5.123152e-01
3.698498e-02
-2.364832e-01
6.368502e-02
5.919815e-02
-3.963462e-02
-3.217345e-01
9.436573e-02
-2.862717e-01
-7.855131e-02
2.410014e-02
-1.714138e-01
-3.351917e-02
2.847185e-02
-2.918004e-01
-2.670367e-01
9.526719e-03
1.883341e-01
3.153230e-01
-1.417267e-02
1.583933e-01
7.242443e-02
1.815731e-01
-1.794570e-01
2.511072e-01
1.075721e-01
-5.614591e-02
1.306580e-01
6.773828e-02
2.672774e-01
-3.027573e-02
-2.770385e-02
-1.505837e-01
1.168855e-02
6.659621e-02
-3.925127e-02
-4.386028e-03
1.389660e-01
-4.171360e-02
-6.586520e-02
-1.647522e-01
-1.151990e-01
5.858828e-02
1.154715e-01
6.837453e-02
-1.442975e-02
-1.043896e-01
-1.336880e-02
-3.248129e-02
5.862201e-02
5.210305e-02
2.085505e-02
2.311408e-01
5.621867e-02
-5.327046e-02
-8.531789e-02
1.153447e-01
-4.906982e-02
-1.070045e-01
5.990200e-02
6.947379e-02
7.418477e-02
-2.624696e-01
-5.679962e-02
-8.140110e-03
-7.692815e-02
1.185508e-01
5.386537e-02
2.894128e-02
-2.052031e-02
3.863394e-02
-1.021980e-01
-2.506456e-01
5.353855e-02
1.332694e-03
1.746547e-01
8.847652e-02
7.198432e-02
-1.350009e-01
5.510404e-02
-2.909092e-01
6.971653e-02
-2.105133e-01
2.479999e-02
-7.687864e-02
-1.631662e-01
9.664201e-02
3.357617e-02
3.659133e-01
2.279040e-02
-6.473444e-02
2.769718e-02
-2.774406e-01
1.847234e-01
-3.385170e-01
6.335232e-02
-6.777169e-02
9.178106e-02
-6.818562e-02
-3.447762e-01
-5.195339e-01
3.180004e-02
-2.144431e-02
1.165381e-01
1.104671e-01
7.178336e-01
-4.296605e-02
2.705204e-01
-9.621800e-02
-1.152661e-01
-1.940713e-02
-2.572629e-01
1.290828e-01
1.765137e-01
-3.376084e-01
2.440929e-02
-4.722042e-02
-7.132851e-02
1.479409e-01
2.572101e-01
-1.040476e-01
8.370995e-03
-8.559328e-02
-2.505267e-02
8.493450e-02
2.507255e-01
5.815614e-02
6.216937e-02
-1.721178e-01
1.594876e-01
2.611675e-01
1.230776e-01
-1.484613e-01
1.126664e-01
1.756230e-01
-5.543308e-02
-8.465501e-02
-7.807875e-02
-2.435448e-01
3.764183e-01
8.677039e-03
-2.665339e-01
4.698712e-02
7.008819e-02
-1.404036e-01
2.626421e-02
-5.540968e-03
-8.029732e-02
3.569982e-01
3.570558e-01
-1.579921e-01
2.720675e-01
-2.156386e-01
2.806184e-01
1.194138e-01
5.072184e-02
2.010551e-02
6.161260e-02
-4.174808e-03
-1.815441e-01
3.673896e-01
-4.436603e-01
-1.246180e-01
-4.058428e-02
-6.191475e-02
-5.452717e-02
1.542162e-02
6.427862e-02
2.074241e-02
6.514096e-02
-5.505096e-02
-2.192161e-01
-1.457326e-02
2.029481e-01
7.563337e-02
-1.396441e-02
-1.201907e-01
-2.223467e-02
2.259313e-02
-1.489907e-02
6.821524e-02
-1.040073e-01
1.343603e-01
-1.187611e-01
4.615100e-02
-6.819532e-02
-4.897499e-02
2.165260e-02
-1.246066e-01
1.230318e-02
6.023926e-02
-5.483019e-03
-9.600236e-02
2.776554e-01
-1.859243e-02
8.578783e-01
-2.022458e-01
7.508245e-02
-1.108771e-01
6.339737e-02
3.689110e-02
-6.954850e-03
-3.359387e-02
-1.032308e-01
1.567588e-01
-5.576232e-02
2.082731e-01
1.621805e-01
1.236253e-01
8.804692e-02
-2.813209e-01
1.187396e-01
1.286714e-01
1.479902e-01
-6.373036e-02
3.382973e-02
-1.369820e-02
-3.188771e-02
-1.833793e-01
-2.086928e-02
-2.238520e-01
-3.484505e-01
2.328520e-04
-7.093328e-02
1.288823e-01
1.997416e-01
-2.759670e-02
2.259651e-01
1.612770e-01
-8.940343e-02
1.534531e-01
-9.818268e-03
-1.084859e-01
2.056049e-01
-1.025115e-01
-4.340001e-01
2.098097e-01
-2.441295e-01
9.029519e-02
-5.317046e-02
-1.134647e-01
-1.656749e-02
-1.503040e-01
-1.718383e-01
-1.643665e-01
2.551237e-02
-1.797529e-01
1.953917e-01
-7.941091e-02
1.367177e-01
1.248879e-01
-1.549075e-01
-1.568504e-01
-4.653701e-01
2.313194e-01
9.601171e-02
1.002984e-01
-3.062561e-01
-1.810013e-01
2.085984e-01
2.505994e-01
2.807669e-01
-3.637447e-02
-1.984863e-01
3.617662e-02
-5.500796e-02
1.683042e-02
8.292440e-02
-8.891533e-02
1.125408e-04
-5.403363e-02
1.834246e-01
1.316515e-01
-2.615944e-01
-2.022614e-01
2.730519e-03
-2.974175e-01
3.102060e-01
-2.714780e-01
7.341538e-02
1.218638e-01
-1.940911e-01
2.637575e-01
-1.514959e-01
2.338527e-01
-2.742157e-01
6.344832e-02
2.137484e-02
-3.831655e-02
-1.547527e-01
5.785852e-02
2.207402e-01
-1.648221e-01
9.189275e-04
1.218295e-01
1.218876e-01
-4.924354e-02
1.857824e-02
-8.048656e-02
2.794465e-01
5.168025e-02
1.509530e-02
-9.514778e-02
-1.154000e-02
3.816885e-02
-1.341105e-01
-2.275913e-01
-1.746368e-01
1.130387e-01
-1.129050e-01
-8.539709e-02
-3.018529e-02
2.388363e-01
-4.930043e-02
-4.010168e-02
-1.534898e-02
-6.079703e-02
6.181561e-02
-2.151008e-01
-3.967904e-02
-1.933120e-02
8.062331e-02
-7.049119e-02
-1.820504e-01
-7.763957e-03
8.886106e-02
-9.262867e-02
-1.596953e-01
1.041937e-01
1.886818e-01
-1.872133e-01
8.439060e-04
1.613014e-01
-3.026241e-01
1.280040e-01
1.532763e-01
4.906084e-02
1.787065e-02
-1.633498e-01
-4.051426e-02
-1.307086e-01
1.444632e-02
-5.524767e-02
7.306766e-02
-1.998919e-01
-2.556028e-02
-4.093511e-02
1.559718e-01
-2.624290e-01
1.195993e-01
-1.088725e-01
-1.276962e-01
3.313721e-01
2.256977e-01
-1.399913e-01
-9.167150e-02
-1.852350e-01
3.935159e-01
-2.579231e-01
2.458425e-01
-7.303527e-04
-1.049126e-02
2.821031e-01
3.967363e-02
-4.813119e-02
-3.272185e-01
2.376446e-03
-4.406366e-01
7.625385e-02
-1.045334e-01
-2.924834e-01
3.170530e-02
3.062017e-02
-1.012958e-03
-2.111578e-01
1.888684e-01
-1.847834e-02
-3.477182e-01
1.951642e-01
1.043106e-02
-2.718668e-01
6.492041e-02
-1.610935e-01
2.433363e-01
1.929903e-01
6.641886e-01
-4.279356e-02
8.477456e-02
3.413520e-01
7.286219e-02
2.214386e-02
2.003451e-01
2.496723e-01
5.476839e-02
1.016672e-01
-2.120471e-01
1.202491e-01
-1.692752e-01
-1.991729e-01
3.637620e-01
3.375411e-01
-1.198791e-01
-9.999296e-03
1.771518e-01
9.772718e-02
-1.559004e-02
-2.584798e-01
-1.828738e-01
-6.696533e-02
2.181465e-01
1.092908e-01
-5.057254e-01
1.345737e-01
1.977105e-01
4.103495e-01
-1.516498e-01
-2.077221e-02
-1.705409e-01
-1.793993e-01
4.172477e-01
-9.615804e-02
1.502763e-01
3.625517e-02
-1.550052e-01
5.326675e-02
-1.903292e-01
-1.983186e-01
4.902606e-02
4.144459e-03
5.945094e-02
1.827504e-03
1.427504e-01
3.291674e-02
-7.825662e-02
-2.125124e-01
2.697811e-01
9.111279e-01
4.434500e-02
-1.382912e-01
-1.709936e-01
-1.627305e-02
1.209447e-01
2.177610e-01
2.420134e-01
2.509466e-01
3.098788e-02
3.793564e-01
2.354577e-01
1.156847e-01
2.333516e-02
-9.368299e-02
4.494391e-02
1.088991e-02
-3.103450e-02
-7.644128e-02
1.982462e-01
2.124513e-01
1.010415e-01
-7.193989e-02
-1.967314e-01
3.662614e-02
-1.550545e-01
1.000762e-01
4.706639e-01
-8.831517e-02
-1.135120e-01
1.572780e-01
-1.294010e-02
4.760294e-02
-1.482864e-01
2.433279e-02
-1.431357e-02
5.035605e-02
4.555403e-01
2.523110e-01
-1.609458e-02
-1.680362e-01
2.609246e-01
1.623735e-01
-4.249451e-02
2.703705e-03
4.864403e-02
-1.824419e-01
5.235083e-02
5.645164e-02
-1.602374e-01
-2.128456e-01
2.319359e-02
-2.350030e-02
-2.798346e-01
3.327179e-01
9.876469e-02
2.821786e-01
1.129431e-01
-4.020199e-01
-1.539493e-01
5.423493e-01
1.182775e-01
-6.381669e-02
-3.121463e-02
2.294418e-01
1.990351e-02
9.577119e-02
-2.255472e-01
5.628054e-02
-1.951457e-01
4.957815e-02
2.554508e-01
2.908308e-01
3.410110e-02
-5.365057e-02
3.922485e-01
3.374724e-02
5.629082e-02
2.941694e-01
-5.090607e-02
7.997598e-02
2.153619e-02
-7.912324e-02
1.731173e-01
4.248184e-02
2.556268e-01
1.629273e-01
3.360530e-02
7.411296e-02
-2.279768e-01
-8.574036e-02
5.505123e-02
-6.749628e-02
-8.715578e-02
-1.039196e-01
5.549876e-02
-1.175943e-01
-3.210136e-01
5.986613e-02
-7.156849e-02
-2.757744e-02
8.682332e-02
-2.345094e-01
-3.297253e-01
7.061131e-02
1.326706e-01
3.675223e-01
-1.274586e-01
7.974313e-02
-5.334902e-02
-5.557822e-02
-2.208083e-01
1.648353e-01
-5.454257e-03
-3.972813e-03
2.110239e-01
8.302919e-02
-2.043427e-03
4.379663e-02
2.194305e-01
1.542386e-01
1.062386e-01
1.589463e-01
-1.047522e-01
-2.011208e-01
2.152778e-01
6.005398e-02
2.558362e-01
-2.556823e-01
2.473857e-01
5.689105e-02
1.905392e-01
3.524791e-02
6.568007e-02
-1.034145e-01
-8.626892e-02
3.432553e-01
2.985944e-01
-2.861523e-01
-4.186923e-01
5.564044e-01
-5.719981e-01
3.399597e-01
2.579199e-01
7.321055e-03
1.415508e-02
1.032411e-01
-1.012745e-03
-6.315061e-02
1.385722e-02
-2.479791e-01
6.386574e-02
-6.176030e-02
-3.917215e-02
2.907682e-02
7.312395e-02
-2.691251e-01
-2.217477e-03
-1.555783e-01
1.313915e-01
-1.124656e-01
-1.753547e-02
-3.661924e-02
1.686309e-02
3.651042e-02
1.687206e-01
6.412146e-02
1.643247e-01
-1.737565e-01
-9.740645e-02
8.054306e-02
-9.484991e-02
1.560266e-01
-1.829015e-01
-2.554277e-02
3.457952e-03
-1.158581e-01
-3.599881e-01
-1.635233e-01
4.101006e-02
6.354687e-02
-1.332966e-01
2.516512e-03
-1.678664e-01
1.125831e-03
2.831593e-01
-2.764511e-01
-2.996120e-01
-2.580035e-02
3.256894e-01
1.535194e-01
-7.695200e-03
1.483881e-01
-4.083112e-01
3.623038e-02
-2.107286e-01
-8.786878e-02
-1.870534e-02
2.554939e-01
-1.949009e-01
-2.759309e-01
-2.188833e-01
-3.848678e-01
2.990391e-01
-8.459325e-02
-1.738839e-02
4.093469e-02
2.303094e-01
1.801073e-01
-1.444143e-01
-2.423413e-01
-3.637131e-01
6.585801e-02
2.382822e-01
-1.944831e-01
-1.941639e-01
1.300853e-01
-1.172744e-01
-1.231343e-01
1.694941e-01
-1.401520e-01
6.177038e-02
-2.367273e-01
4.667891e-02
1.881868e-01
-7.528774e-01
1.767802e-01
1.848414e-01
-3.498244e-01
6.409215e-01
-2.401886e-01
1.726476e-01
-4.003039e-01
2.843814e-01
-2.064783e-01
-6.112821e-03
-1.441315e-01
-2.065434e-01
2.268574e-01
1.234030e-01
-6.142735e-02
-1.084391e-01
2.771849e-01
1.171811e-01
1.903532e-01
-1.476187e-01
2.272891e-01
-1.293351e-01
1.821385e-01
-9.412000e-02
2.069432e-01
-1.265865e-02
-2.146518e-02
1.456709e-02
2.267511e-02
1.681827e-01
-1.325757e-01
-2.446841e-01
1.049429e-01
-1.364346e-01
-2.398476e-01
-3.076890e-01
-1.497564e-01
-1.394840e-01
2.020133e-01
-5.448360e-02
5.023639e-02
-3.303108e-01
4.420563e-01
6.070073e-02
-8.992963e-02
1.186310e-01
-3.599125e-01
-2.169635e-01
-7.706350e-02
-1.574045e-01
-3.785468e-01
6.540660e-01
2.389167e-01
1.488891e-01
5.345955e-01
2.349267e-01
-2.938443e-01
-1.505323e-01
7.798399e-02
2.431971e-01
-4.457971e-01
9.529643e-02
-5.469691e-02
7.894091e-02
2.181514e-01
3.404747e-02
1.967563e-01
-4.391582e-01
-3.866518e-01
-1.839071e-01
8.536438e-02
1.543790e-01
-1.470916e-01
1.884094e-01
-6.251261e-01
-2.131510e-01
1.515288e-01
5.127702e-01
1.577788e-01
5.200250e-02
-1.893620e-01
-2.337717e-01
-1.716897e-01
9.567248e-02
1.593358e-01
1.691199e-01
8.956593e-02
-1.706230e-01
8.051342e-02
-5.206113e-02
-3.310456e-02
1.498291e-01
-5.952624e-01
4.950495e-02
1.140064e-01
1.746446e-01
6.471638e-02
2.275699e-02
-1.254874e-01
1.039718e-01
-1.815470e-01
-1.845782e-02
-5.774018e-02
-1.086060e-01
-6.326104e-02
-5.167774e-02
6.216224e-02
-1.400431e-01
-1.595071e-02
3.048808e-01
-5.774532e-02
-3.409803e-02
3.114994e-02
4.708214e-01
-1.264086e-01
-4.919424e-01
3.394601e-02
-2.395448e-01
5.072903e-01
-4.056369e-01
9.269340e-02
-2.396846e-01
-3.859708e-01
4.112452e-02
-5.769088e-01
1.462336e-01
-1.212201e-01
-1.033040e-01
-1.481558e-01
-3.011548e-01
-4.150842e-01
-5.536370e-02
-2.936433e-01
-3.122301e-02
-2.366379e-01
2.696259e-02
3.780657e-01
1.007249e-01
3.165332e-01
9.176940e-02
9.577388e-02
7.220692e-02
-2.007357e-01
-1.073850e-01
-3.891440e-02
1.149096e-01
-2.701133e-01
5.293504e-02
3.587112e-03
2.545007e-01
1.528471e-01
-1.103298e-01
-7.389784e-02
1.198090e-02
1.763893e-02
-1.418869e-01
-1.998976e-01
-3.079038e-01
-2.371079e-02
-1.727666e-02
-1.616037e-02
1.197086e-01
2.398402e-02
4.425368e-02
-2.551799e-01
4.784514e-01
1.101686e-01
8.284026e-02
-1.071583e-01
1.129719e-01
-1.557476e-01
3.153180e-01
3.134398e-01
-4.115801e-01
4.063543e-01
2.255379e-01
-7.360712e-02
7.314789e-02
1.253983e-02
-8.242075e-02
-9.150120e-02
1.865723e-01
-1.506977e-01
-4.025147e-01
-5.841284e-02
2.391109e-01
6.768457e-01
-2.907027e-01
-2.419962e-01
-4.748810e-02
-5.029599e-01
-2.013281e-01
7.290766e-02
-1.939096e-01
1.869495e-03
-1.817593e-02
3.506587e-01
-2.840203e-03
-4.642965e-02
2.033306e-02
1.147683e-01
-2.620984e-01
8.322644e-01
3.161929e-01
-2.507328e-01
1.906577e-01
-1.583218e-02
-9.847698e-02
-4.224753e-02
-3.003389e-01
-2.478843e-01
-5.532608e-02
3.175582e-01
-1.883519e-01
1.019415e-01
-2.051940e-01
-2.500767e-01
-3.896660e-01
7.921387e-02
-3.254373e-01
-1.771716e-01
-3.207709e-01
-6.067110e-02
2.789829e-01
-4.386953e-03
-4.685180e-01
4.089954e-01
-9.382701e-03
-3.204488e-01
-1.286927e-01
-4.697012e-01
-4.659540e-01
2.656836e-01
5.449707e-01
1.145830e-01
3.052341e-01
-2.129384e-01
7.080958e-02
-1.144850e-01
3.132968e-02
8.188251e-02
3.937294e-01
3.359864e-01
9.103558e-03
1.016812e-01
-3.862872e-01
1.854341e-01
6.347551e-02
2.040328e-01
5.391701e-01
5.190089e-02
-1.650461e-01
-8.605570e-02
-1.414490e-01
-1.597434e-01
2.654250e-01
-1.952375e-01
6.957155e-03
-6.034612e-04
1.240034e-01
-9.372966e-02
2.952240e-01
4.931741e-01
9.820334e-02
6.122478e-01
6.653079e-01
1.527132e-01
-4.005939e-01
2.731931e-01
1.718623e-01
-2.272789e-02
-1.497468e-01
-1.572233e-02
-4.510038e-01
-2.132236e-01
2.991586e-01
-1.661299e-02
1.062577e-01
-3.083995e-01
-6.494845e-02
1.354512e-01
-3.452968e-01
-2.514728e-01
4.374932e-02
1.444285e-01
-1.551146e-01
-5.719132e-02
3.534502e-01
-2.003557e-02
1.150978e-01
1.005311e-01
-1.273794e-01
-7.540209e-02
-1.239514e-02
-3.209999e-01
-2.593426e-01
3.554443e-01
-9.778814e-02
-1.114715e-02
-2.047224e-01
-2.414548e-01
1.005183e-01
2.766843e-01
2.581965e-01
1.985156e-01
1.498547e-01
7.458086e-02
-4.270916e-02
-2.890799e-01
1.240831e-01
-1.420845e-01
3.222967e-03
3.059873e-01
3.721199e-01
1.508293e-01
3.735554e-01
-2.180119e-01
6.213222e-01
7.045777e-03
2.992465e-02
-1.912243e-01
-5.091039e-02
-1.612890e-01
2.531722e-01
3.196759e-01
-5.291912e-02
-1.692185e-01
1.958603e-01
4.378937e-01
-2.745651e-01
7.311590e-01
-9.382284e-02
-1.686998e-01
-5.049880e-02
1.257955e-01
7.443399e-02
7.088501e-03
3.601168e-03
7.624816e-02
7.592334e-02
-9.678299e-02
1.215022e-01
-8.464400e-02
1.864509e-02
1.149229e-01
2.664435e-02
-2.235018e-01
-7.023785e-03
6.676437e-02
1.861527e-01
5.521411e-02
9.710054e-02
4.302568e-02
-1.082794e-01
6.789406e-03
-6.244534e-03
1.208401e-01
7.915710e-03
-1.356319e-01
-2.720912e-01
6.181354e-02
-1.353825e-01
1.363396e-02
-5.953001e-02
-2.226476e-01
4.031250e-01
-4.801556e-02
-3.138074e-02
-1.644911e-01
-3.414430e-02
1.370565e-01
2.697283e-01
4.494673e-02
4.316020e-02
1.979290e-02
-7.792494e-02
-5.950492e-02
-1.112363e-01
-3.537599e-03
5.938877e-02
-1.207607e-01
-1.786133e-01
-8.336439e-02
-1.435784e-01
-6.884484e-03
4.321065e-02
9.778466e-02
-7.368638e-02
-4.239221e-02
-5.194226e-02
7.162902e-02
-1.396798e-01
-8.005528e-03
-1.688309e-01
1.017045e-01
8.651819e-02
-8.211016e-03
-1.152590e-01
2.033635e-01
7.997260e-02
-1.002272e-01
-1.989018e-01
-2.073905e-01
-2.884568e-01
1.174743e-01
1.934064e-01
-1.700506e-01
2.947415e-02
-1.048886e-01
5.029997e-02
3.890384e-02
-4.774762e-02
-9.002890e-04
2.799349e-01
-1.213417e-02
1.298679e-01
-1.701310e-01
-1.141671e-01
6.888190e-02
1.333970e-02
1.125886e-01
8.561224e-02
-1.234492e-01
-9.505755e-03
-2.093766e-01
8.758204e-02
-1.203733e-02
-1.603199e-01
6.001830e-02
2.089124e-02
-2.978629e-01
8.647766e-04
1.235323e-01
-5.381480e-02
5.186941e-02
-1.883504e-01
-1.307915e-01
-8.493390e-02
-4.087365e-02
-2.985256e-01
-1.423714e-02
-1.365408e-01
-5.739325e-02
2.113529e-02
2.141878e-02
-1.309919e-01
3.128092e-01
-1.665617e-01
-9.053546e-03
-2.161999e-01
-4.996342e-02
1.510084e-02
5.217720e-02
4.764152e-02
1.214520e-01
1.143305e-02
-6.079664e-03
-1.368040e-01
-6.170649e-02
6.595791e-02
-3.625601e-01
-1.227121e-01
2.853547e-02
1.327212e-01
-1.916363e-02
5.558461e-02
-9.041715e-02
1.906919e-02
9.997720e-03
-4.082787e-01
1.529851e-02
-4.071407e-02
1.482580e-01
-1.034520e-01
-2.640446e-01
7.255812e-02
1.716506e-01
-6.878559e-02
-6.189267e-02
1.837319e-01
3.046745e-01
-4.885886e-02
2.096112e-01
-9.054323e-02
1.453804e-02
1.811980e-01
-4.331007e-01
-7.334105e-02
1.110197e-01
2.673509e-01
-6.798814e-02
-1.886338e-02
-1.881384e-02
-2.633304e-01
4.009964e-01
1.246532e-02
-2.396094e-01
7.241382e-02
-8.857000e-02
3.532808e-01
-3.416675e-02
-4.176704e-02
4.875934e-01
1.442433e-02
-1.401010e-01
1.157318e-01
-4.209681e-02
2.475948e-01
1.065249e-01
1.011011e-01
-8.205755e-01
1.578602e-01
3.479017e-02
-2.123165e-02
1.947200e-01
8.576255e-02
5.033805e-02
-7.757560e-02
3.524008e-02
2.004148e-01
-3.383984e-01
-1.880151e-01
-1.887149e-01
-3.881897e-01
2.136513e-01
-1.113550e-01
9.710534e-03
3.351841e-01
3.087472e-02
-1.355425e-01
9.254345e-03
1.040745e-01
5.955040e-02
6.147954e-02
1.312003e-01
-1.807377e-02
7.951105e-02
-7.685638e-02
3.690412e-03
-3.140298e-02
1.069555e-04
2.107603e-02
-1.530755e-02
-8.974995e-02
3.945216e-02
4.339213e-02
-3.432989e-01
-1.455079e-01
9.225915e-02
9.071541e-02
1.346835e-01
-8.014738e-02
-1.160315e-01
7.254816e-02
3.021499e-03
2.911183e-01
1.049066e-01
1.161498e-01
-2.304657e-01
9.242492e-02
2.831140e-01
-1.278171e-01
7.996752e-02
-1.408318e-01
-4.551773e-01
-2.437011e-02
-1.074205e-01
-3.529725e-01
1.109074e-01
6.555116e-01
5.184809e-02
-4.957716e-02
-2.228212e-02
-7.859202e-02
1.414778e-02
-8.237483e-02
-1.555869e-02
8.193123e-02
-3.057977e-02
1.751742e-01
-2.160282e-01
1.372783e-01
-2.037699e-01
1.843347e-01
-7.639004e-02
1.409604e-01
-2.570113e-01
4.156555e-02
8.348043e-03
1.196158e-01
3.189294e-02
6.910465e-02
-1.160744e-01
-1.057065e-01
5.246329e-01
2.109947e-01
-5.448866e-03
-1.690791e-01
1.018806e-01
-8.925890e-02
-4.105641e-02
-3.333699e-02
8.496086e-02
5.122248e-02
7.842174e-02
3.023614e-01
-1.645560e-01
-2.876316e-02
2.655667e-01
-8.734823e-02
1.151442e-01
-3.714288e-02
2.054747e-01
-1.069659e-01
-3.910269e-01
-1.421114e-01
-2.640536e-01
-1.707494e-01
2.003576e-01
-1.178177e-01
-1.193385e-01
-3.286346e-01
-1.191270e-01
8.396619e-02
1.898410e-01
-2.921120e-01
-1.154153e-01
-1.270261e-01
-2.571057e-01
-2.322886e-01
-3.766882e-01
4.562019e-01
5.816993e-01
3.791702e-01
1.090091e-01
-1.556146e-01
1.328126e-01
3.695278e-01
-1.826537e-01
1.988735e-01
5.073861e-01
-7.565703e-01
-5.809984e-01
-9.611893e-02
-5.213699e-02
8.272138e-01
-3.834951e-01
-1.888447e-01
4.702260e-01
-1.568871e-01
-3.715312e-01
8.288621e-01
6.569105e-01
2.461196e-01
5.990531e-01
-5.468837e-01
1.901181e-01
-1.496292e-01
2.826334e-01
-9.386129e-02
-1.080299e-01
-4.148941e-01
-1.692761e-01
3.088669e-01
1.108988e+00
6.845943e-01
-1.762842e-01
-2.079658e-01
-1.462892e-01
3.895768e-01
-5.312071e-01
-4.691995e-01
6.760211e-02
1.339371e-01
2.215175e-01
3.390699e-01
1.655706e-02
-2.248573e-01
-5.423431e-01
-3.967988e-01
-2.531754e-01
6.552213e-02
-2.773084e-01
1.145772e-02
-7.944671e-02
-1.937284e-01
1.870490e-01
-1.397979e-01
3.527881e-02
-1.281398e-01
-4.173616e-02
2.542897e-02
1.098111e-01
-8.078747e-03
1.658242e-01
3.701304e-04
-2.018728e-03
3.334744e-02
-1.617807e-01
4.106819e-02
-2.643835e-02
2.334488e-01
-1.097053e-02
-1.316279e-01
-5.758315e-02
-2.726377e-02
-7.041246e-02
-4.252807e-02
1.386217e-01
-2.874921e-01
5.352147e-02
-1.016178e-01
3.909532e-01
-1.111582e-01
8.513333e-02
-1.891787e-01
-3.403467e-01
4.738408e-01
-1.125539e-01
-8.449711e-02
1.487159e-01
-2.085707e-01
-7.096962e-01
-1.543815e-01
-3.108883e-01
-3.507516e-01
7.313650e-02
-3.232701e-01
3.257866e-01
1.200644e-01
6.944026e-01
-4.503759e-01
2.084858e-01
-4.877533e-01
-4.617429e-01
1.285089e-01
6.562542e-02
1.356867e-01
-1.045283e-01
9.219614e-02
1.068157e-02
-5.352896e-01
2.575490e-02
-5.288037e-01
-2.083825e-01
-4.061562e-01
2.311363e-01
4.000897e-01
3.247121e-01
1.347060e-01
-2.558302e-03
-2.901689e-01
-1.616517e-01
2.856590e-01
-2.061187e-01
6.343106e-01
-2.155052e-01
-2.260149e-01
-1.158845e-01
8.606384e-02
3.106179e-01
7.637621e-02
1.129954e-01
-2.367351e-01
-1.325549e-01
8.902853e-02
-8.469973e-02
1.632490e-01
6.775073e-02
7.961619e-02
1.370055e-02
2.234268e-01
-4.280015e-02
-4.720084e-03
-4.015258e-02
-1.301029e-01
5.882207e-01
2.657056e-01
1.441556e-02
-6.097144e-02
2.744663e-02
8.349192e-01
-6.253809e-02
1.926827e-01
5.643889e-02
-5.340692e-01
4.538468e-01
5.434619e-01
-1.737637e-01
6.370296e-02
4.782394e-01
-1.135144e-01
-2.205486e-01
-8.333346e-02
5.675094e-03
1.365486e-01
-5.514493e-01
-4.307650e-02
-7.679664e-02
-8.774497e-02
-1.438927e-01
1.555832e-01
-3.462850e-01
1.774560e-01
8.177250e-02
8.491969e-03
-1.742643e-01
-2.406591e-01
-3.594758e-01
4.933594e-03
-1.170857e-01
4.740943e-02
-7.432963e-02
5.135857e-01
-9.743223e-02
-3.955306e-02
9.309574e-02
2.287358e-02
3.373465e-03
1.347765e-01
-1.141597e-01
4.666054e-02
4.325428e-01
-2.634983e-01
-1.431558e-01
4.011586e-02
-2.427161e-01
2.536941e-01
-3.838017e-01
-8.406916e-02
-1.685978e-01
-3.414435e-01
-8.868755e-03
7.171750e-02
1.468389e-02
3.036041e-01
-1.845893e-01
-4.749643e-02
-3.371408e-01
-1.963835e-01
-1.225406e-01
5.449670e-02
4.074880e-01
6.540022e-02
8.131475e-03
9.918177e-03
-7.813920e-03
2.890873e-02
2.360566e-01
1.679486e-01
2.064674e-01
-1.458550e-01
8.881395e-02
-8.513404e-02
-4.241211e-02
8.518331e-02
8.765242e-02
2.650397e-01
2.282554e-01
-2.190598e-01
-1.422315e-01
2.597629e-01
1.005332e-02
4.478806e-02
1.679054e-02
-2.890232e-03
-3.955116e-02
8.697414e-02
8.349468e-02
-1.039924e-02
-1.932394e-01
3.036090e-01
-1.432342e-01
1.333472e-01
-1.639790e-01
1.554366e-02
-1.880647e-02
3.010728e-01
-2.245348e-01
-6.126255e-02
1.868790e-01
1.759533e-01
4.504562e-01
1.729529e-01
-2.814917e-03
1.555538e-01
6.448140e-02
-5.814260e-02
-6.125528e-02
-2.002828e-01
4.496693e-02
1.014040e-01
-4.168129e-01
-5.017519e-02
-1.744433e-02
1.414818e-01
-2.690683e-01
-3.475381e-01
-1.008879e-01
6.912795e-02
1.402530e-01
2.311911e-01
-1.115431e-01
-4.325858e-01
-1.055226e-01
-1.593931e-01
1.315855e-01
-1.145745e-01
-1.311094e-01
-2.292708e-02
-2.150685e-01
3.648471e-01
1.820518e-01
-2.142085e-01
-1.721104e-01
3.866941e-01
-4.577686e-01
3.512975e-03
9.314744e-02
-4.479285e-02
7.384074e-02
1.187293e-01
6.118240e-02
-4.085609e-01
-2.075736e-01
-2.471839e-01
-2.460150e-01
6.812922e-02
4.041415e-01
3.978483e-01
9.601572e-02
8.635682e-02
-1.264840e-01
-1.765755e-01
-9.109622e-02
-3.265671e-03
1.475865e-02
-1.491612e-01
-3.598203e-01
-1.758739e-01
-2.142927e-01
1.680524e-01
-3.824594e-01
2.859931e-01
-2.825331e-02
-1.583427e-02
-3.039390e-01
-1.760578e-01
-2.290620e-01
3.191172e-02
-2.493674e-01
-1.508724e-02
-1.350067e-01
2.802592e-01
9.975002e-02
-1.003909e-02
2.186989e-01
1.696365e-01
3.878928e-01
2.471255e-01
-6.782542e-02
-1.717050e-01
5.629968e-02
-2.822833e-01
-4.480314e-02
-6.101140e-03
-1.278157e-01
3.448932e-01
-3.388617e-01
-1.254747e-02
-6.165083e-02
-1.555967e-01
2.111002e-01
1.128511e-01
1.518684e-01
-1.520462e-02
-3.255661e-02
-6.329339e-03
-6.931324e-02
-8.196693e-02
-4.089504e-01
1.453505e-01
-2.749622e-01
1.467365e-01
-6.653778e-02
1.648003e-02
-3.661433e-01
8.246949e-02
-1.568931e-01
-2.443314e-01
-9.023952e-02
-2.769959e-01
4.485828e-02
3.278736e-02
1.586749e-01
1.585518e-01
2.189411e-02
3.316569e-02
-4.270840e-01
1.090829e-01
-3.728265e-01
-3.355140e-03
4.922661e-03
-6.038158e-02
-8.657608e-02
1.029852e-01
-8.289002e-02
-5.586619e-01
4.068585e-01
1.878507e-01
-9.084287e-02
-3.917927e-01
-3.161108e-01
1.420560e-01
6.948140e-01
-1.530767e-01
-8.931805e-02
4.073308e-01
-1.078893e-01
-1.100949e-01
-1.681408e-01
-7.473105e-01
-5.540496e-01
3.012155e-01
-4.494497e-01
-1.898701e-01
1.377778e-01
3.363581e-01
-1.159270e-01
-3.977633e-01
-1.762787e-02
1.056964e-01
-4.608881e-01
-3.026679e-01
3.778730e-01
-6.841698e-01
7.516577e-01
-8.229181e-02
7.585072e-02
3.196050e-02
-4.472136e-02
1.119409e-01
-2.223177e-01
-3.033602e-02
-1.227372e-01
-2.967063e-01
-1.412162e-01
-6.664936e-02
2.581024e-01
-2.424282e-01
-3.899406e-01
1.311629e-01
-3.120793e-01
-3.776547e-01
-5.911890e-02
7.245398e-02
-3.505726e-01
2.035783e-01
-1.899154e-01
-1.500843e-01
9.499653e-02
4.681116e-02
9.572677e-02
-6.602304e-02
5.548964e-01
-5.411569e-02
3.077070e-02
-1.700639e-01
9.772246e-02
5.446103e-02
-3.457847e-01
-3.263944e-01
-2.013462e-01
-8.281994e-03
2.954161e-01
2.870863e-01
7.849535e-02
1.586663e-01
-2.456919e-02
-1.456926e-01
5.429818e-02
-2.110503e-01
-5.809531e-02
-1.074186e-02
-2.693653e-03
-9.273473e-02
-3.856803e-02
-2.817104e-01
-6.892093e-02
-2.940927e-01
-1.406953e-01
1.802920e-01
-2.443800e-01
1.087800e-02
6.801138e-02
1.372660e-01
2.019583e-01
-6.743822e-02
1.153547e-01
1.198474e-01
1.261741e-01
-2.226037e-02
-1.209084e-01
-4.627037e-02
9.069335e-02
-7.037652e-02
-2.911339e-03
1.411620e-01
-1.568704e-01
-4.596782e-03
-5.906296e-03
-1.455273e-01
8.464832e-02
-2.012460e-01
-4.740961e-02
-2.506133e-02
-1.298894e-01
-1.763432e-01
-1.426483e-01
-7.245962e-02
-8.062501e-03
1.258845e-01
-4.053005e-02
-7.845067e-02
-2.225847e-01
-2.634219e-02
1.158839e-01
-6.135882e-02
1.038835e-01
-5.895650e-02
8.635621e-02
8.985932e-02
-7.554888e-02
-8.256257e-02
-5.613837e-03
-1.330707e-01
-1.338830e-01
-2.935648e-01
-1.658927e-01
-4.414437e-01
2.368182e-01
-4.794571e-02
-1.035786e-01
2.207417e-01
-1.830563e-01
-3.240298e-01
2.154705e-01
6.071906e-03
-4.057329e-02
1.862475e-01
3.286123e-01
-5.460677e-02
-2.589578e-01
-8.643104e-02
1.204468e-01
-2.814158e-01
3.875252e-02
3.556541e-01
-2.867085e-02
3.059023e-01
-1.138337e-01
8.365197e-02
3.850398e-02
1.310472e-01
1.953953e-01
1.070119e-01
-5.913971e-02
-1.219743e-02
-5.515471e-02
-2.644021e-01
-2.994685e-01
1.763239e-01
4.435169e-02
-1.004856e-02
-3.240218e-02
2.383864e-01
1.060535e-01
1.427239e-01
5.928999e-02
-4.775813e-01
1.157069e-01
-3.273666e-01
-1.447903e-01
-1.381520e-02
-1.272232e-01
9.282883e-02
-1.109359e-01
3.857136e-02
3.608802e-01
1.941026e-01
7.454181e-02
-1.144573e-01
1.610950e-02
-1.339554e-01
1.016341e-03
-9.884515e-02
6.720451e-02
-3.273674e-02
-1.278605e-01
2.053543e-01
-2.090332e-01
1.039881e-01
-3.272332e-03
9.542154e-03
-2.652631e-01
-8.445995e-02
1.291503e-01
1.742519e-01
-6.426229e-02
2.026268e-01
3.167014e-01
-1.920453e-02
2.245032e-01
-7.362089e-02
-1.491999e-01
1.334181e-01
8.907842e-03
7.438187e-02
-4.551855e-01
7.185987e-02
1.681127e-01
2.356919e-01
3.364809e-01
-4.647662e-01
1.447581e-01
1.413164e-01
7.731722e-02
-4.298539e-03
-8.062298e-02
-6.333043e-02
3.018286e-01
2.503866e-01
-7.211683e-02
8.548688e-02
7.892269e-03
-3.248367e-01
1.346191e-02
-4.488408e-02
-1.596008e-01
2.164639e-01
2.524759e-02
3.100884e-01
-1.626773e-01
-6.779428e-02
-2.621727e-01
2.230281e-01
1.470234e-01
-1.382432e-01
-8.457019e-02
4.082623e-02
-1.686743e-01
-2.036275e-02
2.091820e-01
-3.585278e-02
-5.367165e-01
-2.276036e-01
2.152598e-01
9.156590e-02
2.696074e-01
4.890720e-01
-5.947911e-02
