-1.421158e+00
1.707111e+00
-9.321777e-01
-4.657722e-01
2.322604e+00
-1.194725e+00
-2.208837e-01
1.232061e-01
2.057170e-02
-6.566632e-01
-5.867225e-02
-1.903497e-01
5.889660e-01
7.847359e-01
7.473899e-02
7.939698e-01
6.520897e-01
-7.021661e-01
1.342604e-01
-9.215210e-01
-1.352318e-01
6.392834e-01
-1.374965e-01
-6.431336e-01
3.954942e-02
1.420379e-01
-9.555590e-01
-5.405156e-01
1.015388e-01
5.504080e-01
-4.354085e-02
5.366701e-01
5.423473e-01
-4.399254e-01
3.494449e-01
6.484530e-01
-1.917783e+00
-2.103714e+00
-1.371839e+00
6.952725e-02
1.765799e+00
8.850728e-01
8.791562e-01
1.862866e+00
1.549855e-01
2.563079e-01
1.087137e+00
-5.355138e-01
-1.680465e+00
2.696047e-01
1.247095e+00
-8.926935e-01
-6.028504e-01
9.857883e-01
-3.179685e-01
8.238415e-01
1.157167e+00
-7.855268e-01
2.034158e-01
3.137834e-01
-7.425963e-01
-4.145786e-01
-1.143817e+00
3.205505e-01
-5.326302e-02
-4.623622e-01
4.820985e-01
2.812714e-01
3.479115e-01
2.744531e-01
1.426103e-01
-4.002043e-02
-4.055095e-01
5.045757e-01
2.629224e-01
-2.238899e-01
6.727313e-01
5.516659e-02
-2.790179e-02
4.415025e-01
-8.027139e-02
1.146493e-01
-1.130931e+00
1.584426e-02
-1.467367e+00
-3.767120e-01
1.506622e+00
-1.229721e+00
5.123151e-01
9.675205e-01
-7.368569e-01
-4.795016e-01
4.621147e-01
4.089189e-01
1.218827e+00
-6.173005e-01
5.507928e-01
-5.993505e-01
1.130624e-01
1.225014e-01
-2.689156e-01
-3.724558e-01
6.551452e-01
9.281732e-01
2.207976e-01
5.947956e-01
-4.091578e-02
4.217139e-02
-3.666273e-02
2.355615e-01
8.602970e-02
2.263168e-01
6.720031e-01
4.950266e-02
2.134988e-01
6.271110e-01
-3.507496e-01
5.645455e-01
-2.257317e-02
-4.792053e-01
1.262322e+00
-7.649060e-02
-1.276114e+00
5.193600e-01
4.561309e-02
-7.767259e-01
-5.727270e-01
-9.952206e-01
-7.644140e-01
1.598066e-01
1.384129e+00
5.137342e-01
-6.451824e-02
-1.118759e-01
-5.111213e-01
-1.427148e-01
3.913175e-01
-2.328998e-01
-6.293192e-01
1.117014e+00
4.875920e-01
-1.040369e-01
-5.889488e-01
1.464129e-01
-2.981600e-01
-4.794107e-01
-2.964436e-01
2.039150e-02
4.028485e-01
3.788629e-01
1.482441e-01
1.014165e+00
7.234886e-02
2.423253e-01
2.192458e-01
-2.446088e-01
3.475451e-01
2.959700e-01
-5.728515e-02
4.189743e-01
1.445376e-01
2.639799e-01
5.632845e-01
1.088487e+00
-2.835878e-01
5.220449e-01
-6.070479e-02
-7.069929e-01
-1.145090e+00
-8.636762e-01
-5.184786e-02
1.511052e-01
-8.882697e-01
4.695971e-01
1.856378e-02
-1.090978e+00
7.280224e-01
2.560234e-01
-1.258397e+00
1.480112e-01
-7.848839e-01
1.042872e+00
5.896658e-01
-8.897989e-01
3.552460e-01
8.360447e-01
-2.930179e-01
-5.005926e-01
-1.132341e-01
-8.112680e-01
2.928735e-01
9.690942e-01
-4.323679e-01
7.642679e-01
1.885746e-01
4.465147e-01
-9.188597e-02
-1.295331e-01
6.012924e-01
1.550818e-01
8.048209e-01
-1.069579e+00
-1.417650e+00
9.814546e-02
-8.491384e-01
-4.638751e-01
9.677021e-01
4.549658e-01
-6.375343e-01
-1.626996e-01
2.851581e-01
-1.004674e+00
2.899380e-01
-2.636697e-01
-5.022142e-01
-1.788566e-01
6.454715e-01
-6.113827e-01
-3.246174e-01
-2.563231e-01
7.630347e-01
-7.051910e-01
-3.383101e-01
2.617307e-01
-2.990689e-01
4.175234e-01
-8.142039e-01
1.065695e-01
-9.573629e-02
-6.017127e-01
9.048769e-01
-8.567946e-01
2.427454e-01
7.465764e-01
4.515718e-01
2.057909e-01
4.246563e-01
3.854738e-01
6.677872e-01
3.363477e-01
-5.403198e-02
-2.940214e-01
-2.608007e-01
-3.612972e-01
-8.726149e-01
-6.100527e-01
1.464307e-01
8.508497e-01
-6.404201e-01
-2.813714e-01
3.065991e-01
-7.223074e-01
-1.789181e-01
-3.491390e-01
-3.915511e-01
-2.889388e-01
-3.059448e-01
-4.024135e-01
-6.177931e-01
-4.784208e-01
-2.532625e-01
-6.348881e-01
-1.145688e+00
-3.639838e-01
6.542373e-02
3.321458e-01
9.463393e-02
3.687377e-01
1.332763e+00
5.297220e-02
2.749896e-02
7.205799e-02
6.151121e-02
3.423094e-01
5.100215e-02
6.562784e-03
3.599190e-01
2.924839e-01
-2.844499e-02
-1.729590e-02
-5.772227e-02
-2.310612e-01
3.186520e-01
6.575879e-02
-5.983368e-01
6.625781e-01
3.643575e-02
-6.169563e-01
1.115296e-01
-8.435972e-02
-3.081468e-01
7.384955e-01
-2.204296e-01
-3.371615e-01
1.041497e-01
-5.038282e-01
-1.468018e-01
-9.076392e-01
-1.069867e+00
-5.411931e-01
4.620817e-01
7.781717e-01
-4.903952e-01
-3.077852e-01
1.460602e-01
-3.293955e-01
-8.123051e-02
6.120470e-01
1.322973e-03
-3.833465e-01
5.218328e-01
-2.732123e-01
-5.825124e-01
-1.740014e-01
-6.624132e-01
2.347358e-01
-1.294145e+00
-3.485964e-01
1.765888e+00
3.014489e-01
1.927465e-01
9.824719e-01
-6.825572e-02
-4.627454e-01
2.795870e-01
-1.276861e+00
-7.354997e-02
-1.274209e+00
-4.343326e-02
7.606454e-01
-6.708284e-01
1.064329e+00
3.025951e-01
-1.151239e+00
1.158009e+00
-1.255588e+00
-3.342075e-01
1.430369e+00
-2.331339e-01
4.193819e-02
4.302993e-01
-1.556196e-01
-1.230852e-02
1.775542e-01
1.740950e-01
4.409725e-01
9.986903e-01
3.988233e-01
1.491773e-01
6.773766e-01
9.194190e-02
4.567907e-01
-1.773733e-01
-1.422771e+00
9.219472e-01
2.723982e-01
-1.145451e+00
1.265443e-01
3.457264e-01
6.603402e-01
-2.908012e-01
-1.923647e-01
-9.654228e-02
-1.351305e-01
-2.404328e-01
-1.219283e-01
-1.166917e-01
-8.003350e-01
-3.431637e-01
-5.184975e-01
8.331547e-01
-5.543714e-01
-5.240027e-01
9.702871e-01
-6.068426e-01
-7.178730e-01
2.667989e-01
-1.151670e-02
-3.502560e-01
-7.432420e-01
-4.739490e-01
1.873267e-01
7.029746e-01
2.412290e-01
3.531370e-01
7.697614e-01
2.414308e-01
-1.630064e-02
3.748707e-01
2.054325e-01
4.499428e-01
4.649353e-01
1.831329e-01
-5.244303e-02
9.244602e-03
9.757383e-02
3.418061e-02
1.239081e-01
-2.647409e-01
4.448913e-01
5.812637e-01
-2.893045e-01
1.217029e-01
9.118816e-02
5.267093e-02
-9.184010e-02
-6.594234e-02
-1.022799e-01
-3.591798e-01
-5.000076e-01
-2.264792e-01
-3.000739e-01
-2.343511e-01
2.925694e-02
7.381445e-01
2.103313e-01
-3.636408e-01
1.230190e+00
3.062728e-01
-7.329858e-01
-1.446967e-01
-7.463156e-01
-5.280260e-01
2.365790e-02
1.749863e-01
1.381677e-01
1.378898e-01
3.791924e-01
2.618460e-03
9.985536e-02
1.496715e-01
2.715964e-02
7.129956e-01
-1.325419e-01
-1.717005e-01
5.216470e-01
3.609558e-01
-3.829457e-01
-5.641112e-01
1.137456e-02
-1.091759e-01
-5.761088e-01
5.753706e-01
1.321094e-01
-5.734722e-01
-1.640042e-01
7.150620e-01
2.666575e-02
-6.352063e-01
-2.308787e-01
6.402150e-01
7.778727e-01
1.020999e-01
-2.933989e-01
1.956151e-01
-9.822741e-01
-4.065801e-01
-7.074457e-01
1.577942e-01
1.997607e-01
2.343002e-02
-3.072611e-01
8.589226e-01
8.193179e-02
-7.057965e-01
7.201285e-01
7.028496e-02
-1.037513e+00
1.364099e-01
4.770298e-01
1.145109e-01
1.035116e-01
9.865221e-01
8.796973e-02
-7.322727e-01
-1.060917e+00
-4.621106e-01
-5.167102e-01
-9.619687e-01
-1.054547e+00
1.612056e-01
-4.472379e-01
-2.658623e-01
1.889677e-01
-1.866228e-01
6.780536e-02
-5.983473e-01
-7.728528e-01
-5.570833e-01
-4.899521e-02
-3.100925e-01
7.882658e-02
-6.050125e-01
-4.763677e-01
-3.383731e-01
-6.751584e-01
-8.406106e-01
-6.798559e-01
-6.014399e-01
2.198951e-01
1.156941e+00
-3.827578e-01
2.267241e-01
9.977991e-01
9.213595e-01
-2.034382e-01
-3.262781e-01
1.098246e-01
1.464262e-01
1.718534e-01
-1.753088e-01
2.995762e-01
1.442478e-01
1.204663e+00
1.229063e+00
8.171924e-01
-5.930322e-01
-4.259563e-01
-5.479211e-01
-4.808078e-01
-5.947735e-01
-3.894386e-01
-5.267588e-01
-2.018719e-01
-6.863876e-01
-6.138983e-01
-1.422514e-01
-9.147769e-01
4.564363e-01
5.937573e-01
4.667872e-01
4.664516e-01
6.606014e-01
-7.779717e-01
7.250443e-01
6.933455e-01
-1.084011e+00
3.393644e-01
-1.554219e-01
-7.234924e-01
8.058408e-01
-2.117713e-01
-3.077669e-01
9.595341e-01
-4.691139e-01
-5.653720e-01
3.925936e-01
-1.888961e-01
-2.274044e-01
-4.653094e-01
-7.036949e-01
-1.302744e-01
-1.998267e-01
-2.631327e-01
-9.356816e-01
3.228178e-01
1.123399e+00
1.978468e-01
-2.207415e-01
-2.599320e-01
-2.489641e-02
-4.235451e-01
-2.342900e-01
2.341480e-02
-3.513618e-01
-8.219381e-01
1.513101e+00
-4.111260e-01
-2.313218e-01
1.046337e+00
-4.591436e-01
4.750887e-01
4.430374e-01
-1.311102e-01
-7.107018e-01
-2.326738e-01
