2.732011e-02
1.957625e-01
1.071261e-02
1.853045e-01
1.624838e-02
-2.958649e-02
-9.871660e-02
-2.768573e-01
6.893087e-02
1.497981e-01
1.835401e-01
-6.539085e-02
9.488422e-02
7.056382e-02
6.359551e-02
-2.253105e-01
1.339972e-01
-1.653769e-02
-9.276722e-02
9.667004e-03
-2.829116e-01
-3.038768e-02
-1.003539e-01
6.750281e-02
4.434674e-03
-2.481190e-02
5.430806e-02
-9.083367e-02
-1.248880e-02
-9.920082e-02
-4.154806e-02
7.108012e-02
-7.649928e-02
-4.000137e-02
-1.152035e-01
1.468594e-01
2.061279e-01
-1.260824e-01
1.100260e-01
-8.522401e-02
1.151991e-02
1.076769e-02
6.873486e-02
-9.394035e-02
-1.123957e-01
4.306602e-02
1.874752e-01
1.557891e-01
-1.540224e-01
-1.212568e-01
-8.925639e-02
2.225494e-02
-4.921721e-02
1.208459e-01
-7.360659e-02
4.278397e-02
3.463640e-01
1.468102e-02
8.408315e-02
-6.363948e-02
9.286993e-03
-6.247346e-02
5.494141e-02
-6.317268e-02
1.022478e-01
-1.296478e-01
2.979279e-01
-7.331612e-03
1.787283e-02
4.387245e-02
1.639311e-01
3.023413e-01
-1.782800e-01
5.350513e-02
-9.469768e-02
-1.038763e-01
-6.742757e-02
2.160231e-02
6.400910e-02
2.103858e-01
-1.345314e-01
8.567966e-02
1.994952e-01
7.494004e-02
3.278012e-02
1.511031e-01
5.745823e-02
-4.827909e-02
9.309714e-02
1.690136e-02
2.678628e-01
1.728957e-01
-2.822622e-01
1.819354e-01
-1.335974e-01
1.592103e-01
1.573647e-01
3.325228e-01
-1.284440e-01
-1.963253e-01
1.250291e-01
1.563354e-01
1.255733e-01
4.091136e-01
2.009946e-01
8.166111e-02
2.053804e-01
7.062251e-02
4.240599e-01
-2.475847e-01
-3.617347e-02
-1.166917e-02
1.199158e-01
2.894085e-01
-1.632237e-02
-3.648585e-03
-1.185974e-01
2.287489e-01
-7.180257e-02
3.323008e-01
-1.036581e-01
-3.979163e-01
7.009472e-02
1.420873e-02
3.737482e-01
2.212507e-01
-5.008753e-02
1.435271e-01
2.900172e-01
-7.814363e-02
2.781536e-02
3.490155e-01
-6.880672e-02
-1.008857e-01
2.515032e-01
3.076622e-01
-1.458632e-01
-2.196589e-01
9.107956e-02
2.212491e-01
-1.498216e-01
-1.083939e-01
2.662458e-01
2.760424e-01
-1.486962e-01
-3.019409e-01
-2.026054e-01
-3.434573e-02
3.706790e-02
-1.782921e-01
-1.628626e-01
-1.833515e-01
-1.465036e-01
-5.154410e-02
-6.620674e-02
-1.743760e-01
-3.410440e-01
2.401502e-02
1.285487e-01
-3.561957e-02
-1.918996e-02
2.813906e-01
-2.136056e-01
6.122475e-02
1.328340e-01
-1.891319e-01
6.094036e-02
-6.904384e-02
2.106800e-01
-1.021540e-02
-1.161961e-01
1.036621e-01
-1.218758e-01
8.083934e-02
-1.367664e-01
-6.121369e-02
1.175192e-02
3.419039e-02
-1.954485e-01
3.485279e-02
7.596765e-02
3.044113e-01
6.281125e-02
2.129950e-01
-8.868969e-02
3.458731e-01
2.993844e-01
1.047375e-02
-1.962462e-01
1.904083e-01
-1.406527e-01
-1.939312e-01
3.349369e-31
-1.111129e-30
-1.987635e-31
9.690798e-31
-5.143937e-31
-1.885411e-31
5.933939e-31
7.519812e-31
4.582294e-31
-5.326797e-31
-3.222184e-31
4.299461e-31
3.235841e-31
2.579360e-31
-1.306146e-30
3.667072e-32
-4.895847e-31
-4.006016e-31
4.618085e-31
3.675457e-31
-1.016084e-31
-4.191991e-31
8.211339e-31
5.293726e-31
-1.020055e-31
1.579957e-31
8.916667e-31
-3.445710e-31
-8.212067e-31
6.945856e-31
9.035428e-31
-5.912979e-31
-1.117508e-30
-5.864441e-31
-6.200719e-31
-8.523325e-31
-6.452481e-31
2.714196e-31
1.743396e-31
-6.678030e-31
2.693472e-31
8.534317e-31
-2.529682e-31
-4.644151e-31
-2.569947e-31
-4.273899e-31
-3.843707e-31
1.566473e-31
4.522045e-31
-8.152687e-31
3.423561e-31
-6.518876e-31
-1.139144e-30
2.876539e-31
4.927992e-31
-1.312308e-31
1.354039e-31
-1.685529e-31
-7.483056e-32
1.296884e-31
6.335530e-31
1.043805e-30
1.884495e-31
-1.027644e-31
1.616120e-01
6.701598e-02
-1.511971e-01
2.407543e-01
-1.621263e-01
-2.069973e-02
2.227467e-02
-5.473880e-02
-1.649761e-01
3.217718e-01
1.141801e-01
1.105703e-01
-1.341231e-01
-6.206493e-03
-3.546027e-02
-1.325094e-01
-7.144795e-02
-6.029148e-02
6.256567e-02
2.237101e-02
2.582411e-02
9.548203e-02
-1.597818e-01
-7.633439e-02
1.205879e-01
1.272227e-01
1.017383e-01
-6.119156e-02
2.605963e-02
3.493332e-02
3.904441e-02
-3.424371e-02
7.293462e-02
-2.792146e-02
8.066106e-02
-1.504587e-01
6.699967e-02
-1.257571e-01
-1.852527e-02
-1.093543e-01
-1.137427e-01
2.797864e-02
-7.836685e-02
-2.177995e-01
-2.387542e-02
-1.918581e-04
1.843810e-02
-2.052725e-01
9.672233e-02
-1.684095e-01
6.348334e-02
-3.034283e-01
-1.161996e-01
1.310930e-01
1.322038e-01
4.189180e-01
5.622129e-02
-2.670536e-02
-1.719255e-01
-6.323384e-02
1.406696e-01
3.718851e-02
5.720100e-02
5.907013e-02
-9.354363e-02
3.227505e-03
-5.615261e-02
1.679126e-01
6.748836e-02
3.142055e-02
5.300933e-02
2.456442e-01
-3.313759e-02
-9.356679e-02
3.134598e-01
1.124413e-01
-1.499507e-01
-5.968130e-02
-8.317896e-02
3.752638e-02
-2.226292e-01
-2.703456e-02
2.684110e-01
1.898221e-01
-1.032455e-01
8.827634e-02
-1.152243e-01
-1.602694e-01
2.441481e-01
-2.265140e-01
4.421161e-02
1.684905e-01
8.920775e-02
-2.554296e-01
3.219686e-01
-9.968080e-02
3.091833e-01
1.014345e-01
2.053064e-02
1.310001e-01
2.687378e-02
5.126360e-02
-9.592397e-02
-1.249046e-01
8.081260e-02
-2.953882e-02
-1.892623e-01
2.066602e-02
-6.091001e-02
2.019655e-02
3.019362e-02
1.920385e-01
1.189706e-01
9.638231e-02
1.424575e-01
-4.996756e-02
8.841860e-02
-3.633003e-02
1.913227e-01
-7.757272e-02
8.651744e-02
-1.686333e-02
-1.866643e-01
-1.751205e-01
-5.366882e-02
1.178960e-01
-7.486454e-02
-3.165821e-02
4.681519e-02
-2.627558e-02
-3.100636e-01
2.877925e-01
6.065835e-02
-2.230205e-01
8.698206e-02
5.138313e-02
1.632905e-01
-9.636390e-02
1.732345e-01
9.135706e-02
2.818068e-01
2.339111e-01
1.434935e-01
8.374878e-02
1.682693e-02
-1.532519e-01
-2.805387e-01
-2.469854e-01
-1.162566e-01
3.314089e-01
1.341645e-01
7.486793e-02
-2.804973e-01
7.934073e-02
1.757756e-01
-2.868254e-01
-4.899631e-02
2.796859e-01
-6.498422e-02
1.249444e-01
-7.919604e-02
-1.342499e-01
-2.704215e-01
-3.088670e-01
6.960734e-02
5.273348e-02
6.757886e-02
-2.392766e-01
-8.891613e-02
1.743320e-01
2.337358e-01
-2.641085e-01
-2.340117e-01
1.333943e-01
-1.071444e-01
2.125386e-03
4.419807e-01
3.309954e-02
1.743465e-01
-1.828441e-01
4.036156e-01
-2.319506e-02
2.329122e-01
-2.225180e-01
-4.322492e-01
2.793630e-01
1.399474e-01
9.428588e-02
-2.396244e-02
-4.747408e-02
1.165921e-01
7.706510e-02
-1.501467e-01
2.646441e-01
-1.668782e-02
4.312121e-01
-2.194235e-03
-1.624749e-01
-7.297557e-02
-2.262140e-01
-2.307292e-01
-2.719215e-01
1.400315e-01
5.412107e-02
5.130292e-02
1.805979e-01
-4.762300e-01
3.837519e-02
8.707340e-03
1.751954e-02
-2.153311e-01
5.344677e-02
5.254064e-01
-1.121863e-01
7.769567e-02
-2.275636e-01
3.995423e-02
8.123471e-02
2.495577e-01
2.437389e-02
-1.166491e-01
2.331633e-01
-2.658854e-01
-2.356157e-01
-1.312934e-01
2.961478e-02
9.565198e-02
-6.907680e-04
-2.448761e-01
-1.029421e-01
-5.591721e-02
-5.327167e-03
4.810529e-02
-1.270819e-01
2.388250e-02
3.601841e-01
2.479876e-01
3.121168e-02
-2.733307e-02
2.543927e-01
-1.320311e-01
2.015614e-01
2.761643e-01
-1.413155e-01
1.274389e-01
1.265679e-01
1.554333e-01
-4.607161e-01
1.241884e-02
1.619038e-01
1.710431e-01
-2.114320e-01
2.208882e-01
-2.096918e-01
4.255364e-02
-1.333768e-01
5.370628e-02
-2.558575e-01
-2.310465e-02
-1.380037e-01
8.250561e-02
-7.900145e-02
4.700140e-02
-1.234862e-01
-9.456892e-02
-5.483039e-02
1.495803e-01
6.542756e-02
4.232396e-02
1.071443e-01
5.673288e-02
-1.673020e-01
-3.603860e-02
-1.016863e-01
8.063780e-02
1.356285e-02
-1.013697e-01
1.199580e-01
-1.420406e-01
-1.331555e-01
-9.754503e-03
9.469399e-02
3.278229e-01
-2.116103e-02
-1.486090e-01
-1.107327e-01
-5.736517e-02
1.083377e-01
-4.875487e-02
-8.602869e-02
-5.166193e-03
-1.036238e-01
-7.293069e-02
5.393885e-03
-2.095131e-02
1.390732e-01
-2.096125e-01
9.570056e-02
3.622707e-02
-1.993526e-01
-2.007182e-01
-1.007538e-01
7.679952e-02
-2.487814e-01
8.373652e-02
2.517064e-02
1.932467e-01
-3.290501e-01
5.050809e-01
-1.027176e-01
2.840178e-01
-2.034499e-02
-9.125666e-02
-2.026668e-02
-2.646531e-01
-1.742372e-01
-2.000610e-01
-1.048722e-01
-1.325689e-01
-8.707730e-02
1.516082e-01
1.057891e-02
1.995676e-02
-1.483845e-01
5.705241e-02
-1.080478e-01
7.926030e-02
-1.572972e-01
-1.127353e-01
-8.099648e-02
7.972561e-02
9.164173e-04
5.471038e-02
2.919994e-02
4.073338e-02
-7.010552e-02
-1.179771e-01
-2.392771e-02
5.568632e-02
-5.978138e-02
2.666907e-02
3.236244e-02
-1.156438e-02
9.909379e-02
-3.044038e-03
-1.563622e-02
-1.232510e-01
5.721378e-02
1.066805e-01
-8.983549e-02
-4.173130e-02
6.404702e-02
1.972003e-02
-5.824282e-02
3.692172e-02
1.770854e-01
2.268919e-01
-1.053127e-01
-3.470335e-02
1.488591e-01
6.470762e-02
-7.593408e-02
4.722736e-02
2.358923e-01
-1.977801e-02
-7.627238e-02
-1.008606e-01
1.580960e-01
-2.105449e-02
5.042125e-02
5.952976e-02
-6.424014e-02
1.306481e-01
-4.290744e-02
1.460649e-01
1.010868e-01
3.791637e-02
-1.485976e-01
-7.026077e-02
-5.047889e-02
8.897489e-02
2.245230e-02
2.667281e-02
1.820388e-01
3.350289e-01
-6.714975e-02
2.742424e-01
4.760985e-01
-2.046711e-01
3.582207e-01
2.991643e-01
-1.350673e-01
5.800646e-02
2.759070e-01
-5.982042e-02
3.093012e-01
-4.193470e-02
2.787368e-01
-5.237366e-02
2.605657e-01
-5.033801e-01
4.712188e-01
-9.150481e-01
-1.668528e-01
2.757746e-02
-4.041181e-02
-2.232425e-02
-3.926342e-01
1.517774e-01
-3.320807e-01
2.023076e-01
1.378932e-01
1.689232e-01
3.287974e-02
-6.649565e-01
3.019079e-01
7.458577e-02
1.453556e-01
-4.022478e-02
3.900340e-01
-1.659224e-01
5.767243e-02
-7.352488e-02
2.987738e-01
1.227989e-01
-1.280756e-01
1.232267e-01
2.271715e-01
4.523716e-01
-1.146344e-01
5.428368e-02
-2.268757e-01
1.885053e-01
3.352669e-01
-4.576083e-01
5.764277e-02
1.906707e-01
2.215657e-01
2.270682e-01
-1.118866e-01
-2.151935e-01
-4.356378e-01
-6.165396e-01
-1.203192e-01
7.119077e-02
-3.627470e-01
-2.017091e-01
3.606386e-01
-2.698060e-01
-6.276284e-01
-1.938448e-04
-2.860111e-01
-1.538955e-01
2.837629e-01
3.222697e-02
1.518143e-01
-3.417826e-03
4.982233e-02
2.967839e-02
-1.516431e-01
-1.691022e-01
6.466029e-01
-2.124549e-02
1.223966e-01
-4.673560e-01
-1.284180e-01
7.554526e-02
9.638940e-02
-6.486567e-02
1.401030e-01
2.852676e-01
-3.767307e-04
1.444457e-01
1.016663e-01
-2.333076e-01
-5.536307e-02
-5.415192e-01
1.118413e-01
1.177680e-03
2.454905e-02
3.518986e-01
-9.331376e-02
3.245623e-01
-2.329424e-03
1.301454e-01
1.071848e-01
2.192366e-01
-1.434954e-01
-2.317539e-01
1.548106e-01
1.295834e-01
-4.064633e-02
-1.834365e-01
-2.133867e-01
2.598298e-02
-3.154895e-03
-9.510954e-02
-8.084299e-02
1.271793e-01
5.495169e-01
1.775439e-01
-2.186397e-01
-6.611273e-02
-3.775446e-03
6.077332e-03
-2.259159e-02
-4.955414e-02
1.709818e-02
-1.221432e-01
-2.287382e-01
2.678153e-01
1.890988e-01
4.257293e-31
1.866341e-30
-1.983348e-30
-2.151889e-30
9.834719e-31
-1.903127e-30
2.293554e-30
-2.059290e-30
2.088127e-30
2.105727e-30
-2.422684e-30
2.146690e-30
2.104757e-30
2.052913e-30
-3.815270e-31
2.349185e-30
-2.374828e-30
8.994688e-31
2.187621e-30
1.820892e-30
2.112413e-30
2.279080e-30
2.389952e-30
-1.451919e-30
1.426935e-30
1.516512e-30
-1.852730e-30
-1.858042e-30
-2.174994e-30
-1.787871e-30
2.315523e-30
-1.575290e-30
1.849117e-30
-1.789055e-30
2.200102e-30
1.813675e-30
1.392783e-30
-6.496103e-31
2.289155e-30
2.453325e-30
1.972484e-30
-2.621126e-30
-2.350041e-30
-2.289013e-30
2.215468e-30
2.372676e-30
1.595837e-30
2.127565e-30
2.420673e-30
2.420622e-30
-1.889960e-30
2.037003e-30
-2.397363e-30
-1.364919e-30
-9.706223e-31
1.671066e-30
-2.085388e-30
-1.829686e-30
2.544033e-30
-2.049542e-30
1.724858e-30
1.116889e-30
1.808923e-30
2.276840e-30
3.409412e-31
5.926108e-32
-4.824498e-31
-3.075459e-31
-2.284673e-31
-2.750906e-31
-3.827868e-31
-3.108090e-31
-4.210695e-31
-1.297724e-31
-5.391918e-31
-4.403011e-31
-3.303716e-31
-3.759942e-31
-2.155598e-31
-4.293522e-31
3.948044e-31
-2.077442e-31
4.591022e-31
3.271291e-31
8.407077e-32
4.198757e-31
-2.317614e-31
1.250798e-31
-8.597051e-31
2.987072e-31
-3.772154e-31
2.099393e-31
-5.788533e-31
-4.629148e-31
-4.510394e-31
3.927233e-31
4.755899e-31
-3.876747e-31
1.586541e-31
-4.034127e-31
1.501175e-31
-3.625123e-31
-3.719708e-31
3.883925e-31
-2.870798e-31
-4.715056e-31
4.258039e-31
-4.153914e-31
4.454259e-31
5.840648e-31
-2.983810e-31
-5.399897e-31
-4.402351e-31
-4.372566e-31
4.580136e-31
-2.863200e-31
3.038524e-31
1.922646e-31
2.599235e-31
-3.469867e-31
-2.952446e-31
-1.805580e-31
-5.754020e-31
-4.238244e-31
-1.198203e-31
-4.133816e-31
4.348036e-31
4.191275e-31
-9.924673e-02
2.703587e-01
3.144327e-01
1.366676e-01
-1.483687e-01
-1.646033e-01
8.097322e-02
2.330170e-01
1.819900e-01
1.443983e-01
1.898620e-01
1.100196e-01
9.085765e-02
2.499204e-01
-3.710682e-02
-5.922338e-03
-7.652110e-02
-1.440209e-01
3.849418e-01
-4.640302e-02
2.317511e-01
2.451785e-02
-2.035253e-01
1.500888e-01
1.628765e-01
-1.563947e-01
3.546498e-03
7.261200e-02
-1.296000e-01
1.886634e-01
-2.145900e-01
1.757817e-01
7.730372e-02
6.788375e-02
-5.341637e-02
-1.276617e-01
5.760841e-03
-5.984430e-02
-1.469145e-01
2.703737e-01
2.472795e-01
-5.389306e-02
5.554611e-02
-3.353864e-01
5.401507e-01
-6.017528e-02
-1.230694e-01
3.754922e-01
2.946435e-01
1.009691e-01
7.774625e-02
1.849637e-01
8.149938e-02
-3.908512e-02
-2.005088e-02
1.094184e-01
2.075702e-01
-3.505763e-02
5.994998e-02
-1.001791e-01
-8.635443e-02
-5.682075e-03
6.864772e-03
-5.561410e-03
5.290882e-02
-1.647153e-01
1.081444e-01
-1.585259e-01
5.233653e-02
1.352269e-01
1.032385e-01
3.489944e-02
-1.800648e-01
7.768430e-02
1.207653e-01
1.453606e-01
-1.861181e-03
6.639446e-02
-3.912228e-02
3.529439e-01
6.101051e-02
-1.959151e-01
5.427367e-02
-7.834597e-03
2.108019e-01
-2.540059e-01
-1.329373e-01
-4.236676e-02
1.309589e-01
2.112329e-02
1.345288e-02
-6.803574e-02
3.214657e-02
6.009550e-02
3.454655e-02
7.803097e-02
2.788213e-02
1.207303e-01
5.834234e-02
-7.867396e-02
-2.924186e-02
-5.451096e-02
-1.179583e-01
-3.648252e-03
-4.267237e-02
5.977710e-02
6.186465e-02
1.810705e-01
2.652251e-01
-9.753673e-02
-1.824347e-01
2.100012e-01
2.667987e-02
-2.724013e-02
5.959811e-02
2.165341e-02
-1.956860e-02
-1.593046e-02
6.858166e-02
-9.709616e-02
1.048571e-01
-1.093678e-01
1.152494e-01
7.548198e-03
-4.337264e-02
1.663267e-01
-1.886082e-01
-1.423482e-01
-6.206868e-02
3.727297e-01
-3.214730e-02
8.067696e-02
2.226953e-01
2.012984e-03
-5.169766e-02
-1.089405e-01
-2.473439e-01
-3.315067e-02
-3.616930e-02
-1.101811e-01
-3.833709e-01
4.071061e-02
8.499376e-02
1.181484e-01
-1.813252e-01
-3.106206e-01
6.758077e-01
2.708473e-02
-1.937690e-02
-1.315870e-02
1.701532e-01
-1.080270e-01
1.666685e-01
3.680766e-02
1.025667e-01
-8.226810e-02
-2.988550e-02
2.506478e-01
-1.623601e-01
-1.931533e-01
-2.033233e-01
6.099211e-02
2.230393e-01
-1.369558e-01
1.679558e-01
-2.909591e-02
4.183240e-02
1.118695e-01
-2.148027e-01
1.673091e-01
-4.801819e-01
-7.312932e-02
-2.113366e-02
-1.803898e-01
2.151823e-02
-1.145164e-01
-7.574302e-02
-1.746665e-02
-1.533553e-01
-2.585703e-01
-3.463050e-02
-5.960421e-02
-5.753103e-02
-1.883517e-01
-1.581791e-01
-1.988837e-01
1.828724e-01
-3.808446e-02
9.921620e-02
2.485316e-01
1.372340e-01
1.349744e-01
1.401077e-01
-1.055723e-02
5.743320e-02
2.933576e-02
1.298776e-01
-4.360845e-02
-2.920668e-02
1.728736e-01
-2.692268e-02
-2.404767e-01
-2.200834e-01
2.070067e-02
-2.256535e-01
-4.369551e-01
-7.335103e-02
1.164752e-01
-1.034800e-01
-6.729915e-01
1.867986e-01
1.789389e-01
1.324931e-01
4.574130e-01
3.237695e-01
-1.542801e-01
5.985307e-02
-8.308545e-02
-5.161118e-01
-1.027594e-01
1.224919e-01
-2.311643e-01
-1.219464e-01
3.694567e-01
-1.475948e-01
-1.850758e-01
2.382374e-01
-2.457719e-01
-1.529224e-01
-2.210931e-01
-1.521035e-02
2.746745e-01
5.642251e-02
-4.971193e-02
-4.620753e-01
-2.830258e-02
3.435244e-02
1.903040e-01
-1.685982e-01
2.916208e-01
6.980205e-02
-2.042243e-02
3.084401e-01
5.146344e-02
1.649800e-01
1.077483e-01
1.475807e-01
1.504254e-01
-2.227349e-01
9.119285e-02
1.405094e-01
2.131084e-01
1.878278e-01
3.385997e-02
-1.921493e-01
3.682011e-02
-1.754653e-02
-5.570387e-01
5.565272e-02
-2.813142e-01
-2.431304e-01
1.265729e-01
1.058788e-01
2.869963e-01
-1.676186e-02
-2.549366e-01
-4.457867e-01
-2.874081e-01
-1.645693e-01
-2.391794e-01
-1.116124e-01
2.089327e-02
-5.042267e-01
2.214580e-02
-1.522964e-01
1.342874e-01
-2.288537e-01
4.450821e-01
2.627671e-01
-2.576620e-02
-1.165393e-01
5.695839e-02
2.140025e-01
-2.560451e-01
-1.458914e-01
1.290656e-01
-1.929125e-03
-4.314963e-01
-8.498782e-03
2.702995e-02
-1.341803e-02
-3.549296e-01
-3.590570e-01
-7.781142e-02
2.285258e-02
1.869434e-01
1.033921e-01
-4.741507e-01
3.856707e-01
1.618135e-01
1.688855e-01
-1.701013e-02
-6.043664e-02
1.743914e-01
1.783277e-01
4.302568e-01
-3.088205e-01
1.608730e-01
2.513146e-01
9.742704e-02
-2.386646e-01
-1.337159e-02
3.031411e-01
7.936089e-02
8.636875e-04
2.061946e-02
-3.528851e-02
4.248149e-02
-7.345265e-02
6.474854e-01
1.863119e-01
-2.092862e-01
1.730494e-01
-1.907142e-01
-2.537603e-01
7.613473e-02
2.060691e-01
-1.446136e-02
9.339253e-03
-1.598232e-01
4.920052e-01
3.566215e-01
2.471850e-01
-1.837245e-01
-1.866485e-01
-2.183470e-01
2.800258e-01
-1.731078e-01
2.217956e-01
1.930903e-01
-2.817554e-01
-1.908896e-01
-1.252635e-01
-5.528941e-02
1.713931e-01
2.322581e-02
1.066542e-01
-1.608393e-01
-8.065172e-02
5.417867e-02
-5.145454e-01
2.616629e-01
2.782973e-01
-1.290099e-01
7.627877e-02
-6.093132e-02
1.694490e-01
-1.565385e-01
-1.293907e-01
7.175235e-02
-1.459478e-01
5.920709e-02
3.257885e-01
-2.028375e-01
-1.332052e-01
-1.243738e-01
2.008568e-01
-1.142730e-01
3.596106e-01
-3.018740e-02
1.756756e-01
-2.394667e-01
2.248320e-01
-2.031953e-01
6.305739e-03
6.959049e-02
-4.795813e-03
4.587855e-03
3.314067e-01
-3.031178e-01
-7.178362e-02
-2.529279e-01
-1.109004e-02
6.892027e-02
1.409558e-01
-1.576918e-02
4.540951e-02
-5.438859e-02
-2.257417e-02
-7.393870e-03
-4.330654e-03
-6.254565e-02
-5.017286e-02
-5.722059e-02
6.400111e-02
1.090523e-01
7.044021e-04
-1.667190e-01
1.103363e-01
5.384503e-02
-2.355245e-02
-4.312904e-02
1.661379e-01
1.193807e-02
-3.716962e-02
-1.344543e-02
-7.793877e-02
5.620725e-02
3.844986e-02
8.228772e-03
-1.519272e-01
1.104447e-01
9.054215e-03
-2.048571e-01
-3.552101e-03
8.894029e-02
-8.258630e-02
1.133377e-01
6.813467e-02
-8.324017e-04
4.783313e-02
-3.646123e-02
-4.553290e-02
-8.312934e-02
-3.101119e-02
1.355881e-01
-1.092737e-01
-8.416479e-03
-1.431280e-01
-5.946413e-02
-1.025092e-01
4.960741e-02
-3.619675e-02
6.967458e-02
5.451058e-02
-7.923272e-02
5.523965e-02
4.280199e-02
3.616139e-02
-5.302497e-02
-2.733498e-02
4.459545e-02
1.344652e-01
-3.606956e-03
1.070724e-01
8.882409e-02
-1.965895e-02
9.220001e-02
2.198922e-01
-1.751478e-01
5.708308e-03
-1.229902e-01
2.605576e-01
-8.324366e-02
-1.073045e-01
4.376261e-02
-1.346809e-01
-8.659219e-02
2.104250e-01
1.113514e-01
-1.123250e-02
4.062626e-03
1.439940e-01
-7.359019e-02
2.726350e-01
-2.000370e-01
1.068577e-01
-7.448202e-02
3.490728e-02
-3.979217e-02
-2.814402e-01
1.276279e-01
5.777505e-02
3.718399e-02
-2.806085e-01
1.202836e-01
-2.684294e-01
-8.764531e-02
1.892090e-02
9.601479e-02
8.090208e-02
3.910619e-01
-1.348312e-01
9.834875e-03
-1.068698e-01
-6.049531e-02
-1.400041e-02
-2.064468e-01
-7.150033e-02
2.512620e-01
3.019496e-02
1.561657e-01
-2.897416e-01
1.794775e-02
-1.016672e-01
-2.818623e-02
-1.099703e-01
1.787740e-01
6.950347e-02
1.636336e-02
5.133693e-01
-8.833040e-02
-5.918751e-02
-1.152376e-01
-4.858089e-02
2.132106e-01
-1.130196e-03
1.819640e-01
3.461210e-02
1.212655e-01
-2.507850e-02
-1.396014e-01
1.816240e-03
-1.962915e-02
8.473357e-02
1.625659e-02
4.735786e-02
-1.645451e-01
-2.185532e-01
-1.807840e-02
1.757606e-01
3.374192e-01
-1.671050e-01
-2.320735e-01
7.120113e-02
3.120398e-01
9.027199e-02
9.453513e-02
-2.009043e-02
1.525973e-02
9.892914e-02
-6.470528e-02
-2.235779e-01
2.813444e-01
2.182889e-02
2.377103e-01
-2.282607e-01
-1.289212e-02
-7.894840e-02
2.241995e-02
1.398244e-01
-2.383625e-02
-1.761513e-01
4.866362e-02
2.200207e-01
-5.429939e-02
6.516885e-02
-4.193618e-01
2.358057e-01
1.123350e-01
-1.290084e-01
-1.075793e-01
7.329264e-02
-1.504610e-02
-9.378691e-02
-6.939028e-03
-1.179045e-01
1.170022e-01
-4.563684e-02
-2.180296e-01
1.280059e-01
-1.500351e-01
-8.056010e-02
1.321768e-01
1.917977e-02
-1.407485e-01
-4.879034e-02
1.589612e-01
1.255391e-01
-2.773360e-02
-1.039076e-01
3.934475e-01
7.019044e-02
-1.599494e-01
1.457692e-01
-7.833830e-02
5.766235e-02
-7.946205e-02
1.501097e-01
-1.182618e-01
8.654087e-03
1.749353e-01
1.296693e-01
-3.187824e-02
-5.026119e-02
-2.184393e-01
-1.047626e-01
-6.755334e-03
-1.326701e-02
-8.792829e-03
4.122625e-02
-1.451140e-01
2.003544e-01
-2.986877e-02
1.059540e-01
3.744402e-01
1.099573e-01
1.860569e-01
-8.848421e-02
1.547571e-01
6.594528e-02
3.596385e-01
-5.500396e-02
8.809357e-02
3.057557e-02
-3.891733e-04
5.728064e-02
1.605706e-01
1.419106e-01
-3.176884e-02
1.753592e-01
-2.300444e-01
6.073293e-02
-1.020443e-01
1.046471e-01
-3.861116e-02
1.311860e-01
1.617706e-01
-1.330788e-01
-3.797808e-01
-4.615488e-02
-1.091827e-02
1.992394e-02
1.866397e-02
1.672494e-02
-1.148626e-01
3.673425e-02
-7.563264e-02
-1.593036e-01
1.289778e-01
5.840706e-02
-2.073767e-01
8.061356e-02
1.047303e-01
1.187729e-01
-2.317499e-01
2.253832e-01
-2.334405e-02
-1.798373e-01
2.434545e-01
7.994071e-02
-1.105809e-01
-1.579270e-01
7.418808e-02
2.897333e-03
3.658669e-02
1.989226e-01
-2.550492e-01
1.264194e-01
-6.061122e-02
-4.054685e-02
4.772018e-02
-2.362892e-01
1.590803e-01
5.519974e-02
-4.379028e-02
-2.127887e-01
-2.011369e-01
8.267048e-02
3.128288e-01
-1.091111e-01
2.474420e-02
8.536870e-03
-1.093615e-01
1.616787e-02
-7.043551e-02
-4.745366e-02
-1.453954e-01
8.774313e-02
1.017116e-01
-7.802598e-02
-4.169893e-02
-4.835865e-02
-3.221197e-02
2.330103e-01
4.775106e-01
-4.908571e-03
3.940041e-02
-1.413841e-02
2.264245e-01
4.259984e-02
3.863184e-02
1.445071e-01
-1.440812e-01
-9.475945e-02
-1.931178e-01
1.485526e-01
-1.788456e-01
6.936367e-02
-7.486963e-02
-8.981217e-02
-3.982223e-02
7.123531e-02
4.722412e-02
1.035014e-01
1.286339e-01
1.438939e-02
-5.746345e-02
-8.901591e-02
-1.679540e-01
2.068967e-02
-1.494951e-01
8.353735e-02
-9.350235e-02
3.343082e-02
-2.841255e-02
2.706710e-01
9.044602e-02
-4.171891e-02
5.675076e-02
-1.258501e-02
-7.048510e-02
4.532339e-02
1.336742e-01
-7.243419e-02
2.137840e-01
-6.120259e-02
8.304842e-02
-3.911411e-02
-1.061605e-01
1.071363e-01
3.699666e-02
-2.547483e-01
1.129070e-01
1.849882e-01
-2.270382e-01
-1.909527e-02
-6.842011e-02
-8.692504e-02
-2.089780e-01
7.222176e-03
-1.588736e-02
3.029561e-01
1.200963e-01
-2.786104e-01
7.853208e-02
-3.725887e-02
-7.761361e-02
1.445223e-01
3.830322e-01
4.824833e-02
-4.045852e-02
3.998301e-02
3.082543e-01
8.509132e-02
-1.230989e-01
4.381484e-01
-4.679227e-01
3.929816e-01
2.810163e-02
1.022548e-01
-1.831388e-01
1.320691e-03
-1.433671e-01
-1.023286e-01
-2.195975e-02
-7.084864e-02
8.870710e-02
-1.925499e-01
2.157422e-01
-2.589419e-01
1.200899e-02
1.462926e-01
-3.711655e-01
1.759674e-01
5.147831e-02
-1.102460e-01
-7.992417e-02
5.834190e-02
1.054026e-01
-2.239503e-01
1.196522e-01
9.620854e-02
-1.814053e-01
8.292884e-02
-7.817320e-03
1.934044e-01
2.097141e-03
1.151564e-01
1.196890e-01
1.695005e-01
4.323002e-02
2.949583e-01
2.347253e-01
7.209372e-02
1.682813e-01
2.580518e-01
8.782434e-02
-1.976213e-01
-2.687047e-01
1.592343e-02
-1.056891e-01
-7.265105e-02
1.208081e-01
9.169982e-02
-3.261494e-02
-1.374358e-01
3.445273e-01
-1.635519e-01
2.399164e-02
-5.822004e-02
-1.377980e-01
2.110349e-01
1.801243e-02
-4.161049e-02
-1.432465e-01
3.093583e-01
1.742480e-02
8.963087e-02
-5.451258e-02
2.467646e-01
-4.687911e-02
-2.068958e-02
-1.265466e-01
-1.362164e-01
2.367246e-01
-2.589995e-01
-6.968152e-02
2.240089e-02
4.713763e-02
1.899472e-01
6.107843e-02
8.809067e-02
-1.837009e-02
-1.377944e-01
-8.175357e-02
4.613520e-02
9.676237e-02
-2.736571e-01
-1.958151e-01
1.600742e-01
1.457265e-01
-2.619169e-01
-2.851334e-01
1.350702e-01
1.509005e-01
3.685880e-02
4.729813e-01
2.607303e-01
5.448577e-02
7.328506e-02
1.063074e-02
-2.894406e-02
4.467481e-02
-1.039495e-01
-1.619981e-01
-8.697583e-02
3.074503e-02
-2.995445e-01
-1.261578e-01
2.688330e-01
2.718190e-03
-2.458527e-01
1.723412e-02
1.145138e-01
-1.535790e-01
1.174447e-01
-5.715252e-02
2.858976e-02
1.740559e-01
-2.958244e-02
6.831583e-02
2.634322e-01
-1.146272e-01
2.213492e-01
9.894113e-02
-7.315656e-02
-3.383924e-01
-2.192534e-01
-2.121827e-03
9.752031e-02
-3.406406e-01
2.734006e-01
7.896351e-02
-2.102126e-01
1.770317e-01
-1.349333e-01
-4.850101e-02
5.006446e-01
-2.248718e-02
2.437912e-01
-4.829421e-02
-1.677009e-01
-9.268522e-02
-8.331359e-02
1.179953e-01
-5.507180e-03
-1.342659e-01
-1.569204e-01
2.902596e-02
-5.089602e-02
2.619252e-01
-2.929357e-01
-1.161320e-01
2.273098e-02
-1.222727e-01
4.967413e-02
-7.129935e-03
3.182452e-02
-9.377225e-02
-1.433309e-01
2.567066e-01
-9.581639e-02
-1.025197e-01
1.523590e-01
9.575720e-02
3.595847e-02
3.350862e-02
-4.157467e-02
8.980358e-02
-6.289750e-02
9.889448e-02
3.644442e-02
2.255401e-03
-6.256869e-02
1.044254e-01
1.575699e-01
3.898835e-03
5.261299e-02
8.821717e-02
4.766362e-02
9.771043e-02
-9.313829e-02
-4.198151e-02
3.981264e-02
2.433950e-02
6.741327e-02
6.050467e-02
-4.481772e-04
-9.269016e-02
-1.123464e-01
1.240348e-01
2.131816e-02
7.113405e-02
-8.962862e-02
5.023820e-02
2.833298e-02
5.571299e-02
3.138049e-02
2.734568e-02
-3.747083e-02
1.412280e-03
1.343400e-01
1.012724e-01
1.758686e-02
5.204758e-02
-6.580843e-02
7.148989e-02
-6.259640e-02
6.000838e-03
-1.507945e-01
-4.804465e-03
-4.695342e-04
5.567911e-02
-8.236339e-04
1.435653e-01
2.228294e-01
-9.884105e-02
1.366671e-01
5.501050e-03
2.242628e-02
-3.142194e-01
2.014188e-01
-6.093476e-02
8.791493e-02
4.944525e-01
-1.890239e-01
-2.520405e-02
-2.549231e-01
-8.092207e-02
1.222659e-01
4.840780e-02
-8.376045e-02
2.552105e-01
-9.659561e-02
1.922944e-01
-2.890117e-01
-2.503501e-01
-1.168661e-01
5.930026e-02
-1.158729e-01
1.327522e-01
-1.208099e-01
-1.536437e-01
8.910178e-02
-1.551125e-01
2.737747e-01
-2.412988e-03
-1.423170e-01
9.955668e-03
-9.267348e-02
6.719718e-02
-3.140031e-02
5.010851e-02
-2.088989e-02
-9.228256e-02
8.663309e-02
6.531896e-02
-4.977765e-02
3.845850e-02
4.173775e-02
1.567035e-01
-1.060665e-01
1.934514e-02
1.233509e-02
8.608937e-02
1.800329e-01
3.629968e-01
3.350003e-01
-8.142787e-02
1.818827e-01
-8.368478e-02
4.299487e-02
3.393873e-02
6.107315e-02
-1.793859e-01
3.866849e-02
2.792403e-02
-1.293903e-01
1.414614e-01
6.327997e-03
-3.845168e-02
-2.061435e-02
-2.365410e-01
-7.530342e-02
2.811668e-01
5.407079e-03
-5.605922e-02
-6.131520e-02
3.821162e-02
2.618948e-01
-3.010682e-01
-1.817694e-01
-2.041041e-01
-6.107446e-02
-1.719722e-01
-1.373273e-01
7.705371e-02
1.589685e-01
1.496681e-01
9.583845e-02
-1.915892e-01
3.405387e-01
-9.071169e-02
-2.498933e-02
5.759063e-02
5.872173e-02
-1.995771e-01
6.240071e-04
-2.864016e-02
-2.860304e-02
2.488078e-01
-1.465257e-01
3.090511e-02
2.158043e-01
-2.511855e-02
-2.647934e-02
-3.324844e-02
-1.752577e-02
2.526561e-01
-1.928739e-01
7.749471e-03
-2.622722e-01
6.933602e-02
-1.743136e-01
-7.097733e-02
2.378068e-01
2.287863e-01
-2.392322e-02
-1.082983e-01
-1.063098e-01
5.696293e-02
-1.679664e-01
6.160662e-03
5.044759e-02
2.494625e-01
8.376815e-02
1.344121e-01
1.677913e-01
1.935459e-01
2.896163e-01
-2.680493e-01
1.053791e-01
8.676313e-02
7.096192e-02
1.660524e-01
1.172517e-01
2.796153e-01
2.416469e-02
-1.864624e-02
1.399471e-01
1.231637e-01
1.278025e-03
1.870096e-02
-1.004054e-02
5.358046e-02
7.309072e-02
-2.183335e-02
1.318462e-02
7.744867e-02
-1.680242e-01
-6.378356e-02
9.272186e-02
-1.199452e-03
-5.258895e-03
-3.016228e-02
-1.804363e-01
-3.170330e-02
-1.459090e-01
-5.215681e-03
-7.878096e-03
-7.153840e-02
2.328223e-02
-4.960417e-02
-1.670044e-02
1.669475e-02
-1.050940e-01
-7.373833e-02
-4.686300e-02
1.003418e-02
2.619979e-02
5.923874e-02
8.351399e-02
4.649147e-02
7.391775e-02
-1.042447e-02
3.113737e-02
5.568122e-03
-7.406951e-02
6.947082e-03
-9.633230e-02
-2.507218e-04
-1.153054e-01
2.222324e-03
-1.253286e-01
-5.792113e-02
-1.659660e-01
-4.546772e-02
4.115301e-04
-1.089675e-01
-7.786034e-02
2.684781e-02
-2.022483e-02
6.161890e-03
5.190730e-02
-6.630455e-02
9.043583e-02
-1.783017e-03
-1.303957e-01
3.138224e-03
-7.036109e-02
-7.910807e-03
6.689358e-02
-2.279289e-01
1.199539e-01
-7.650750e-02
1.325544e-01
-1.936152e-02
-1.075828e-01
-4.834394e-02
-2.010047e-01
-2.225717e-01
-2.836393e-01
-4.680074e-02
-9.247830e-02
4.196302e-02
9.647603e-02
-3.977989e-02
-9.387322e-02
-9.216579e-02
5.511536e-02
-5.170052e-02
-1.320310e-02
-1.249049e-01
1.195486e-01
-4.379343e-02
-1.032881e-01
-1.238381e-01
-2.137273e-01
-1.519946e-05
-1.232792e-02
-3.333342e-02
1.374699e-01
3.517660e-02
-2.259739e-02
8.417276e-02
1.002243e-01
-3.965013e-02
-1.336444e-01
-1.257508e-01
2.385146e-01
6.043756e-02
1.948941e-01
1.678767e-02
5.520981e-02
-1.628324e-01
2.153014e-02
2.985444e-02
5.631971e-02
-8.704696e-03
-7.948302e-02
-5.890982e-02
9.999223e-02
1.371208e-01
-2.894701e-02
2.280534e-01
6.622447e-02
1.280672e-01
-9.624504e-02
-5.127912e-02
-1.145026e-03
2.578867e-02
-5.032881e-02
1.270272e-01
6.031381e-02
8.304477e-02
2.665510e-01
-1.764364e-01
-5.128514e-02
-1.850233e-01
-5.759436e-04
1.983121e-01
9.198342e-02
1.459977e-02
-1.708506e-01
3.910336e-02
1.297302e-02
-1.336581e-01
1.331194e-01
-3.667298e-01
-6.812777e-02
-1.551432e-02
2.374985e-01
-3.080063e-01
2.486841e-01
1.353625e-01
-2.695065e-01
-1.802240e-01
-8.368623e-02
1.319449e-01
7.659160e-02
-4.755874e-02
-2.730488e-02
-2.723030e-01
-1.714077e-01
-2.422214e-01
-6.013266e-02
1.312997e-01
2.579047e-01
2.582135e-01
-7.949983e-02
-6.942998e-02
-1.312670e-01
1.603099e-02
-4.045818e-01
8.181241e-02
2.717302e-01
2.786444e-01
-5.155154e-01
-2.829276e-01
-4.184777e-02
-2.700588e-01
8.066911e-02
-1.133313e-01
2.705355e-01
6.963552e-02
-2.245393e-01
-2.037344e-01
2.039419e-01
-6.511937e-02
1.970676e-01
5.830181e-02
-9.037600e-02
3.792063e-01
1.922505e-01
1.889589e-01
-1.522142e-01
5.685843e-02
-1.489057e-01
-1.134973e-01
-1.832973e-01
2.697074e-02
-1.670709e-01
-1.405897e-01
-5.668281e-02
9.230676e-02
6.239243e-01
-4.027452e-01
-2.744652e-01
4.502325e-01
-3.557996e-02
-3.404023e-02
3.588177e-01
1.089150e-01
1.704745e-01
1.300523e-01
4.434431e-01
-1.608436e-02
3.566560e-02
-2.090648e-02
-2.835396e-01
-7.790138e-02
-3.253824e-02
7.847432e-02
6.657045e-03
2.166538e-01
5.973760e-02
-2.570665e-01
-1.370019e-01
6.504767e-02
2.870869e-01
-1.818988e-01
3.335214e-01
-1.787535e-01
-9.332201e-02
-1.496006e-01
-2.131894e-02
-1.432393e-01
1.729172e-02
1.285281e-01
2.237440e-01
-1.710469e-01
-6.600078e-02
-2.947943e-01
1.671493e-01
1.271626e-01
-1.131698e-01
1.359773e-01
-1.323182e-01
3.977529e-02
1.044076e-01
5.668459e-02
5.337579e-01
1.436237e-01
1.040644e-03
9.453294e-02
-4.225436e-01
-2.545529e-02
4.344557e-01
-8.776777e-02
-1.655373e-01
-1.374514e-02
2.864853e-02
1.326836e-01
2.520385e-01
2.916443e-01
-1.168139e-01
-1.657683e-01
4.251376e-01
6.082184e-02
-4.248624e-01
2.204186e-02
-3.105766e-01
-2.624861e-01
-2.565125e-01
2.027488e-02
-2.372103e-01
-2.827085e-01
7.817293e-03
2.373101e-01
-5.498683e-01
-7.191261e-02
1.565799e-01
-3.095639e-01
2.172104e-01
-3.527870e-01
-1.449579e-02
-2.480518e-02
-3.847130e-01
-3.336070e-02
4.355778e-01
-3.567990e-01
1.233816e-01
6.128921e-01
1.010098e-02
-3.570726e-01
-5.712876e-01
6.351330e-02
2.100309e-01
-9.339706e-02
-2.061280e-01
1.655983e-01
1.748079e-01
-2.323971e-01
3.354154e-01
6.778082e-02
-4.665236e-01
3.221701e-01
-7.896058e-02
3.896698e-01
5.731226e-02
-2.026539e-01
-2.251630e-01
1.345129e-01
2.222063e-01
-2.621381e-01
1.815579e-01
-1.027916e-01
-1.573538e-02
-4.687899e-02
-7.026327e-02
-8.979801e-03
-3.894868e-01
2.278237e-01
2.371688e-01
8.427076e-02
-3.462586e-01
1.738329e-01
-1.049808e-03
-6.625317e-02
2.780237e-02
2.236289e-02
-4.394893e-02
-1.528065e-02
3.819497e-03
1.123115e-02
-5.165650e-03
-8.545184e-03
6.232993e-02
7.405433e-02
-1.620146e-01
-1.131229e-01
-2.194306e-02
1.724259e-02
1.772885e-01
6.189363e-02
2.303774e-02
-4.017686e-03
-5.615121e-02
-1.426809e-01
7.417999e-02
-1.418923e-02
-8.702189e-02
-7.512346e-02
3.875076e-02
-5.164165e-02
1.147090e-01
-1.432232e-01
1.231131e-02
3.886043e-03
5.112195e-02
1.038868e-02
1.556099e-01
2.620373e-01
4.104367e-02
-1.141960e-02
1.644546e-01
1.842793e-01
4.177455e-02
1.022125e-01
5.106694e-02
-2.299537e-02
-1.757299e-02
-2.644295e-02
1.110338e-01
-1.329210e-01
6.778508e-02
1.183852e-01
1.893704e-02
8.927887e-02
1.346605e-01
-1.080684e-02
-9.848493e-02
-1.617078e-03
-9.074369e-03
-7.869547e-03
-1.821424e-02
-1.104637e-01
1.714312e-01
3.865264e-02
6.665758e-02
1.489121e-02
1.019808e-01
3.529404e-01
2.629531e-02
1.226282e-01
-2.494110e-02
1.203103e-01
-5.078702e-02
-1.817689e-02
1.697600e-02
3.415404e-02
1.811869e-01
-9.219276e-02
-4.338227e-02
1.999251e-01
-2.313223e-02
-6.077620e-03
2.506107e-01
1.095327e-01
-1.726402e-01
-2.731165e-02
-5.560422e-02
-2.193630e-03
-4.606378e-02
1.030780e-01
4.004052e-02
6.862176e-02
2.604165e-02
-9.857596e-02
-1.881201e-01
4.297032e-02
-2.568949e-02
1.076294e-01
1.000713e-01
1.023506e-01
3.856084e-02
9.066136e-02
6.442540e-02
-1.435465e-01
2.151951e-01
-8.994230e-02
-5.167559e-02
-1.052394e-01
1.502904e-01
9.955811e-03
4.462934e-02
-1.114055e-01
-4.400053e-02
9.862813e-02
9.066264e-02
8.339291e-02
9.643219e-02
2.153818e-01
-2.147332e-02
-1.388766e-02
7.852875e-02
7.081659e-03
1.422339e-01
1.248449e-01
6.067718e-03
9.826411e-02
-2.931123e-02
5.108593e-02
4.894572e-02
-5.686672e-02
-8.892737e-02
7.081714e-02
-8.142402e-02
1.044583e-01
2.068429e-01
-7.321698e-02
5.760978e-03
2.135997e-02
5.137325e-02
-1.401443e-01
4.337558e-02
4.237850e-02
-1.298375e-01
-1.439673e-01
-8.617003e-02
-5.034696e-02
8.710197e-02
8.932953e-02
4.753009e-02
-1.042219e-01
-1.215820e-01
-1.560319e-01
1.907521e-01
-8.840837e-02
-8.420379e-02
5.087462e-02
1.195997e-01
1.615224e-01
-1.668872e-01
-4.079703e-02
-1.348276e-02
1.196985e-01
1.141196e-01
1.047040e-01
1.690069e-01
1.443746e-01
4.532325e-02
-2.106786e-01
2.093324e-01
-1.165743e-01
1.432410e-01
-2.900612e-02
-3.114334e-03
1.142857e-02
-1.347315e-01
6.859951e-02
8.558004e-02
-4.945304e-02
-3.933257e-02
-8.055214e-02
-1.848684e-02
-2.823058e-02
-8.424947e-02
3.168981e-02
-8.180874e-02
8.683575e-02
-1.969981e-01
-9.006204e-02
7.457583e-02
-6.645815e-02
-1.256218e-02
9.932885e-02
-1.927789e-02
-6.346101e-02
2.581417e-01
4.645465e-02
-5.098151e-02
-1.556186e-02
2.070102e-01
5.700316e-02
-3.798481e-02
-2.016846e-01
-1.581218e-01
1.955601e-02
3.879584e-01
-2.739247e-01
2.113604e-01
1.880914e-01
2.037410e-02
-1.119992e-01
3.888415e-01
1.046252e-01
1.394359e-01
-9.406236e-02
-3.567354e-01
-1.222866e-01
6.140413e-02
3.047183e-01
2.535467e-01
9.439678e-03
-3.347401e-01
-2.452711e-01
-2.361640e-01
1.077193e-01
-2.280945e-01
2.980772e-01
3.521851e-01
3.181059e-01
-1.000149e-01
4.783063e-02
1.385379e-01
9.420817e-02
-6.159343e-01
-1.993149e-01
1.530967e-01
-1.465787e-02
1.170606e-01
-2.593812e-01
3.776456e-02
8.329861e-02
-1.439963e-01
1.922882e-03
-2.101899e-02
5.213194e-01
2.582984e-02
3.966989e-02
1.650558e-01
-2.101238e-02
4.810356e-02
-1.366771e-01
-2.312071e-01
2.536517e-02
9.747170e-02
-2.204133e-01
-1.672079e-01
-7.849604e-02
-1.504136e-01
-1.351762e-01
-3.591997e-03
-1.184291e-01
3.197643e-01
6.375617e-03
-4.318835e-01
3.269380e-01
-9.493478e-02
-5.826816e-02
1.228426e-01
2.385053e-01
2.182126e-01
-1.884558e-01
1.931002e-01
4.312265e-01
1.575439e-01
2.682204e-01
-2.771565e-01
-8.353606e-03
9.394279e-02
2.702171e-01
-1.033678e-01
1.761323e-01
-2.627315e-01
-7.456341e-02
1.869145e-01
-1.116141e-02
1.675311e-01
-1.635549e-02
-1.078229e-01
-2.419201e-01
-1.191958e-01
3.197885e-01
2.314127e-01
1.136637e-01
1.919325e-02
-3.973920e-02
3.388809e-01
-4.707681e-02
2.062303e-02
2.582368e-02
2.342035e-01
-5.305568e-03
-7.260841e-02
-2.541293e-01
-1.919472e-02
-4.059182e-02
-1.511186e-01
1.090606e-01
1.092250e-02
3.249483e-01
-8.702959e-03
7.018031e-02
-4.930917e-03
-1.535988e-01
-3.675078e-01
2.955004e-01
-9.514287e-02
3.141369e-01
-1.451993e-01
1.433668e-01
-1.339247e-01
1.062045e-01
3.433416e-01
1.533954e-02
-1.852874e-02
-3.320861e-03
1.003226e-02
-2.977127e-02
-7.896976e-02
1.112949e-01
4.199577e-02
5.193503e-02
1.734667e-01
-2.944792e-02
1.988656e-01
2.325353e-01
-9.243076e-02
-4.408289e-02
2.985739e-01
3.420879e-01
-1.750438e-02
1.370348e-01
9.192330e-03
1.359014e-02
3.468285e-02
-4.642293e-02
1.860607e-01
4.209883e-02
-2.705851e-02
7.390139e-02
3.954888e-01
9.619994e-02
-5.457680e-02
-2.568952e-01
-2.527039e-03
1.382260e-01
3.477496e-02
1.935436e-01
-1.477876e-01
3.170297e-01
-2.372068e-02
2.577869e-03
-9.909802e-02
2.410405e-03
2.021181e-01
-5.284605e-02
1.773179e-01
-1.291243e-01
2.697868e-01
1.113785e-01
-7.174733e-02
-9.079275e-02
1.978251e-01
-4.420623e-02
-2.843856e-02
-6.209644e-02
1.099967e-01
-1.596792e-01
4.575085e-02
1.029338e-01
9.437858e-02
6.956865e-02
-1.148495e-01
2.839432e-02
-1.245006e-01
-5.240215e-02
7.793436e-02
-3.504585e-02
-1.643353e-01
8.956076e-02
1.160354e-01
9.397758e-02
-2.798474e-01
4.987508e-02
-9.114092e-02
-2.327427e-02
2.171266e-01
1.186308e-02
-1.080442e-01
-1.718218e-01
1.850560e-01
5.322508e-02
4.940511e-02
-2.428540e-02
3.436654e-01
6.375869e-02
-6.999111e-03
2.564971e-01
8.401332e-03
1.357134e-01
-1.430669e-01
5.848531e-02
-2.263336e-02
1.520741e-01
-2.107157e-01
2.401381e-01
1.338170e-01
-5.179855e-01
1.019669e-01
7.704858e-02
4.294195e-02
-1.371253e-01
2.518671e-01
1.307372e-01
4.059526e-02
1.032223e-01
-7.993818e-02
2.070709e-01
1.083192e-02
-4.211690e-02
-2.171480e-01
1.591776e-01
6.574816e-02
-1.402975e-01
1.311956e-01
-2.517809e-01
1.600027e-01
-1.818067e-01
-2.255003e-01
-1.326405e-01
-1.532733e-01
1.727318e-01
2.919439e-01
-1.228633e-01
-2.075774e-01
-1.730841e-01
-2.894401e-01
1.017551e-01
9.878612e-02
-3.099627e-01
-1.445063e-01
5.454791e-02
-6.765886e-02
2.312309e-01
6.410939e-02
-8.416069e-02
2.122911e-01
2.138485e-02
-3.047527e-01
-2.839427e-02
-5.175555e-02
1.186132e-01
-1.723480e-01
-1.336649e-01
-1.382777e-04
-9.565803e-02
-5.659043e-02
1.361277e-01
-4.191065e-02
4.528683e-02
6.732107e-03
-9.015760e-02
-6.526741e-02
-9.393276e-02
-2.616834e-03
-8.369050e-02
-3.801325e-02
-1.065694e-02
-1.019214e-01
2.322893e-01
7.251101e-01
-5.157962e-02
1.538152e-01
-1.060626e-01
-3.157951e-03
7.346214e-02
5.440550e-02
1.082238e-01
7.248246e-03
1.251320e-01
6.722999e-02
-1.156907e-01
-4.980198e-02
-1.317992e-01
9.858665e-02
6.673501e-02
3.493884e-03
-2.813191e-02
-2.680965e-01
1.828210e-01
-1.054125e-01
-1.230397e-01
3.347207e-03
1.381681e-01
-1.308054e-01
-5.994562e-02
-5.813662e-02
-1.618952e-01
-8.256906e-03
-2.724379e-01
-1.338048e-01
1.596495e-01
-7.503492e-02
-2.599592e-01
-1.048613e-01
-1.449806e-02
-9.645212e-02
-9.709115e-02
-1.423556e-01
4.259146e-02
-1.948251e-01
-2.051994e-01
-6.738739e-02
2.219948e-01
-2.487008e-01
-3.168809e-02
-1.789807e-01
-1.383137e-01
-4.137462e-01
1.102109e-01
1.874586e-01
2.277369e-01
-3.208839e-01
-1.525098e-01
-2.648779e-01
3.262267e-01
-4.522695e-02
-4.746602e-01
-1.273666e-01
-1.319607e-01
1.347248e-01
-1.608019e-01
-1.183070e-01
-1.171110e-01
1.515108e-01
-7.534868e-02
-1.892721e-01
-3.204507e-01
-2.006668e-01
-5.511697e-03
1.113609e-01
-5.491045e-02
-1.147790e-01
-1.818781e-01
7.504248e-01
-8.294058e-02
-6.929955e-02
-2.527578e-01
3.945048e-01
2.231325e-02
-1.942910e-01
-1.544431e-01
-3.715608e-02
4.260562e-02
-4.834338e-01
-1.916682e-01
-3.890067e-01
-2.659738e-02
-7.899056e-02
-5.771298e-02
-1.649139e-03
-3.157261e-02
-5.043115e-02
-4.758897e-02
-1.082881e-01
-1.727981e-01
-1.912713e-01
-1.634136e-01
2.930807e-01
-1.396179e-01
1.041882e-02
-1.244011e-01
1.738855e-01
-2.208565e-01
3.226508e-02
1.928988e-01
1.801076e-01
-1.420154e-01
-1.741574e-01
-1.472680e-02
-8.407585e-02
2.248088e-01
-1.269724e-01
-3.720766e-01
-2.901984e-01
-3.431275e-01
-2.693501e-01
-9.496168e-02
-3.415242e-01
-8.566370e-02
2.213130e-01
-1.965243e-01
-1.234113e-01
3.046761e-01
7.728617e-02
3.739942e-02
1.016453e-01
-2.764361e-01
1.713398e-02
1.487352e-01
-3.508684e-01
1.611113e-01
8.883073e-02
3.737046e-02
-4.625613e-02
-1.696113e-01
1.470449e-01
3.261526e-01
-8.592255e-02
3.494136e-01
2.723613e-01
2.863261e-01
-2.782370e-01
-1.836452e-01
2.335583e-01
-2.931811e-01
-9.660581e-02
-8.961670e-02
5.091737e-01
7.426890e-01
6.501257e-02
-2.843234e-01
2.392871e-01
-4.645796e-01
-2.023308e-01
-2.112432e-01
-1.247511e-01
2.464142e-01
-1.895611e-01
1.551935e-01
5.182461e-01
6.042489e-02
-1.470159e-01
-8.359699e-02
3.618374e-02
3.674885e-02
-9.974271e-02
2.998312e-01
-3.290329e-02
-1.228190e-01
2.468177e-01
-1.177630e-01
1.857192e-01
-2.936754e-01
-6.333067e-02
5.903795e-03
-1.063358e-01
-1.536980e-01
8.807738e-02
-2.653332e-01
3.139395e-02
2.547281e-02
9.332465e-02
-9.789387e-02
-2.172705e-01
1.873939e-01
3.641808e-01
-1.424658e-01
-9.604878e-02
2.499696e-02
2.493098e-02
-1.612161e-02
5.036095e-02
9.702095e-02
-1.474457e-01
4.936920e-02
2.278648e-02
-9.510797e-02
5.106338e-02
-1.232486e-02
-4.965229e-02
-1.926568e-01
-5.990858e-02
1.941760e-01
-3.178906e-02
-4.169272e-02
2.271695e-01
-1.782544e-01
1.781409e-01
1.777495e-01
-2.290296e-01
-7.685664e-02
1.798457e-01
-1.696278e-01
2.518413e-01
7.572221e-02
-1.047359e-01
1.386585e-01
-6.503365e-02
5.353750e-02
5.457334e-02
1.455598e-01
1.804726e-01
-2.069625e-01
-1.022384e-01
1.477422e-01
5.079658e-02
-4.873047e-02
-1.066939e-30
-1.102346e-30
1.149481e-30
8.881632e-31
1.417302e-30
2.331466e-30
-2.707081e-30
-3.806330e-31
-1.219244e-30
-4.699299e-31
1.513229e-30
7.455880e-31
2.377305e-30
-1.843977e-30
3.646894e-31
-5.791588e-31
-1.807323e-30
-5.963495e-31
4.848428e-31
1.116444e-30
-1.245162e-30
3.725907e-31
-9.127649e-31
-1.118647e-30
-6.132483e-31
-8.511274e-31
-1.183067e-30
2.748573e-30
1.906535e-30
8.226756e-31
2.139065e-30
1.858068e-30
8.180344e-31
1.737693e-30
9.340354e-31
-5.735718e-31
-5.259957e-31
-2.787835e-32
-3.063086e-30
1.224873e-30
-9.618164e-31
-1.456005e-30
2.713051e-30
-1.418515e-30
-1.236091e-30
-6.040469e-32
9.643086e-32
-1.297632e-30
8.644452e-31
1.611899e-30
-1.311638e-30
-2.459052e-30
1.412802e-30
7.403193e-31
1.377591e-30
1.146326e-30
-7.632429e-31
3.730403e-31
-1.542167e-30
1.646734e-31
-1.095032e-30
-1.673742e-30
1.572981e-30
-1.034586e-30
-2.122958e-02
1.967955e-01
-1.371940e-01
1.036562e-01
-2.000553e-01
-9.058537e-02
7.338301e-02
3.062944e-02
-4.896618e-02
4.191045e-02
6.108601e-03
5.965968e-02
-2.087924e-02
-5.082751e-03
1.220208e-01
3.142723e-04
-9.942826e-02
-9.312013e-03
4.949492e-02
-4.789491e-02
-5.755665e-02
-4.782812e-02
-7.322148e-02
5.707286e-02
-1.249213e-01
2.902633e-02
-3.568513e-02
6.938186e-02
1.388099e-01
3.478039e-02
-2.831455e-02
3.254345e-03
-2.387236e-02
-8.982443e-02
-7.085837e-02
-1.665927e-02
-1.447325e-01
-4.555030e-02
2.033616e-02
2.364056e-02
3.236800e-02
-3.410941e-02
1.119512e-01
-1.759558e-01
3.618189e-02
1.311987e-01
-3.336309e-02
1.791935e-01
1.080626e-01
-5.751453e-02
-1.698245e-02
7.459410e-03
2.790308e-02
-1.391735e-01
6.179633e-02
4.383631e-02
1.360375e-01
-2.465292e-02
2.477885e-02
5.384007e-02
-1.449341e-02
2.406264e-02
7.466362e-02
-1.042301e-01
8.857971e-02
1.264353e-01
2.213408e-02
-4.640205e-02
-3.220001e-02
3.703409e-02
4.195256e-02
-9.715305e-02
-1.369985e-01
-9.886843e-02
9.631051e-02
-1.979928e-02
-3.585710e-02
2.335461e-04
1.029622e-01
1.078140e-01
1.477958e-02
-7.210580e-02
-7.570905e-02
-5.177156e-02
-4.011153e-02
-1.154973e-01
8.675459e-03
-1.739440e-02
1.088196e-01
-1.784359e-02
-1.051824e-01
1.045174e-01
2.841400e-02
-7.385002e-02
-5.893635e-02
3.408252e-02
1.318543e-01
3.219208e-02
-1.322759e-02
2.503332e-02
-2.320653e-02
-9.118071e-02
-2.843319e-02
-5.374100e-02
3.861260e-02
4.220362e-02
-1.132877e-02
-1.079794e-01
1.762330e-02
-3.668247e-02
-2.334254e-02
1.638156e-02
-1.163882e-01
-9.134656e-02
-1.286308e-01
6.298152e-02
1.776847e-02
1.142639e-01
5.962085e-03
-9.579192e-04
1.614237e-01
-9.011457e-03
-5.476091e-02
-1.963714e-03
1.907320e-02
-1.222239e-02
-2.154151e-02
1.346985e-01
-2.828817e-02
-1.702604e-01
-8.171225e-02
-6.098462e-02
-2.047488e-01
-8.181362e-02
-5.279152e-02
-3.922995e-04
7.441466e-02
-2.457450e-02
-1.409297e-01
1.026748e-01
3.428893e-01
1.629911e-01
1.158234e-01
-1.188432e-01
7.869066e-03
8.469313e-02
-8.146877e-02
4.425044e-02
-6.512409e-02
-1.518606e-02
-1.219669e-01
2.501636e-01
2.281513e-02
-2.003679e-02
-2.365763e-01
1.028139e-01
-3.460338e-02
-1.631895e-01
-4.064938e-02
-8.567234e-03
-4.094667e-02
-1.398744e-01
-8.400475e-02
1.399772e-01
-1.342656e-01
1.972888e-01
-2.235177e-01
-1.605748e-01
2.228307e-02
-9.235644e-02
6.475088e-02
5.322216e-02
-3.270905e-01
6.762279e-02
1.131824e-02
-5.353712e-02
5.358654e-04
-6.745829e-02
1.078930e-01
-2.854064e-02
5.536650e-02
-1.036636e-01
2.172908e-02
3.670334e-02
2.244465e-01
2.105265e-01
1.212414e-02
2.373762e-02
-2.032117e-02
-2.525765e-01
3.817079e-02
-6.559964e-02
-8.550078e-02
1.736816e-01
-2.026265e-01
-9.540138e-02
-1.108486e-01
-8.705343e-02
-8.953080e-02
-3.184105e-03
-1.288278e-02
-1.750537e-01
-1.053344e-01
7.863525e-03
4.179380e-01
-1.438594e-01
-4.356891e-02
-3.095543e-01
-1.812181e-01
-3.019923e-01
3.527220e-01
-3.953834e-01
-7.046764e-02
2.779325e-01
2.479247e-01
2.495337e-01
-8.343078e-02
3.241087e-02
3.039171e-01
-6.551880e-02
7.607848e-02
1.884929e-01
3.096376e-01
-1.713634e-01
6.784738e-02
1.167568e-01
-1.399689e-01
-1.780723e-01
-2.242888e-01
2.443868e-01
-2.815077e-01
1.863590e-01
9.933357e-02
2.288904e-01
-5.303791e-01
2.177824e-01
4.418398e-01
-1.410818e-01
-1.298968e-01
-6.366132e-02
7.277294e-02
8.367389e-02
1.426802e-01
1.229104e-01
3.935476e-01
-4.701310e-02
-2.039750e-01
-1.917231e-02
-4.357594e-01
-3.222302e-01
5.717605e-02
-1.065776e-01
4.224339e-01
6.527374e-02
-3.240493e-01
-8.600849e-02
1.476146e-01
-2.218657e-01
-4.722514e-02
-2.162387e-01
9.039589e-02
6.917916e-02
-6.942455e-02
3.308553e-02
-5.516855e-02
-2.642878e-01
1.635084e-01
-7.583462e-02
-3.239366e-01
7.961141e-02
-7.560253e-03
-1.822695e-01
1.121727e-02
-2.017384e-01
3.190608e-01
3.834413e-01
1.331328e-01
-8.542112e-02
-1.358783e-01
1.628996e-01
1.199071e-01
1.862977e-01
-1.052531e-01
-1.179377e-01
-4.814994e-02
4.117489e-01
-1.880175e-02
8.820482e-02
1.648436e-01
1.720941e-01
2.367197e-01
3.357401e-03
1.413736e-02
-9.073833e-02
7.661397e-01
-1.658898e-01
1.364652e-01
1.428535e-01
-1.220852e-01
-1.862314e-01
-3.721884e-01
-6.114675e-02
2.578329e-01
-1.484018e-01
-1.568787e-02
1.057830e-02
-1.650534e-01
1.205114e-02
-1.239259e-01
-1.101186e-01
-3.263101e-01
-1.232530e-02
-2.433046e-01
4.636657e-01
2.289847e-01
-3.055019e-02
1.343588e-01
-1.941497e-01
-1.677853e-01
8.641009e-02
-1.346562e-01
-7.467684e-02
3.704904e-02
1.382524e-02
5.973355e-02
-7.204743e-02
1.032621e-02
8.135740e-02
-1.607032e-01
5.621010e-02
-6.761488e-02
7.914892e-02
2.162926e-01
1.261865e-01
-2.515712e-02
-1.680425e-01
9.299457e-02
-1.641489e-01
4.293466e-01
-2.831217e-01
-2.591588e-02
1.951078e-01
2.771845e-01
-9.620082e-02
6.679553e-02
-2.360426e-01
5.234939e-02
5.371224e-02
5.987014e-02
-2.280195e-01
1.318598e-01
1.926521e-02
-7.073865e-02
-1.262613e-01
3.445836e-01
-1.394168e-02
-1.364982e-01
-1.402330e-02
-2.367686e-01
-9.779505e-03
-1.855970e-01
-6.677786e-02
-8.949549e-02
-5.381678e-02
8.667816e-02
-3.486966e-03
-7.198493e-02
4.103690e-01
8.414946e-02
-6.617860e-03
3.322130e-01
-4.612985e-02
-6.639958e-02
-8.486612e-02
-3.041487e-02
1.255461e-01
-9.630611e-02
1.808242e-01
-2.164234e-01
-8.837550e-02
9.476388e-02
-5.313772e-02
8.685263e-02
-2.401031e-01
2.432178e-01
2.884870e-01
-9.312119e-02
-2.347606e-01
-9.963596e-02
-2.239863e-02
-6.238880e-02
-4.391095e-02
-7.453948e-02
-1.698095e-01
3.310759e-01
1.118181e-01
-9.065971e-03
2.578568e-03
3.451096e-01
-4.317082e-02
-4.373025e-02
-1.519438e-01
-3.402216e-02
-7.762583e-02
3.986580e-02
-7.648657e-02
-6.442317e-02
5.086396e-02
-3.481334e-02
-4.180016e-02
2.042630e-01
1.958596e-01
-2.078799e-02
-2.813258e-01
1.825034e-02
-5.433286e-03
9.166457e-02
-2.273701e-02
1.077398e-01
-6.681486e-02
1.459570e-01
5.794425e-02
-2.578149e-01
-1.420704e-01
-2.942123e-02
1.634824e-01
7.958143e-02
5.639886e-02
-1.010897e-01
-1.502726e-01
2.408162e-01
1.285825e-01
-8.792032e-02
7.373062e-02
2.899249e-01
-1.718266e-01
2.135026e-01
8.105795e-02
9.043318e-02
1.073782e-01
1.121522e-01
-5.261822e-03
-5.467425e-03
3.162962e-02
-4.151590e-02
-1.282067e-01
2.972085e-03
8.463690e-02
-1.195356e-01
1.512983e-01
-1.117743e-02
-2.271002e-01
1.311781e-01
1.266985e-01
7.072546e-02
5.800528e-02
2.442369e-01
2.200103e-01
-2.960043e-01
1.651937e-01
4.123348e-02
9.239371e-02
1.364448e-01
6.092552e-02
3.952321e-02
1.518752e-01
-1.644388e-01
-1.726917e-02
-3.730934e-02
-2.202873e-01
-2.248859e-01
3.540506e-02
-2.193717e-01
1.130661e-01
-1.103710e-01
-1.995571e-02
1.744333e-01
6.924297e-02
-3.217603e-03
1.819084e-01
1.461457e-02
-5.025930e-02
3.315198e-01
2.957882e-01
-2.115310e-01
3.351101e-01
3.154539e-01
-2.999310e-02
2.491187e-01
1.285555e-01
-2.218383e-01
-2.127044e-01
1.092132e-02
2.967994e-01
4.690896e-02
-1.122785e-01
-3.586265e-02
-4.592740e-02
-7.688016e-02
-1.683137e-01
-3.050627e-01
1.460849e-01
6.287006e-02
-8.800554e-02
-4.187877e-01
1.521992e-01
1.083196e-01
1.101357e-02
-5.373746e-02
-1.808464e-01
2.703731e-02
1.495509e-01
-1.323861e-01
1.675102e-01
-2.970020e-02
-4.357064e-03
-2.034262e-02
1.590456e-03
-4.310487e-02
-3.209072e-03
2.181996e-01
3.528317e-03
2.042991e-01
3.511919e-02
2.602071e-03
-4.659637e-02
-1.015177e-01
1.233213e-01
1.841359e-01
3.092706e-01
3.057761e-01
-6.202609e-02
-1.497641e-01
1.122309e-01
1.669137e-01
1.543707e-01
-2.720738e-02
-5.044767e-02
1.726407e-01
5.419376e-02
2.926022e-02
-2.122553e-01
1.793231e-01
-8.800844e-02
4.568646e-02
9.775939e-02
-1.697402e-01
1.418998e-01
-1.001297e-01
-2.470328e-02
4.400348e-02
1.181117e-01
2.038957e-01
-4.441850e-02
-1.328162e-01
-1.507983e-01
-2.214972e-01
1.042549e-01
-2.147040e-02
1.302391e-01
-1.209921e-02
-5.121527e-02
-4.701087e-02
-1.963741e-01
-1.140359e-01
3.085703e-02
4.345544e-02
1.152982e-01
-2.168797e-01
1.674354e-02
-3.904442e-02
1.794079e-01
1.428005e-01
-4.967163e-02
-1.041164e-01
-2.719605e-01
-4.494859e-02
-8.940878e-02
-2.280842e-02
1.876617e-01
1.052217e-01
9.853923e-03
7.380652e-02
9.264449e-02
1.264214e-01
-2.268755e-01
-6.742580e-03
-1.545679e-02
-1.229877e-01
-7.137660e-02
-1.475905e-01
-1.537897e-01
3.690226e-02
3.542409e-02
3.674968e-02
-8.066873e-02
5.113080e-02
1.101120e-01
7.605434e-02
-5.175799e-02
-1.232005e-01
-9.262007e-02
-1.897536e-03
1.282078e-01
-1.284547e-01
1.633696e-01
5.501847e-02
-3.631597e-02
-5.140465e-02
1.094497e-02
-2.347590e-02
-3.686219e-02
-1.363672e-01
-3.988720e-03
2.823842e-01
3.995245e-02
5.570491e-02
2.117636e-02
-1.820231e-02
-4.396971e-02
1.340371e-01
7.963786e-02
-5.412298e-02
-9.081815e-02
4.601804e-02
-7.745333e-02
-8.620480e-02
-3.303934e-02
9.084151e-02
-4.428650e-02
-7.477550e-02
-1.083834e-02
-8.379661e-02
7.877378e-02
-2.063967e-02
-1.219463e-01
-1.618785e-01
4.589990e-02
-1.251239e-02
-1.752206e-02
2.516641e-01
-9.368102e-02
-5.420422e-01
2.782950e-01
2.130015e-03
1.595315e-01
-1.505766e-01
1.647297e-01
-4.319480e-02
1.836023e-01
-4.900248e-02
-1.282471e-01
-2.826357e-01
-2.216395e-02
2.444411e-02
-2.392150e-01
1.046762e-01
8.395161e-02
-6.885112e-02
2.010275e-01
7.076926e-01
1.619771e-01
-6.732854e-02
1.988661e-01
1.746587e-02
3.413147e-01
-1.821300e-01
4.282462e-02
1.213024e-02
4.267988e-01
-3.183090e-02
-5.877519e-02
-9.467652e-02
-1.318352e-02
-2.272826e-01
-8.472045e-02
3.629932e-01
-1.726197e-01
1.022326e-01
3.354445e-01
-3.655958e-01
-2.187824e-02
4.418499e-02
6.271258e-02
-2.135637e-02
-1.809973e-01
-8.363707e-03
3.975717e-01
-3.644707e-01
1.102015e-02
-8.661972e-02
1.456615e-01
-2.243258e-01
-6.821138e-02
1.771221e-01
-1.499009e-01
1.740782e-01
-1.383019e-01
-1.338041e-01
4.115467e-02
6.924746e-01
-8.202893e-02
-6.081529e-02
-3.164988e-01
1.905711e-01
3.696541e-02
-1.182997e-01
-1.396297e-01
-1.655203e-01
1.425391e-01
1.651493e-01
2.740148e-01
-8.572087e-02
7.538460e-02
-2.390217e-01
-1.633320e-01
-8.362778e-02
1.020592e-01
-4.647354e-02
1.613931e-01
-4.318754e-02
-2.370204e-02
5.359498e-02
1.401778e-01
2.831962e-01
2.162793e-02
-4.824321e-02
6.456831e-02
1.369386e-01
-4.119202e-02
-1.380112e-01
-2.207398e-01
-4.788533e-03
-2.144473e-01
9.319540e-02
-2.213413e-02
-7.548228e-02
-1.618613e-02
-2.749633e-02
1.867227e-02
-3.137963e-01
-4.057486e-02
-1.929087e-01
6.260906e-02
4.666379e-02
1.267801e-02
-5.987569e-02
-5.665619e-02
1.137730e-01
-1.109916e-01
-1.711950e-02
-5.065609e-02
1.969615e-01
6.259954e-02
-1.205137e-01
-1.843714e-01
5.626594e-03
-7.268275e-02
1.894918e-01
-2.385906e-02
1.180500e-01
-9.270787e-02
-2.083729e-01
7.234294e-02
-6.749014e-02
-1.094068e-01
5.518986e-02
1.064715e-01
4.300651e-03
-1.534562e-01
-6.819209e-02
2.909583e-02
1.535633e-01
1.254094e-01
7.204309e-02
1.169046e-01
1.213189e-01
7.094207e-02
-5.726293e-02
-8.725443e-02
2.311859e-01
-5.036732e-03
-3.598797e-02
-5.372191e-03
2.542087e-01
1.354248e-01
-4.601045e-03
1.871771e-01
3.548575e-02
3.127667e-02
-1.891989e-01
2.045855e-01
-7.078183e-02
8.742623e-03
-1.079117e-02
1.829823e-02
4.137659e-02
7.502259e-02
1.627421e-01
1.332364e-02
8.814128e-02
-4.548275e-02
-1.543826e-01
1.610192e-01
-9.157294e-02
2.318860e-02
-3.736871e-02
-1.986868e-02
7.248139e-03
1.129029e-03
1.130046e-01
-3.739756e-02
-1.753694e-01
1.139022e-01
7.235967e-02
-1.868565e-01
-4.872362e-02
-7.874142e-02
-1.247091e-01
1.055385e-01
-9.250174e-03
-1.740385e-02
-1.122225e-01
3.795108e-02
8.266969e-03
-1.452537e-02
1.125037e-01
2.143261e-02
-4.581998e-02
-1.725113e-02
6.520531e-02
2.085117e-02
1.300692e-01
6.763525e-03
2.133121e-01
-2.689344e-01
2.690622e-01
3.090573e-01
-1.255624e-01
1.809637e-01
-2.530428e-01
-9.018435e-02
3.749247e-01
-6.596408e-03
2.938012e-01
2.004084e-01
8.294738e-02
1.217028e-01
3.854731e-01
-5.002224e-01
-9.464037e-02
8.201962e-02
5.305861e-02
-9.819778e-02
-5.188217e-01
2.320371e-01
1.147398e-01
5.188424e-01
-1.017498e-01
-9.745613e-02
-1.799695e-01
-8.095635e-02
-3.959136e-01
1.299148e-01
1.131907e-01
-8.088703e-02
-4.014095e-01
4.739410e-03
2.814528e-01
3.325933e-01
-4.816081e-01
3.366404e-01
-2.007920e-01
5.058065e-02
2.832436e-01
-1.533923e-01
-3.486863e-01
-1.823989e-01
-3.051602e-01
3.630122e-01
2.696760e-03
2.399550e-01
4.317919e-01
1.509174e-01
3.150881e-01
-1.368527e-01
-2.317519e-01
-1.932775e-01
1.217243e-01
3.290075e-01
-8.691368e-02
5.897665e-02
2.474901e-01
2.767766e-01
-1.424989e-01
-1.599590e-01
2.655126e-01
2.701959e-02
1.060348e-01
1.097201e-02
1.459417e-01
-4.985712e-02
-6.785498e-02
1.518760e-01
-2.159837e-01
-1.619384e-01
-6.365030e-02
2.061968e-01
1.786857e-01
-1.517718e-01
1.388438e-01
1.141789e-01
1.298575e-02
-2.746252e-01
-1.785527e-01
4.600612e-02
-1.632749e-01
-1.980357e-01
-6.305045e-02
-5.411430e-02
2.309127e-02
7.980029e-03
1.556707e-01
-4.545339e-02
1.123031e-01
-3.064589e-01
4.586839e-02
1.320559e-01
4.324652e-02
-9.783938e-03
-6.980641e-03
5.096323e-02
1.907206e-01
-1.530280e-01
-2.997051e-02
1.083929e-01
-3.258817e-01
2.241659e-01
-7.053674e-02
2.710153e-01
-1.962819e-01
-2.439414e-01
-1.094809e-01
1.580243e-01
-1.539203e-01
2.400718e-02
-2.009101e-01
4.894764e-03
1.572994e-02
-1.648105e-01
1.958019e-02
-1.412253e-01
1.188315e-01
-7.069772e-02
-7.573783e-02
8.601959e-02
-3.315677e-02
8.728993e-02
1.786461e-01
8.850139e-02
5.876861e-02
-1.654645e-01
3.959296e-03
1.797406e-02
4.057361e-02
5.039960e-02
-1.474739e-02
-9.779181e-02
3.728818e-02
1.229996e-02
1.943553e-02
5.001812e-02
6.493640e-02
7.471425e-02
2.341217e-03
1.038458e-02
-7.981061e-02
1.614043e-02
-2.197293e-02
1.622230e-01
2.060201e-02
2.162717e-02
1.428318e-01
3.504264e-02
4.155209e-02
-7.658149e-03
-1.518194e-01
-7.939003e-02
-3.343957e-02
-1.156785e-02
1.090093e-01
1.055802e-01
9.714701e-02
1.608683e-02
-2.578053e-02
2.672292e-01
-6.327209e-02
-2.521504e-02
1.539635e-01
9.781379e-02
-4.093621e-02
7.999536e-02
-3.714740e-03
1.791664e-01
5.539183e-02
-3.313489e-02
5.410004e-02
-2.757019e-02
1.701418e-02
8.835150e-02
-2.313121e-02
5.628961e-03
-2.080214e-01
-9.817670e-02
8.831216e-02
7.137158e-02
5.758237e-02
-5.860015e-02
-1.195779e-01
2.909686e-02
-1.378876e-02
-5.927045e-02
-7.549161e-02
6.430474e-02
