-1.366041e-01
7.225308e-01
6.842829e-01
-4.331962e-01
3.237647e-01
5.639685e-01
-4.408910e-01
-1.843606e-01
2.963240e-02
-2.780245e-01
-4.771649e-01
-1.794474e-01
-5.117598e-01
-1.389535e-01
9.264765e-02
-4.699733e-01
-1.327473e-01
2.782222e-01
4.396195e-01
2.063305e-02
-2.453945e-01
4.634835e-01
4.182901e-01
6.894661e-02
1.218187e-01
4.868361e-01
3.020371e-01
-3.631103e+00
-2.750098e+00
-2.823612e+00
-2.328128e+00
-3.479656e+00
1.425098e+00
-8.522102e-01
-2.279962e-01
2.448748e-01
-5.214182e-02
2.646277e-01
2.867447e-01
4.050277e-01
5.872359e-01
4.215965e-01
3.753456e-01
4.141875e-01
1.253883e-01
-6.957848e-02
-5.653774e-01
9.144017e-02
-4.965469e-01
2.566927e-01
3.658762e-01
-4.860133e-01
4.178365e-01
3.113057e-02
-9.970099e-02
-1.180153e-01
2.260876e-02
1.907034e-02
3.183346e-01
4.811997e-01
-7.198600e-01
-3.049906e-01
5.273580e-02
-4.118611e-02
1.351879e-01
-5.515826e-01
3.103282e-01
1.571864e-01
-3.134518e-01
2.059066e-01
-7.949898e-02
-2.537881e-01
-2.412797e-04
-4.669464e-01
-8.325114e-01
-1.125959e-01
-4.944969e-01
-3.229159e-01
-1.378364e-01
-7.151845e-01
-4.527782e-01
1.116209e+00
1.403436e+00
7.371970e-01
8.319589e-01
1.249966e+00
3.716616e-01
1.565887e-01
3.998089e-01
4.115194e-01
1.587940e-01
1.065406e-01
1.454754e-01
2.888906e-01
3.897081e-01
1.793697e-01
2.597092e-01
3.736045e-01
1.172518e-01
-9.001598e-02
-1.301365e-01
-1.510352e-01
-4.426871e-01
-2.723492e-01
-2.792985e-01
-2.183681e-01
-4.663070e-01
-4.676986e-01
-2.474739e+00
-3.816085e-03
1.118999e+00
-2.974372e+00
-1.582619e+00
8.602543e-02
-9.329024e-01
1.287485e+00
-1.769935e+00
1.464227e-01
-1.004546e+00
-2.702002e+00
-9.118561e-01
1.196898e+00
-9.986060e-01
5.587034e-01
-3.627826e+00
-1.615329e+00
2.686697e-01
3.341494e-01
2.148096e-01
2.346725e-01
4.128587e-01
1.707079e-01
3.036933e-02
8.419815e-02
1.952717e-02
-4.875746e-01
3.025518e-01
6.678701e-01
-4.271213e-01
-1.300583e-01
4.998915e-01
3.534443e-03
-5.270710e-01
9.573633e-02
-2.927108e-01
-4.157328e-01
-3.220585e-01
-2.403825e-01
-3.725184e-01
-1.357921e-01
-3.210947e-01
-4.057196e-01
-9.485797e-02
1.264258e-01
3.962922e-01
4.095636e-01
1.254870e-01
2.935138e-01
2.778389e-01
-3.437466e-02
-2.158629e-02
9.654291e-02
1.967631e-01
1.368123e-01
4.033708e-03
2.690404e-01
2.997249e-01
2.049424e-01
1.467823e-01
2.567868e-01
2.897994e-01
1.228939e-01
-4.936190e-02
-2.200319e-01
-2.861240e-01
-4.067416e-01
-4.772405e-01
-3.946627e-01
-4.285936e-01
-3.127229e-01
1.158906e+00
2.359561e+00
1.369330e+00
2.092008e+00
3.229184e+00
1.718117e+00
1.042265e+00
1.849370e+00
1.223714e+00
3.384285e-01
7.458808e-01
3.306067e-01
5.726036e-01
7.680275e-01
1.922602e-01
2.592450e-01
1.158484e-01
2.707137e-02
-9.591293e-02
2.821315e-01
3.588744e-01
5.171812e-01
8.188969e-01
4.609273e-01
6.198864e-01
8.227431e-01
4.353274e-01
4.943171e-01
7.121540e-01
4.327968e-01
6.960830e-01
8.665072e-01
3.928385e-01
1.332472e-01
1.365229e-01
-6.614886e-02
2.013879e-01
3.673401e-01
2.345274e-01
3.221122e-01
5.967485e-01
3.010775e-01
1.897540e-01
3.011391e-01
2.212477e-01
-5.670540e-01
-1.687664e-01
2.490652e-01
-3.600767e-01
3.660211e-01
6.349170e-01
-8.460079e-02
5.133957e-01
5.440545e-01
2.785712e-01
1.164702e-01
-7.920869e-02
5.350581e-01
4.643326e-01
-4.655494e-02
1.323067e-01
2.662605e-01
9.026448e-02
-2.684358e-02
1.133642e-01
8.926137e-02
9.811308e-02
4.881544e-01
5.962233e-01
1.144209e-01
2.938688e-01
3.501950e-01
-5.044596e-01
-1.026475e+00
-6.795582e-01
-6.383236e-01
-1.020823e+00
-7.376111e-01
-1.384348e-01
-2.653943e-01
8.717231e-02
1.598973e-01
2.500790e-01
8.793239e-02
3.841027e-01
4.735623e-01
2.718396e-01
3.492922e-01
3.386936e-01
1.582364e-01
1.444372e-01
7.012355e-01
3.739713e-01
5.491816e-01
7.686979e-01
4.132237e-01
2.719457e-01
3.644067e-01
1.576485e-01
1.273377e-01
6.347337e-01
6.624820e-01
-9.739838e-01
-4.655669e-01
4.373542e-01
-4.876031e-01
-1.184911e+00
-7.477832e-01
9.588646e-01
1.184557e+00
9.888471e-03
2.182133e-01
2.251180e-01
-7.868232e-01
-2.902039e-01
-2.315267e-01
-7.141389e-01
2.427671e-01
1.803771e-01
-6.091968e-01
3.740049e-01
4.509538e-01
-5.522262e-01
2.257212e-01
2.991775e-01
-1.772547e-02
-1.231151e-01
-5.547942e-02
2.885411e-02
5.072519e-01
4.568417e-01
1.746626e-01
4.510339e-01
4.415419e-01
1.831883e-01
1.813765e-01
1.123128e-01
3.433346e-02
3.304648e-01
4.253058e-01
7.533243e-02
1.969204e-01
3.140311e-01
5.465539e-02
-1.277012e+00
5.778469e-02
2.089385e-01
-1.017870e+00
2.703736e-01
-9.766082e-03
-7.807763e-01
3.891191e-01
2.428425e-02
4.233791e-01
7.835340e-01
8.004301e-01
-1.227041e+00
-8.705237e-01
5.199683e-02
4.032085e-01
4.483218e-03
-1.748933e-01
-5.158975e-01
-5.263636e-01
1.696247e-02
-7.210741e-01
-2.206108e-01
3.044169e-01
-6.578703e-01
-1.577197e-01
3.686234e-03
4.489563e-01
5.747185e-01
3.014804e-01
2.573689e-01
3.431714e-01
1.580944e-01
-2.879659e-02
2.250254e-02
9.381769e-02
-2.397051e-01
-3.054419e-01
-3.779044e-01
-5.168707e-02
-4.488047e-01
-6.128584e-01
1.158431e-01
-2.681033e-01
-6.621482e-01
7.866507e-01
-5.397488e-02
-1.901330e-01
-3.248118e-01
3.230033e-01
-6.948704e-02
-5.218898e-02
-3.810723e-01
-6.935611e-01
3.949432e-01
3.470568e-01
-3.982412e-02
4.389614e-01
4.945810e-01
-1.090645e-01
2.711534e-01
2.604964e-01
5.574416e-02
3.945635e-01
5.603845e-01
4.662008e-01
2.793648e-01
5.420029e-01
4.828642e-01
2.410077e-01
3.943646e-01
1.229461e-01
-3.086013e-01
-2.360515e-01
-1.226869e-01
-2.929596e-01
-3.902226e-01
-7.925891e-02
-2.299488e-01
-3.351866e-01
-1.101528e-01
-1.020035e-01
-4.548066e-01
-3.204092e-01
-4.050546e-01
-4.398215e-01
-2.132325e-01
-2.683177e-01
-1.661396e-01
-4.684140e-02
-1.084740e-01
8.232796e-02
2.311464e-01
2.934687e-01
6.260225e-01
4.051562e-01
5.017685e-01
6.161248e-01
1.443052e-01
-1.906196e+00
-4.469699e+00
9.531307e-01
-7.512349e-01
-4.287273e+00
-3.316617e+00
-1.061559e+00
-1.034869e+01
-9.261629e+00
-3.327651e-01
-7.562832e-03
9.045774e-02
-9.467943e-01
-9.425467e-01
2.304165e-02
-5.964969e-01
-1.159727e+00
-1.140535e-01
1.529480e+00
2.407280e+00
1.646617e+00
2.711095e+00
3.496389e+00
1.522911e+00
1.537619e+00
1.526943e+00
4.951164e-01
3.733419e-01
-1.156417e-01
-8.606424e-01
5.992595e-01
2.895926e-01
-8.362560e-01
7.005697e-02
5.600332e-01
-6.668903e-01
-1.925015e-01
-5.994603e-01
-1.444071e-01
4.066766e-01
-8.150639e-02
1.137443e-01
4.581574e-01
-9.796770e-02
-1.347158e-01
-3.263514e-01
-5.383675e-01
-3.320635e-01
-3.558107e-01
-4.693362e-01
-3.149310e-01
-2.353112e-01
-2.211548e-01
-3.074850e-02
1.353560e-01
-1.736386e-01
-7.547337e-01
4.087320e-01
6.532184e-01
1.035798e-01
-3.187879e-01
-1.708628e-02
-1.628563e-01
4.698768e-01
8.651594e-02
-6.604044e-01
4.956061e-01
-3.590571e-01
-5.095072e-01
2.256208e-01
-3.768983e-01
-3.250435e-01
3.385805e-01
5.020229e-01
2.469673e-01
3.442514e-01
4.366785e-01
2.521425e-01
1.514488e-01
8.558589e-02
-4.066352e-02
9.969187e-01
6.473930e-01
7.139908e-02
3.129530e-01
-7.329266e-01
-4.167311e-01
-8.048268e-01
-2.539248e-01
-1.718055e-01
3.000617e-01
6.088630e-01
6.053070e-01
-7.080309e-01
2.590729e-01
9.079328e-01
-8.989679e-01
-7.225599e-01
9.767077e-02
3.104479e-02
1.415593e-01
1.861609e-01
1.379130e-01
2.634199e-01
2.374667e-01
2.206683e-01
2.309850e-01
5.397667e-02
1.162052e-01
5.457239e-01
5.071498e-01
2.393002e-01
5.776769e-01
5.018732e-01
4.729982e-02
8.582906e-02
-4.944934e-03
-3.960307e-01
-7.295352e-01
-4.297218e-01
-2.014987e-02
6.392307e-02
1.683700e-01
7.171799e-01
8.883275e-01
3.115219e-01
1.415830e-01
2.250317e-01
1.302208e-01
1.793098e-01
4.198945e-01
2.098633e-01
1.004766e-01
1.823509e-01
8.742987e-02
7.137927e-02
4.855785e-01
5.008974e-01
3.001514e-01
6.138553e-01
4.505992e-01
3.416883e-01
2.822990e-01
6.458970e-02
-8.870522e-01
-6.746278e-01
-3.167762e-01
2.714374e-01
-2.531997e-01
-4.367348e-01
5.638403e-01
6.182117e-01
4.050874e-01
