-8.858464e-01
-1.962675e-01
-9.437579e-01
-3.764918e-01
2.388139e-02
-5.713447e-02
-6.496316e-01
-9.244055e-01
-4.448496e-01
-6.828957e-01
8.028340e-01
4.103455e-01
-4.173390e-01
4.298747e-01
7.226596e-01
-1.517976e-01
-1.382685e-02
4.434604e-01
1.132792e+00
3.526099e-01
-9.514009e-01
8.979930e-01
-6.764343e-02
-6.106380e-01
-3.963193e-02
-1.611688e+00
7.489965e-02
3.723344e-02
-4.516835e-01
-4.510788e-01
-2.995650e-01
-6.509452e-01
-1.162782e-01
-5.723531e-01
-3.286331e-01
-2.655584e-01
1.160905e-01
1.389427e-01
1.069432e+00
7.521723e-02
-1.850391e-01
6.672745e-01
-2.898225e-01
-1.780360e-01
1.160276e-01
-3.328588e-01
-7.127375e-01
-7.809534e-01
9.068533e-01
8.909527e-02
1.637117e-01
2.980373e-01
8.423328e-01
1.572160e-01
1.208602e-01
-2.821605e-01
-4.107907e-01
9.965816e-01
-4.396525e-02
-7.983852e-01
3.660982e-01
-5.345916e-01
-3.581157e-01
2.884488e-01
5.330139e-01
2.244057e-01
-8.357689e-01
-1.897921e-01
2.600023e-01
-8.532723e-01
-1.036032e+00
-1.272191e+00
6.105750e-01
6.527321e-01
-3.379952e-01
5.265743e-01
1.814542e-01
-4.395167e-01
-4.084445e-01
-7.756239e-01
-4.191120e-01
-6.673367e-01
-3.271220e-01
-5.938692e-01
1.933463e-01
-1.066672e-01
-5.584717e-01
1.062533e-01
1.895457e-01
-2.830817e-01
1.857704e+00
-9.996044e-02
1.244670e-01
-4.969606e-02
-1.976653e-01
1.157792e-01
1.405030e-01
1.668270e-01
-1.875036e-01
-1.974331e-01
5.821158e-01
5.896794e-01
2.476348e-01
-4.134946e-01
3.166680e-02
1.549024e+00
-4.554281e-01
-6.272212e-01
-9.708575e-02
-6.252696e-01
7.172562e-01
-7.245371e-01
-4.265597e-01
5.250072e-01
-8.206957e-01
-2.299099e-01
1.352476e+00
-5.423292e-01
-2.574185e-01
-8.481521e-01
8.993947e-02
6.569796e-01
3.023921e-02
-6.773315e-01
-4.583845e-01
-3.379747e-01
-1.033911e+00
-5.802010e-01
-4.038860e-01
3.644838e-01
-5.506247e-01
-7.032646e-01
3.226546e-01
-2.493683e-01
-1.458165e-01
7.963125e-01
7.286580e-01
7.925373e-01
-3.070904e-01
-1.551102e-01
5.320386e-02
-4.075811e-01
-6.995617e-01
-2.150203e-01
-2.090317e-01
-8.473521e-01
4.083343e-01
4.345364e-01
-6.713194e-01
-5.534515e-01
4.326659e-01
1.314705e+00
-4.362353e-01
-1.976224e-02
-1.170352e+00
4.716142e-01
-2.481439e-01
-2.819430e+00
-8.584678e-01
4.776057e-01
-2.044431e+00
-3.493366e+00
9.571031e-02
7.589490e-02
4.700399e-01
2.789481e-01
-3.800643e-01
4.866875e-01
7.942699e-01
-9.845105e-02
9.441610e-01
2.539392e-01
-8.994522e-01
-9.351128e+00
-5.262104e+00
-3.725768e+00
-8.085432e+00
2.111551e+00
-1.473055e+00
-9.766745e-01
-1.682715e-01
-4.642107e-02
-2.102808e-01
1.515770e-01
-2.169091e-01
-3.431672e-01
-7.380673e-01
-1.587967e+00
-1.589878e+00
1.882230e-01
5.850250e-01
5.329558e-01
-8.117166e-02
9.449911e-01
9.940372e-02
3.043447e-01
8.803506e-01
5.460966e-01
-8.206771e-01
-1.392742e-01
1.832805e+00
-2.253858e-02
-1.795237e-01
1.728897e-02
4.438798e-01
-7.207962e-01
-7.096804e-01
-2.357730e+00
-2.270396e+00
2.082059e-01
-3.780228e-01
-3.961765e+00
-1.308461e-02
-7.321337e-01
-5.222523e+00
3.974927e-01
1.430262e-01
-3.622429e-03
1.320141e-01
2.182494e-01
-8.707552e-02
1.035823e-01
9.226289e-01
2.123151e-01
5.573136e-01
1.427452e-02
-1.073015e+00
-3.245212e-01
6.066313e-01
-8.256977e-01
-3.935689e+00
2.743316e-01
-2.878937e+00
-2.660204e+00
-2.119362e-01
1.823149e-01
5.786961e-01
-7.595003e-02
-1.138904e-01
1.834290e-01
-2.599869e-01
-6.762926e-01
-3.993210e-01
6.969282e-01
3.573764e-02
6.918412e-01
3.387073e-01
-3.240266e-01
-2.881685e-01
7.798045e-01
-5.926612e-01
-1.088751e-01
5.679050e-01
5.131749e-01
-1.910582e-01
-1.068519e-01
-4.473790e-01
5.704047e-02
-5.952511e-01
-2.442608e-01
5.925819e-01
-4.527860e-01
-5.288078e-01
-2.604476e-01
2.273182e-01
1.368315e+00
5.878162e-01
-1.067682e-02
9.203317e-01
-3.041747e-01
-9.302751e-01
8.820642e-01
-1.512724e+00
3.865195e-01
-4.779815e-01
-4.056481e-02
-7.447546e+00
-4.898567e-01
3.207220e-01
9.321705e-01
-4.139336e-01
4.322506e-01
-7.207967e-01
-1.091699e+00
-3.318894e-01
9.067763e-01
-2.431331e-01
6.824855e-01
-6.371369e-01
2.124646e-01
3.637669e-01
-8.554264e-01
-2.915966e-01
5.522931e-01
4.608854e-01
7.721565e-02
-3.435903e-03
-1.111275e-01
-2.361790e-01
5.758923e-01
-1.753338e-01
-2.471748e-01
2.183011e-01
1.441566e-03
-6.418570e-01
-3.015871e-01
-5.547961e-01
-1.121825e+00
-7.003953e-01
-5.275592e-01
-4.616759e-01
-1.663015e-01
6.048048e-01
7.065662e-01
-2.027629e-01
-9.416573e-02
5.488662e-01
-1.689768e-01
-4.571975e-01
-1.225840e-01
-2.040455e-01
-1.103777e+00
-4.074230e-01
-7.214737e-01
-4.496810e-01
1.373569e-02
-7.800222e-02
-5.356668e-01
2.172242e-01
-8.553147e-02
-5.494464e-01
-2.420564e-01
1.440602e-02
-3.683962e-01
-2.383255e-01
-6.867180e-01
-2.597360e-01
-7.680125e-01
-4.897356e-01
-3.472139e-01
8.115168e-02
-4.584478e-02
-1.703877e-02
4.257480e-01
2.983569e-02
6.026775e-01
5.703204e-01
1.819113e-01
5.723200e-01
5.122319e-01
4.648792e-02
1.224388e-02
4.614370e-01
-4.433552e-01
5.438707e-02
5.449494e-01
-4.085536e-01
-3.742364e-01
7.598454e-01
9.024860e-01
4.540302e-01
3.018774e-02
-3.455554e-01
3.424067e-01
6.503769e-01
1.598648e-01
-8.590692e-02
9.593946e-02
-3.168128e-02
-1.007293e-01
-4.926417e-01
-3.266248e-01
-3.842053e-01
6.229128e-01
-5.993330e-01
-4.869303e-01
6.574471e-01
-8.020905e-02
-2.370698e-01
-2.883762e-02
1.029532e-01
1.007746e+00
3.626965e-01
-2.170593e-01
4.911872e-01
3.738473e-01
-3.374785e-01
-6.593546e-01
-4.698092e-01
-3.431072e-01
5.477283e-01
-3.154751e-01
5.023268e-03
5.989072e-01
4.908542e-01
7.331038e-02
-6.302948e+00
-8.209909e+00
-8.818155e-01
-7.553998e+00
-4.905954e-01
2.531672e+00
-4.377447e+00
-1.321141e+00
-1.112509e+00
-9.776748e-02
1.340896e+00
-3.003199e+00
-5.106706e+00
-6.722606e+00
1.382173e+00
7.041330e-01
-6.419720e+00
3.682714e-01
1.123577e+00
3.711238e-03
-1.814288e-01
-2.096982e-01
-1.122847e-01
-9.999915e-02
7.046488e-01
1.130371e-02
-8.982656e-01
-3.732980e-02
-5.033925e-02
-2.021393e-01
4.010809e-01
-1.094024e-01
9.289519e-02
1.367896e+00
-3.474357e-02
2.433910e-01
-1.276671e-01
-2.881816e-01
-8.820193e-02
-4.924815e-01
6.130626e-02
8.253940e-01
-3.022298e-01
-7.415976e-02
5.220088e-01
8.676593e-01
-5.858241e-01
1.561343e-01
-3.069907e-01
1.437221e-01
2.092136e-01
-4.641237e-01
3.156720e-01
-2.648050e-01
-1.287190e-01
-9.447877e-01
-4.593283e-01
6.318458e-02
2.107871e-01
9.914327e-02
-5.336465e-01
7.235719e-01
4.038608e-01
-3.471098e-01
-3.071857e-01
-3.187320e-01
-9.351283e-02
-3.758015e-01
-7.066425e-01
-8.675866e-01
-5.222701e-01
-8.328817e-01
-2.811123e-01
1.878117e-01
-1.490029e-01
-4.455725e-01
-2.278635e-01
-4.977751e-01
4.715582e-01
5.804477e-01
4.243588e-01
-2.512146e+00
5.277178e-01
-2.321781e+00
-2.945571e+00
-1.693714e+00
-2.985893e+00
2.018072e+00
-3.423389e+00
-4.281538e+00
8.083823e-01
-2.394779e-01
-5.118303e-01
3.814922e-01
-2.607540e-01
-2.704866e-01
-4.051894e-02
-6.126036e-03
-1.875716e-02
5.913781e-02
-1.204313e-01
5.676091e-01
-3.096373e-01
-8.568848e-01
-7.859922e-01
3.415645e-01
5.218171e-01
2.730363e-01
-2.904790e-01
-1.262537e-01
-3.343821e-01
-3.516518e-01
-1.960301e-01
-3.130867e-01
-6.154935e-01
-1.431205e-01
-2.319656e-01
4.056622e-01
-9.617826e-01
3.940231e-01
-1.403133e+00
-3.736855e+00
-2.312926e+00
-7.165261e+00
-1.628277e-02
4.378747e-01
-6.233346e-01
-9.695930e-01
-7.393112e-01
-1.167281e+00
-3.509561e-02
-3.937766e-01
1.097386e-01
9.639075e-01
3.386509e-01
2.816474e-01
-5.849624e+00
3.672276e-01
1.602006e-01
-2.718736e+00
8.327693e-01
-5.726365e+00
-2.712618e+00
-2.204842e+00
-5.316275e-01
-5.374158e-01
-6.308044e-01
-7.445232e-01
-3.926432e-01
-1.073580e+00
3.626159e-01
8.472240e-01
3.220594e-01
9.602936e-01
1.954689e-01
-4.277980e-01
-3.278050e-03
-3.480842e-02
3.462575e-01
-1.676963e-01
5.431315e-02
3.147862e-01
-8.162403e-01
-2.187606e-01
5.733626e-02
-3.646311e-03
9.253072e-01
2.149754e-01
4.500340e-01
-3.423219e-02
1.077761e+00
2.914868e-01
-2.880042e-01
-4.149486e-01
8.826971e-01
1.475540e-02
-7.423726e-01
7.066290e-01
-6.530420e-01
-4.169157e-01
-3.864510e-01
1.046361e+00
2.739104e-01
-4.047796e-01
8.910648e-01
9.497359e-02
-4.518456e-01
1.797185e-01
-3.031766e-02
-2.279564e-01
9.438671e-02
-1.384400e-01
-2.615331e-01
6.374724e-03
-3.588624e-01
-2.298038e-01
-1.383641e-01
3.297357e-02
3.268302e-01
-7.444959e-01
6.433693e-01
4.231511e-01
-3.456445e-01
-5.406062e-01
-8.182251e-01
7.295558e-01
-1.483963e-02
-1.465379e+00
6.185940e-01
-4.516252e-01
-5.549178e-01
3.328970e-01
-3.839668e+00
7.023760e-01
-2.533556e+00
-5.681656e+00
1.356129e+00
-7.713761e-01
4.406544e-02
-7.466598e-01
-6.482775e+00
5.495924e-01
1.850011e-01
-7.406140e+00
-8.658971e-01
1.168153e-01
-5.049803e-01
6.000980e-01
-8.946093e-02
-1.532752e-01
6.278163e-01
-1.260191e+00
-1.966302e+00
1.602217e-01
9.939475e-02
4.320056e-01
3.584260e-01
-2.223560e-01
6.750900e-02
2.962603e-02
-2.108026e-01
7.065958e-01
3.600967e-01
-1.402047e+00
-1.090687e+00
-7.785407e-01
4.145375e-01
9.541539e-01
2.557961e-01
4.810274e-01
2.637098e-01
4.428048e-01
-2.128575e+00
5.052833e-02
4.056560e-01
-2.197687e+00
-7.872083e+00
-2.903331e+00
-2.166226e+00
-7.490958e+00
-9.675720e+00
-2.254628e+00
1.517454e+00
-4.014958e-01
6.613268e-01
1.273181e+00
-1.016511e+00
7.256486e-01
-9.790210e-01
-4.811284e-01
2.781222e-01
-7.399227e-01
4.022059e-01
5.205938e-01
-3.531154e-01
4.965120e-03
3.325645e-01
-6.535861e-01
-5.659947e-01
3.313278e-01
-6.266019e-01
-1.775939e-01
6.108378e-01
-6.294160e-01
1.076015e+00
-1.088048e+00
-3.260000e-01
8.396255e-01
-2.546352e-01
-2.111835e-01
6.395992e-01
-4.109433e-01
-5.103267e-01
-1.260813e-01
6.418462e-01
8.342693e-01
-2.534592e-01
6.003308e-01
-5.931684e-01
-6.204526e-01
1.559158e+00
1.853609e-01
-9.032129e-02
3.426494e-01
3.344500e-01
1.853590e-01
-6.896645e+00
-3.187190e+00
8.133178e-01
-2.871996e+00
1.340582e+00
-5.440370e-01
-8.740520e-01
-8.570172e-01
-1.980939e+00
-3.203860e-01
3.087801e-02
-3.742085e-01
-3.110913e-01
-2.166222e-01
-4.778115e-01
-7.653049e-01
-4.046794e-01
-4.317886e-01
6.733387e-01
-6.420965e-01
-4.878775e-01
1.057005e+00
-3.183530e-01
-1.747615e-01
6.953965e-01
-3.898491e-01
-1.415758e-01
-3.775021e-01
-3.264414e-01
5.655914e-03
-4.919030e-01
8.393380e-01
-4.550824e-01
7.724417e-02
-2.514023e-01
-3.714516e-01
-1.228454e+00
-2.534273e-01
6.038581e-01
1.643418e+00
-7.654192e-02
-1.092124e-01
1.050530e+00
-6.112600e-01
-1.308342e+00
-2.804560e-01
1.245492e+00
-2.131132e-01
6.308741e-01
7.701402e-01
-6.722233e-01
-8.398613e-01
-9.895657e-01
-3.679813e-01
1.450361e+00
2.311109e-01
1.078090e+00
3.642958e-01
3.467126e-01
-1.299121e-01
-5.901818e-01
-2.964499e-01
1.586825e-01
-8.356221e-01
-1.240734e+00
6.445312e-02
2.310739e-01
2.785572e-01
-1.109842e-02
8.216333e-01
5.177917e-01
7.710208e-01
-1.458994e-02
4.565225e-01
2.870955e-02
4.661323e-02
-1.748148e-01
1.338989e+00
2.785419e-01
5.663214e-02
3.957990e-01
-6.682497e+00
1.951014e+00
-2.116532e+00
-5.223373e+00
-3.470448e+00
6.075931e-02
-1.433433e+00
-3.612952e+00
-1.722126e+00
4.722191e-01
1.357021e-02
-8.931369e-01
2.534910e-01
-1.419709e-01
8.684276e-02
-1.291439e+00
-4.959882e-01
9.325706e-01
-4.898448e-01
3.220941e-01
2.889114e-01
-1.501497e-01
5.044566e-01
7.624520e-02
-1.320512e-01
7.140378e-01
1.280613e-01
-2.520302e-01
-1.198203e-01
-3.147098e-01
-5.058416e-01
-3.665003e-01
-7.655779e-02
-2.515188e-01
-1.934275e-01
-9.673437e-02
-1.308261e-01
2.233931e-01
4.890792e-01
9.345163e-03
7.426972e-01
1.856665e-01
-3.793029e-01
-4.979550e-01
-3.714569e-01
2.011864e-01
6.523298e-02
7.417956e-02
-5.256173e-01
-3.723604e-01
-1.363553e-02
3.237660e-01
9.482350e-01
1.384740e+00
-3.580236e-01
-2.686907e-01
-1.907627e-01
-4.521734e-01
-3.254022e-01
-1.226888e-01
-4.059200e-01
-2.595329e-01
-2.106469e-01
1.228743e-01
-2.042954e-01
-5.624939e-01
-1.757686e+00
6.341309e-01
6.049566e-02
-6.021011e+00
-1.262416e+00
-7.185940e-01
1.475921e-01
-6.651106e-01
-2.452743e-01
-1.712043e-01
-8.379693e-01
1.526972e-01
1.871506e-01
9.173369e-02
4.818261e-01
-1.607808e-01
-3.666695e-01
-4.000722e-01
1.659503e-01
7.198088e-01
-3.535304e-01
9.894859e-01
7.843180e-01
-1.939277e-01
-7.121737e+00
6.970151e-01
2.568443e+00
-3.961827e+00
-5.030452e+00
-5.161722e+00
-9.994744e-02
-8.319577e+00
-6.161303e+00
-4.796463e+00
-7.049664e-02
3.086604e-01
-3.437431e+00
-5.071788e-01
-1.420840e+00
3.716031e-01
-2.193670e+00
-1.518316e-01
1.550396e-01
-1.550714e+00
5.186375e-01
1.725969e+00
2.628102e-01
-5.025309e-01
-1.010222e+00
7.182403e-01
-1.375066e+00
-3.009465e-01
2.643348e-01
-8.669647e-01
-8.239827e-01
1.417290e+00
-3.033678e-01
-5.365410e-01
-9.771842e-02
3.829135e-01
2.857949e-01
-5.300983e-02
-2.315851e-01
-3.032879e-01
3.919455e-01
-3.101615e-01
-1.509194e-01
5.091030e-01
-5.259572e-01
-1.673217e-02
-3.193210e-01
-7.027054e-01
-6.803413e-02
-2.974027e-01
-4.587857e-01
-2.091606e-01
-5.948365e-01
-6.690489e-01
-1.403890e+00
-3.913143e+00
-4.701559e+00
2.645839e+00
-3.819142e+00
-4.029009e+00
-6.058840e-01
-1.064754e+00
-1.084750e-01
-1.354988e+00
-2.972728e+00
-6.165574e-01
2.810845e-01
-3.660894e+00
1.223516e+00
-9.061645e-01
-4.566177e+00
-2.376751e+00
6.433514e-01
4.991205e-01
3.061283e-01
4.844933e-01
-3.173546e-01
-3.512481e-01
3.606186e-01
-1.357266e-01
1.035352e-01
-5.939030e-01
-5.427824e-01
-9.117185e-01
3.949772e-01
9.439687e-01
-2.072148e-01
-2.658873e-01
2.536489e-01
-4.039487e-01
3.621130e-01
7.047058e-01
-4.076336e-02
-3.534567e-02
-1.218050e+00
6.797377e-01
2.149036e-01
-5.126012e-01
4.641714e-01
-2.768221e-01
5.913714e-01
-3.622485e-01
-4.098108e-01
1.318839e+00
-1.245492e-01
-7.467383e-01
-1.750709e-01
5.687808e-01
-9.360525e-01
-2.072002e-01
6.212567e-01
4.349132e-02
2.074758e-01
1.889669e-01
1.022623e+00
-5.173945e-02
-1.053006e+00
8.965199e-01
-8.182746e-01
3.771329e-01
-1.703655e+00
-1.192923e-01
-4.229389e-01
-1.676696e+00
-7.755103e+00
-7.751794e-01
-8.002882e-01
3.815739e-01
-6.950994e-01
-1.161882e-01
7.634526e-01
-4.474849e-01
-2.024409e-01
2.700317e-01
-3.961696e-01
-7.046328e-01
-7.626011e-01
-4.766149e-01
3.123373e-01
-2.124197e-01
-2.222837e-01
6.614153e-01
4.936002e-01
2.332361e-01
6.080633e-01
4.222390e-01
3.143206e-01
-2.083990e-01
-5.693106e-01
-9.032089e-02
5.056855e-01
3.661830e-01
5.198730e-01
-5.204147e-01
6.329232e-01
1.200733e+00
-3.293661e-01
-2.818782e-01
-3.517045e-02
2.732433e-01
-7.007800e-01
-9.808393e-01
-1.692785e-01
-1.346226e+00
-1.239778e-01
1.219066e+00
6.095329e-01
-8.178253e-01
5.645328e-01
-1.165639e-01
-4.419138e-01
-5.814145e-01
-4.193202e-01
4.949110e-01
-2.539679e-01
4.365450e-02
4.141397e-01
-5.634394e-01
-2.122767e-01
-2.227500e-01
-7.189768e-01
-8.713004e-02
-5.716690e-01
-7.698646e-01
-7.506384e-01
-3.680527e-01
-2.136546e-01
2.773293e-01
-4.086701e-02
-3.616213e-01
1.212282e+00
8.644204e-01
1.012919e-01
-2.305760e-01
-1.610459e-01
1.139266e-01
-4.660739e-01
6.467136e-02
2.544486e-01
1.081084e+00
4.139481e-01
2.404113e-01
-5.394468e-01
-1.715266e-01
9.272972e-01
2.214381e-01
4.972878e-01
7.834243e-01
3.215846e-01
-1.686634e+00
7.824484e-01
-6.729782e-01
-3.375361e-01
-3.296430e-01
-4.351197e-01
4.496914e-01
-4.185463e-01
-4.791891e-01
-1.046139e-01
-3.403058e-01
-1.106060e-01
5.313835e-01
2.224527e-01
-8.824312e-02
-2.286370e-01
1.211168e-01
4.462113e-01
-5.481903e-01
4.782390e-01
4.910477e-01
-4.167332e-01
-9.094939e-01
-2.676179e-01
-1.805161e-01
-2.336432e-01
-8.511783e-01
-3.905669e-01
4.800306e-01
1.326104e-03
1.069892e+00
-1.318370e-01
-5.348719e-01
2.966217e-01
-1.645686e-01
-1.366053e-01
-1.230187e-01
1.169879e+00
5.132334e-02
8.348097e-01
3.076000e-01
-1.689915e-01
1.140875e-01
-2.032343e+00
-3.123261e-01
-8.392791e-01
1.208039e+00
1.337213e+00
-1.526621e-01
-4.749000e-01
-1.687458e-01
-4.628105e-01
-8.591415e-01
-5.229739e-01
3.108658e-01
-1.614673e+00
1.177039e+00
7.516471e-01
-7.576672e-01
3.604011e-01
3.141680e-01
-2.925306e-01
4.491363e-02
-7.165589e-02
-5.358699e-02
1.794400e-01
-2.540850e-01
-5.314595e-01
-1.016850e-01
-6.952116e-03
