-6.157929e-01
-6.710588e-01
-1.811620e+00
-1.142398e-01
7.118299e-01
-5.546917e+00
-4.554430e-01
-1.744896e-01
-2.688745e+00
-3.415175e-01
-5.133329e-01
-4.535303e-01
3.296443e-01
5.296017e-01
6.095143e-01
-3.021098e-01
-1.172041e-01
-1.005366e-01
-1.151406e-01
2.002590e-01
1.114281e+00
-1.034784e+00
-3.663070e-01
7.422801e-01
1.916933e-01
-5.725730e-02
8.922897e-01
6.811002e-01
4.732125e-01
4.810835e-01
2.105799e-01
1.204002e-01
-1.505870e-01
-8.992227e-01
-5.051855e-01
-9.712574e-01
4.541929e-02
2.307689e-01
9.333048e-01
-7.744786e-01
-2.526160e-01
4.956070e-01
2.432962e-02
1.923672e-02
1.159056e+00
-8.614385e-01
8.969799e-01
-4.554079e-01
-3.251069e+00
-1.644718e+00
2.776273e-01
-5.504134e+00
-2.938588e+00
-7.854218e-02
2.854508e-03
4.090714e-01
1.798791e-01
-1.741909e-01
-2.065124e-01
-4.224567e-01
7.079822e-01
1.061648e+00
1.734496e-01
-2.287403e-01
-1.468221e-01
-5.317700e-01
7.129743e-01
3.553018e-01
5.093541e-01
3.130894e-01
3.005029e-01
3.938933e-01
-5.540742e-01
-2.451290e-01
-5.530476e-01
4.072546e-01
1.607877e-01
3.747345e-01
3.375454e-01
4.348163e-01
5.423556e-01
1.159488e+00
-2.174336e-01
-6.687160e-01
6.064906e-01
4.830420e-01
-2.033091e-01
1.159807e-01
-3.706843e-01
-1.339209e-01
-3.574116e+00
-4.136660e+00
-1.110497e+01
-2.312501e+00
7.570975e-01
-1.745414e+00
1.045369e+00
9.819419e-01
-2.326441e+00
1.548869e+00
1.564327e-01
-1.996825e-01
-1.705753e-01
-5.339819e-01
-4.193773e-01
1.590913e-01
8.141904e-01
9.010723e-01
-6.758461e+00
8.300287e-01
3.188238e-01
-3.644484e+00
-7.594071e-01
-1.156160e+00
-5.470689e-01
-1.673226e+00
-1.282010e-04
-8.050537e+00
-5.664199e+00
-8.847080e+00
-3.806593e+00
-6.301261e-01
-1.220060e+00
-7.248274e-01
-2.414606e+00
2.003533e+00
5.662249e-01
8.832555e-01
-2.788066e+00
-1.346857e+00
-3.310239e+00
-5.214943e+00
-1.731273e+00
-2.803326e+00
-7.726138e+00
7.968097e-01
-1.273781e-01
-2.786880e-01
1.106834e+00
8.669943e-02
-2.024708e-02
-2.082132e-01
2.212632e-02
8.926024e-02
-4.028420e-01
2.529751e-02
1.924557e-01
2.286572e-01
3.489620e-01
3.487337e-01
3.243684e-01
4.185743e-01
5.843366e-01
-2.321515e-01
4.568786e-01
-5.854255e+00
-5.250605e-01
2.299696e-01
-3.303462e+00
-6.138192e-01
2.843181e-01
-2.766366e+00
-2.914414e+00
-1.935032e+00
-6.100420e+00
3.808436e-01
9.857537e-01
-2.011929e+00
-1.638295e+00
-4.270150e-01
-2.730592e-01
9.705284e-01
1.333171e+00
-2.293883e-01
3.020844e-01
-4.236635e-01
-3.599381e-01
-7.792932e-01
2.895490e-01
4.496222e-01
5.342367e-01
-6.908681e-01
-5.399871e+00
6.053951e-01
-2.817481e+00
-5.555322e+00
3.572663e-02
-1.386448e+00
-1.280804e+00
4.996132e-01
1.974217e-01
2.877425e-01
5.872360e-01
3.052742e-01
2.215506e-01
-6.638169e-02
-9.644757e-02
-2.138439e-01
-1.636036e+00
-4.376882e-03
-1.776235e+00
5.319948e-01
5.277442e-01
-5.559360e+00
-1.613888e+00
2.309733e-01
-5.630571e+00
-1.373903e+00
-6.158557e+00
-1.683874e+00
-4.783695e-01
4.797508e-01
-5.960469e-01
2.783831e-01
-1.620351e+00
5.855622e-01
-6.487369e+00
-5.457376e+00
-2.332638e+00
-6.251626e-01
9.853051e-01
-1.099726e+00
3.368314e-01
-1.050943e+00
8.939019e-01
4.533236e-02
3.535908e-01
2.075030e-01
1.036661e-01
6.498949e-01
-1.911692e-01
3.863861e-01
4.501938e-01
-3.805718e-01
-7.787861e-01
-5.500327e-02
-1.117947e+00
-2.797471e-01
-1.849043e+00
7.211189e-01
-2.924520e-01
-3.543978e-01
-3.102588e+00
-1.571778e+00
-3.391970e+00
-8.560054e+00
-1.179578e-01
1.150829e+00
-1.419016e+00
-1.048845e-01
-6.867160e-01
3.346389e-01
-9.664946e-01
-6.648905e+00
-3.421325e+00
4.905622e-01
-1.210674e+00
1.064421e+00
-1.447417e+00
1.274191e+00
-1.456773e+00
9.635688e-01
-6.448710e+00
-7.484218e+00
-4.401855e-01
-3.110516e+00
1.410356e+00
-1.143612e+00
-1.498552e+00
-6.643140e-01
5.228239e-01
6.749126e-01
3.528419e-01
3.235776e-01
5.630764e-01
3.806463e-02
-3.657971e-01
-7.114184e-01
-1.183115e+00
5.018888e-01
4.217069e-01
1.588638e-01
-1.601097e-01
-3.479983e-01
-2.187662e-01
-3.777494e-02
-1.252868e-01
-2.251344e-01
-8.080729e-02
1.718747e-01
2.955382e-01
-1.000684e-01
6.549624e-01
1.674288e-01
-8.527075e-03
8.496144e-01
2.156099e-01
-7.626255e-01
5.622073e-01
1.088106e+00
-4.498268e-02
3.262521e-01
5.057915e-01
4.730286e-01
-5.583091e-01
-4.080252e-01
2.490816e-01
8.857065e-01
5.745556e-01
-1.976369e-01
-4.981306e-02
2.459264e-01
-1.201848e-03
-6.940771e-01
-7.119858e-01
8.664556e-01
2.924581e-01
1.267395e-01
6.139019e-02
-1.213123e-01
-3.416428e-02
2.911395e-01
-1.888992e-02
-1.091320e-01
2.853980e-01
6.451756e-01
-1.696303e-01
3.532756e-01
-1.188412e+00
-8.206191e-01
-2.413147e+00
-7.581502e+00
-5.002543e+00
-4.461001e-01
-6.263286e-01
9.251750e-02
4.102527e-02
1.214714e-01
7.500783e-01
7.391570e-03
2.240456e-01
-3.522626e-02
1.202637e-01
-3.006605e-01
1.579904e-02
-1.130036e-01
-7.054100e-02
6.397956e-01
3.915846e-03
4.106830e-01
7.669896e-01
-1.147676e+00
2.082952e-01
-3.397215e-01
-1.018587e+00
5.974486e-01
-4.459980e-01
-8.966361e-01
9.159088e-01
-4.248330e-01
-7.549066e+00
-6.452759e+00
-5.405927e+00
-2.222608e-01
1.463443e+00
-1.327721e+00
1.370591e-01
2.278323e-01
-6.667619e-01
1.087609e+00
1.602615e-01
1.020850e+00
4.654724e-01
-8.050724e-01
3.392508e-02
7.766865e-01
-4.824931e-02
7.025963e-02
-1.436368e+00
1.444728e+00
-8.370513e-01
-3.194437e+00
-1.561756e+00
-2.180874e+00
-4.186358e+00
-9.975364e-01
9.054369e-01
7.752192e-01
3.287987e-01
6.304725e-01
3.282942e-01
7.072702e-01
3.813554e-01
-2.329376e-01
5.727361e-02
-1.380251e-01
-3.486192e+00
-3.334515e+00
6.884178e-02
-2.802317e-01
-1.131397e-01
1.506374e-01
4.583709e-01
-4.003065e-01
2.043058e-01
-1.961347e-01
-1.057814e+00
-4.550912e-01
1.422610e+00
8.175437e-01
-4.738435e-01
-7.223402e-01
5.074747e-02
-3.937673e-01
-4.062205e-01
-6.198087e-02
3.091759e-01
-3.652878e-01
-3.541146e-01
5.890693e-01
-1.530091e-02
-3.029738e-01
1.345592e-01
-3.056901e+00
-2.124207e+00
1.088085e+00
-5.850024e-01
-1.680697e+00
-1.216921e+00
-1.746876e+00
-1.810627e+00
-6.130471e+00
-4.114181e-01
-6.412237e-01
-1.356546e+00
9.944425e-03
2.923607e-01
8.240892e-01
-6.292987e-01
-5.975984e-01
2.894756e-01
-1.730206e+00
7.319861e-01
6.161351e-01
1.072013e+00
-1.098865e+00
-3.685248e+00
-2.890230e-01
-3.133077e+00
-6.809124e+00
-1.211477e-01
1.646273e-01
-4.111502e-01
7.085143e-01
-1.223907e-01
-1.226017e-01
1.103627e+00
-1.186630e+00
-2.295967e-01
-2.126131e-01
-7.084855e-01
-4.147091e-03
8.102664e-01
-3.351019e-01
-1.309807e+00
-6.606598e+00
-2.757150e+00
-3.641915e-01
-5.988764e+00
-5.650084e+00
-5.881234e+00
-5.172774e-01
7.723439e-01
-1.073551e+00
-8.623548e-01
9.796640e-01
-6.625201e+00
-4.654378e-01
6.064771e-02
3.825168e-01
1.677438e-01
3.445492e-01
-4.786731e-01
2.858799e-01
-1.359547e-01
-4.118913e-01
3.793395e-01
-3.001739e-01
-6.781890e-01
-9.616278e-02
1.588908e-01
-4.706470e-01
-5.753556e-01
1.018142e-01
6.754194e-01
-6.757814e-01
-1.218650e+00
2.366610e-01
-6.328749e+00
-4.331806e+00
-5.897042e-01
-3.964198e+00
-3.675416e+00
8.584749e-01
-3.948005e-01
-9.690844e-01
-5.184095e+00
-5.243761e-01
1.165148e+00
-8.041769e+00
-1.211285e+00
1.715993e-01
-6.928314e+00
-1.636060e+00
-9.424250e-01
7.221977e-01
-1.318200e+00
-9.024791e-01
-1.953181e+00
-7.186445e-01
-5.858772e+00
-1.642405e+00
-1.076178e+00
-3.253270e-01
7.245004e-01
3.725850e-01
1.228714e+00
-1.303651e-01
1.058141e+00
7.783533e-01
-4.905743e-01
-3.352219e+00
-1.463684e-01
4.384253e-02
-1.242236e+00
-7.958974e-02
-6.662894e-03
-2.522055e-01
8.943577e-02
-1.054060e-01
-1.027028e+00
-1.320644e-01
-3.884149e-01
3.409253e-01
1.215762e+00
-4.054030e-01
-2.110487e-01
1.639102e-01
-9.384663e-01
5.245433e-02
-1.451935e-01
-6.879828e-02
1.645492e-01
-4.812681e-03
1.660846e-01
1.210298e-01
6.165954e-01
7.064259e-01
-6.657976e-01
-3.222330e-01
1.754629e-01
-3.934987e-01
-4.350900e-03
-2.294506e-01
-6.846642e-01
3.006143e-02
-2.187495e-01
-5.490812e+00
-5.100464e+00
-3.102769e+00
8.089985e-02
5.217244e-01
-5.310010e+00
-1.461999e+00
2.409364e-01
-4.112400e+00
-1.893034e-01
-1.056701e-01
2.517338e-01
3.971029e-02
1.357893e-01
7.259703e-01
1.693556e-03
2.826555e-01
6.150360e-01
-3.941002e+00
1.724472e-01
2.178331e-02
-3.863323e+00
-4.015241e-01
-7.782852e-01
-2.009060e-01
3.411218e-01
-4.953204e-01
3.260478e-01
-1.205765e-02
-4.327604e-01
2.819605e-01
7.582907e-02
-4.519256e-01
5.660149e-01
3.992664e-01
2.047831e-01
-7.103340e-02
-6.874361e-02
2.107316e-01
-4.129114e-01
-3.390788e-02
-8.634244e-02
-7.472578e-01
-1.730234e-01
-4.985951e-01
1.434675e+00
1.209390e+00
-2.604068e-01
-7.418505e-01
3.313111e+00
4.805498e-01
1.535115e+00
1.332839e+00
-1.355458e-01
-7.466191e+00
-1.213134e+00
-3.225550e+00
-5.278801e+00
6.747236e-01
-2.079460e-01
-1.001816e+00
-1.085562e+00
1.270206e+00
7.094600e-01
1.716541e-01
-6.579794e-01
6.095273e-01
3.981335e-01
-6.107243e-01
7.734916e-01
6.950328e-01
-4.575210e-01
-2.349711e+00
4.461314e-01
-1.928531e+00
-5.484886e+00
-1.549793e-01
6.953225e-01
-3.043871e+00
-1.514828e+00
-6.063716e-01
-1.271537e+00
-3.860601e-01
-1.021176e+01
3.327264e-01
4.904754e-01
-1.711661e+00
-3.801581e-01
-9.889045e-02
2.992468e-01
-6.366073e-01
2.771982e-01
-3.130797e+00
2.303717e-01
-1.827551e-01
-1.598628e+00
-1.098549e-02
-5.575849e-01
-6.441262e-01
-7.549547e+00
-6.126218e+00
-6.285647e-01
-4.370848e+00
-4.462265e+00
2.904113e+00
2.870814e+00
-1.069680e+01
-7.598070e-01
-2.502763e+00
6.200773e-01
-2.782785e-01
-1.867143e+00
6.481534e-01
-1.190375e+00
1.122432e-02
-5.479784e+00
-2.980539e-01
-4.867510e+00
-1.685294e+00
-2.510052e+00
-3.727622e-01
-8.833297e-01
-3.345211e-01
3.453582e-01
5.506471e-01
-1.009472e-01
-4.872062e+00
3.109783e-01
6.367089e-01
1.304673e+00
-4.612418e+00
-3.390757e-01
-3.192743e-01
-7.282315e+00
-1.167247e+01
-1.711846e-01
-3.834905e-01
-4.736731e-01
4.639189e-01
3.472599e-01
7.997610e-02
1.503818e+00
7.494642e-01
3.841796e-01
-5.381314e-01
2.979604e-01
2.979527e-01
-1.614376e+00
4.554584e-01
-1.458979e+00
-4.971729e+00
-1.993130e+00
4.679819e-01
1.178835e+00
-2.228083e-01
1.153397e+00
1.677628e-01
-1.297603e-01
6.660895e-01
2.252696e-01
9.101090e-02
3.979846e-01
-1.088125e+00
-3.009912e+00
-9.856122e-01
4.674182e-01
-4.810190e-01
-3.555563e+00
-1.109934e+00
7.218280e-01
-2.801109e+00
-2.464252e-01
2.013527e-01
-3.958834e-01
-3.113989e-01
4.784867e-01
-2.561558e-01
-3.400350e-01
8.309069e-02
-2.345434e-03
-5.663033e+00
-4.135734e+00
-3.532817e-03
-4.084164e+00
5.775529e-01
1.387048e+00
-4.649338e+00
-1.693116e+00
-3.485035e+00
8.053164e-01
-1.964039e+00
-1.540539e+00
3.289763e-02
-2.316304e+00
8.985391e-01
-5.506631e-01
-1.577134e+00
1.336809e-01
-7.569400e+00
-4.784133e-01
5.640502e-01
-9.405328e-02
-1.075010e-01
-7.786651e-01
-5.692528e+00
-2.407519e-01
2.993611e-01
2.733857e-01
-1.821787e+00
-6.587746e+00
1.381634e-01
-1.030022e+00
6.268184e-01
-1.143411e+00
4.004628e-01
-2.535876e-01
-6.382366e-01
9.068511e-01
-2.701352e+00
5.193958e-01
-2.959557e+00
-5.197225e-02
-2.330743e+00
-1.924774e+00
6.032603e-01
-2.976437e+00
-4.949022e+00
-4.134478e+00
-1.294718e-01
-2.177940e+00
-3.389683e+00
-1.324610e-01
9.599672e-02
7.204480e-01
-2.444578e+00
1.451501e+00
-3.499744e+00
9.028986e-01
-1.857646e+00
-6.251821e+00
-2.288686e-01
-3.596012e+00
-4.882856e+00
-2.732534e+00
8.775027e-01
-7.247405e+00
-1.474929e+00
-7.412379e-01
-2.226152e+00
8.675053e-01
-1.512625e+00
3.267865e-01
-4.849252e+00
-8.389581e-02
-6.088011e-01
-8.070278e+00
-5.960234e-01
-4.850110e-02
-3.890933e+00
8.259301e-01
-4.592007e-01
-2.130993e-02
-1.999552e-01
-8.878429e-02
-9.543822e-02
5.967101e-02
1.346597e-01
2.081822e-01
6.622736e-01
5.763832e-01
1.903753e-01
-1.948922e-01
2.211159e-01
3.113531e-01
-5.500008e-01
1.143001e-01
2.642238e-01
-4.574685e-01
1.121658e-01
2.819674e-01
1.163932e+00
-4.892305e-02
-9.203866e-02
-7.295626e-02
-5.218181e-02
-2.278092e-02
-3.556690e-01
-2.278181e-01
-5.579853e+00
2.957328e-01
3.258678e-01
-1.230029e+00
-2.914612e-01
1.962810e-01
-2.522828e+00
-1.271740e+00
-6.828943e-01
4.499391e-01
5.542502e-01
5.386324e-01
3.059547e-01
3.986098e-01
3.670885e-01
-2.200995e-02
-2.288840e-02
-2.104364e-01
2.341156e-01
1.938049e-01
5.330453e-01
1.678959e-01
1.379357e-01
-7.705308e-03
-2.279730e-01
-3.183983e-01
-4.663013e-01
-1.760117e+00
3.382517e-01
-8.199136e-01
-3.798562e+00
-2.400476e-01
-1.097059e+00
-2.793544e+00
-6.805006e-01
1.009613e+00
-4.908127e+00
-1.913404e+00
-1.962828e+00
4.923222e-01
1.040346e+00
-3.917455e+00
-3.357531e-01
-8.631629e-01
-2.347867e+00
-1.963539e-01
-5.229545e-01
-1.401823e-01
1.047416e-03
-2.319147e-01
-1.896735e-01
7.507495e-01
1.191704e+00
2.922542e-01
-9.092008e-01
-2.392054e-02
-1.740304e-01
-6.518699e-01
1.443530e-01
-1.769701e-01
-3.886615e-01
9.704226e-01
6.796552e-01
2.766279e-01
-2.025664e+00
-6.417907e-01
-4.999363e-01
6.284086e-01
-3.462968e+00
-4.620485e-01
-9.223455e-01
-8.805454e-01
2.962309e-01
-3.050344e-02
1.308559e-02
2.056221e-01
-3.163479e-01
1.277532e-01
5.359969e-01
-1.173386e-01
4.637359e-01
-7.660868e+00
-3.626612e+00
-3.875028e+00
1.530338e+00
3.638493e-01
-4.353676e+00
3.636527e-01
1.593747e-02
-5.604384e+00
9.554176e-01
5.248326e-01
5.434546e-01
9.528387e-02
-1.540883e-01
4.589650e-02
-1.511257e-01
1.036740e-01
4.823450e-01
6.221354e-01
5.852049e-03
-4.349418e-01
-6.840006e-01
-1.868871e+00
8.923265e-01
-3.501515e+00
-6.153923e+00
-4.726670e+00
2.721858e-01
-4.496966e-02
-9.449903e-01
-2.869414e-01
-4.546035e-01
-4.354786e-01
-1.995109e-01
-2.405503e-02
1.260635e-01
-4.713185e+00
-6.659756e-01
-2.627910e+00
-4.820890e-01
7.593967e-01
-1.348888e+00
-1.290534e+00
-1.326920e+00
7.402820e-01
-8.358595e-01
7.090084e-01
-2.028888e+00
3.386611e-01
-1.110033e+00
-7.217681e+00
3.722372e-01
7.898595e-01
-6.514642e+00
9.355191e-01
-2.960738e+00
9.842992e-01
-3.075215e+00
-3.623061e+00
2.750538e-01
-4.202887e+00
-7.980754e+00
-4.924629e+00
-6.991422e+00
1.096699e+00
-7.071929e-01
-2.540165e+00
-1.389876e+00
-1.298482e+00
1.389391e+00
2.195544e-02
-1.209867e+00
-9.893461e-01
1.879851e+00
-4.621393e-01
-3.413475e+00
-3.917235e+00
-2.161623e+00
-3.621016e+00
-7.787508e+00
-3.512069e+00
-4.067185e+00
4.316386e-03
-6.228229e-02
-5.433213e+00
1.214874e+00
-6.135444e+00
1.364009e+00
-2.080945e+00
-1.643997e-01
-6.965995e-01
-4.915792e-01
-2.432134e+00
6.713072e-01
-5.251606e+00
-2.434903e+00
-8.256345e-02
-1.284453e+00
-2.725215e+00
-1.894403e-01
-2.569863e+00
-4.234004e+00
1.362077e+00
-4.244061e-01
-3.368753e+00
-9.072009e-01
-7.891898e-01
-5.627341e-01
-7.016236e-01
8.825704e-02
-9.647305e-02
-3.665650e-01
1.476497e-01
-2.394425e-01
-5.391929e-01
-1.889831e-01
-6.906241e-02
-9.210347e-01
-5.882973e+00
-4.296076e+00
-4.612049e-01
-1.264840e+00
-2.453464e-01
7.128036e-01
2.588473e-01
-1.554875e+00
-6.376002e+00
-3.250098e+00
-2.153956e+00
-1.224404e+00
-1.879639e+00
2.161849e+00
8.624509e-01
-7.224895e-01
-2.659737e+00
-1.099613e-01
9.784344e-01
-3.327355e+00
-1.261170e+00
-3.698867e+00
-5.020380e+00
6.654537e-01
-2.605845e+00
-9.484860e-01
-3.861937e+00
-2.217378e-01
6.640002e-01
-3.719686e+00
-5.191436e-01
-9.880213e-02
1.403965e-01
4.302095e-01
-6.002693e-01
-3.049130e-01
1.605287e-01
-5.054038e-02
-2.167230e-01
-2.193692e-01
-7.904492e-01
1.721639e+00
7.455550e-01
-8.606803e-03
4.230101e-01
-2.861928e-01
-1.094530e+00
-3.132719e+00
7.622095e-01
1.294655e-01
-2.501430e+00
-1.096817e+00
-3.583309e+00
-1.822928e-01
4.526206e-01
1.317567e-01
-5.555061e-01
1.166687e-01
7.454534e-01
-1.003531e+00
-6.310132e-01
5.107345e-01
-2.341343e-01
1.652767e-03
-1.808531e-01
1.253653e-01
3.382735e-01
3.411572e-01
-1.251291e-01
1.516542e-01
8.573174e-01
-7.683286e+00
-6.518213e+00
1.673534e+00
-7.422824e+00
-3.838554e+00
-1.058510e-01
-2.446078e+00
-1.685775e+00
-7.712474e-01
4.892245e-01
-1.221413e+00
-7.420055e-01
-2.427450e+00
1.130455e+00
-1.599267e+00
-7.286889e+00
-1.392900e+00
-4.332597e-01
9.591931e-01
5.364254e-01
1.785677e-02
2.530438e-01
2.954834e-01
2.609596e-01
-3.441632e-01
-2.601895e-02
-1.243339e-01
