-7.643210e+00
-9.735664e-01
-2.908166e-01
-6.547669e-01
4.203266e-02
1.971560e-01
-1.587575e-01
2.738168e-02
-1.006656e+00
-5.757164e+00
-5.236250e+00
-4.843746e+00
4.540586e-01
-1.682010e+00
1.149279e+00
-9.417155e-02
2.577281e-01
-4.034384e+00
-9.942436e-01
-5.441520e-01
-1.444467e+00
-7.751901e-02
-3.133157e+00
-3.358238e+00
8.286225e-01
-2.750125e+00
-3.362938e+00
-1.383099e+00
-3.585083e-01
4.533795e-01
4.163186e-01
1.861710e-01
-7.376615e-01
-3.128628e-01
-8.245565e-01
-7.833724e+00
-4.628503e+00
-7.824451e+00
-4.074137e+00
1.055288e-01
3.796451e-01
7.918483e-01
-2.090564e+00
-2.371039e+00
-1.499969e+00
-3.353714e+00
-2.225354e+00
-3.977248e-01
-2.497513e-01
-4.539986e-01
6.838797e-01
2.727580e-01
-1.273453e+00
-7.607415e-01
-6.371668e+00
-9.412387e+00
-2.931377e+00
7.690279e-01
5.969419e-02
-2.451621e-01
-6.805407e-01
-1.115213e+00
1.195320e-01
1.587293e+00
1.804421e-01
1.115068e+00
1.087285e-01
1.827205e-01
-1.730849e-01
-7.550490e-01
-2.803264e-01
-1.281118e-02
-8.831360e-01
-7.318705e-01
2.443099e-01
-1.167130e+00
-2.171845e-01
2.549581e-01
-3.521494e+00
-1.487824e+00
-8.043886e-01
-5.787717e-01
1.637484e-01
-5.772311e-01
-2.576270e+00
-4.652166e+00
-6.570179e-01
8.796277e-01
-2.952996e+00
-5.405120e-01
-1.644419e+00
-4.916529e+00
3.126854e+00
-6.620749e+00
-4.058389e+00
-1.009494e+00
-5.874205e+00
-5.073252e+00
-2.350246e+00
-1.870593e+00
1.319711e-01
1.468806e-01
-3.415031e+00
-4.540128e+00
6.055948e-01
-3.354298e+00
1.365683e+00
-3.124486e+00
-7.219338e-01
-3.499963e+00
-7.057233e+00
-1.612346e+00
8.893393e-01
-2.115101e+00
-1.450937e+00
2.040129e-01
7.535280e-02
-5.950105e+00
-6.033021e-01
2.927102e-01
-2.165068e+00
2.193754e-01
2.861216e-01
-3.517608e+00
-4.915657e-02
-4.273059e-01
1.086449e+00
8.355726e-02
5.379386e-02
5.255022e-01
3.285937e-02
1.708976e-01
3.981158e-01
1.431760e-01
-1.120051e-01
1.223578e-01
8.633294e-02
-1.501086e-02
-7.554766e-01
-7.584741e-01
-5.694450e-01
-2.220304e-01
-9.977447e-02
3.606114e-01
8.066762e-01
4.144420e-01
-1.341529e-01
5.425569e-01
2.230496e-01
2.280907e-01
2.271458e-01
-6.945703e-03
-2.272587e-01
2.761001e-01
-1.166760e+00
-2.501270e+00
4.676937e-02
-4.055026e+00
-1.136074e+00
9.117876e-02
-2.757623e-01
2.487032e-01
-1.381295e+00
7.327978e-03
5.251067e-02
3.948784e-01
-1.533822e-01
-4.899544e+00
3.353172e-01
-3.804519e+00
-1.245607e+00
-2.817080e+00
-3.590305e+00
-3.285568e+00
-2.066467e+00
-1.116111e-02
7.719994e-01
-2.556981e+00
-3.760810e-03
-1.503135e-01
8.390383e-02
5.546850e-02
-2.442855e+00
3.248264e-01
-9.934219e-01
-6.763548e-01
1.552293e-01
-1.462042e+00
-7.323709e+00
1.191008e-01
-3.050727e-01
6.337848e-01
1.200341e+00
-3.065749e-01
-4.633780e+00
-1.947358e-01
-3.171338e+00
-6.384001e+00
-5.413087e+00
-5.407996e+00
-3.488980e+00
-1.495487e+00
1.064858e+00
-2.480525e+00
-6.373764e-01
8.949500e-01
-1.791969e+00
-1.004678e+00
-3.962153e-01
-5.569400e-01
-5.347541e+00
-2.468338e+00
3.188603e-01
-2.040315e-01
-1.239483e+00
-8.035346e-02
-5.248567e+00
1.654658e-01
9.146345e-02
-5.513781e+00
-2.387511e+00
5.416346e-01
9.860407e-01
9.964390e-02
-1.318504e+00
-1.274539e+00
-6.783677e-03
3.096451e-03
6.741161e-01
-8.102443e-01
-6.537175e-01
-9.120048e-01
-5.966788e+00
2.968015e-01
-3.046820e+00
-1.345260e+00
-1.215532e+00
-3.796657e+00
-2.090674e+00
3.899268e-01
-1.300198e+00
5.840800e-01
2.787310e-01
-1.420305e-01
8.061624e-01
7.434058e-01
5.413442e-02
7.603239e-01
1.231499e-01
-2.608172e-01
-5.117011e-02
-4.381713e-03
-4.807930e+00
1.175288e+00
-1.872790e+00
-1.169441e+00
-3.238389e+00
-6.526399e+00
1.587489e+00
-4.191536e+00
-7.327395e+00
-5.537193e-01
-4.896700e+00
-6.356431e-01
-5.823004e-01
-2.173520e+00
8.879727e-01
9.019102e-03
-3.564972e-01
-1.338139e+00
7.150618e-01
-2.850874e+00
-9.175426e-01
8.088264e-01
-3.919777e+00
-3.663214e-01
-1.125041e+00
-4.503715e+00
6.275956e-01
2.025713e-01
1.116924e-01
3.024120e-01
1.778669e-01
-7.443152e-02
4.050729e-01
2.803748e-01
2.034325e-02
1.272326e+00
-3.024948e-01
-2.251304e-01
-3.998798e+00
7.369891e-01
-2.367464e+00
-5.227841e+00
-5.519070e-01
-3.742567e-01
8.662923e-01
-1.704752e+00
-5.925841e+00
-2.754121e-01
4.949184e-01
-3.707997e+00
-8.240638e-01
1.161133e-01
-1.665019e+00
-9.896361e-01
-1.163469e+00
9.542861e-01
4.432205e-01
-9.226077e-01
3.424881e-01
2.074179e-01
-6.041230e-01
4.476326e-01
3.033960e-01
-1.916331e+00
4.411757e-02
-2.804322e+00
-7.610705e-02
-5.094411e+00
-5.085391e+00
3.708020e-01
-1.744691e+00
-2.304270e+00
5.088103e-01
5.088894e-02
-4.720181e+00
-2.856414e+00
-1.376825e-01
1.070701e+00
-2.482039e+00
-2.750785e-01
-7.815562e-01
6.414098e-01
-1.826460e+00
7.509614e-01
-1.363365e+00
1.056896e-01
-1.646005e+00
-5.128101e+00
-3.051251e+00
4.813157e-01
1.339588e+00
-1.349849e+00
-4.937820e+00
-4.068612e-01
-4.007082e+00
-1.590756e+00
-7.482815e+00
-3.031754e+00
-2.816420e+00
-5.367153e+00
-2.795122e+00
-3.714060e+00
-3.492026e+00
-3.913204e+00
-3.711982e+00
-1.588337e-01
9.165198e-02
1.037421e+00
1.449137e+00
-3.292102e+00
-6.882300e+00
1.277526e+00
-3.990171e+00
-9.076669e+00
7.498890e-01
-3.344667e+00
-1.926502e+00
1.147385e-01
1.533714e-01
-5.508264e+00
-6.666148e-01
-1.135333e+00
-6.140524e+00
1.747323e+00
-2.567027e+00
-3.846705e+00
-3.000315e+00
-4.472659e+00
-4.182942e+00
2.265577e+00
-4.215550e+00
-3.094367e-01
-1.689797e+00
-2.275405e+00
6.532883e-01
-3.799777e+00
-2.703857e+00
-1.532865e+00
1.925133e-01
-4.598717e-01
-2.180200e+00
5.145485e-01
1.877604e-01
-1.744017e+00
-5.057926e+00
-1.767948e+00
6.936472e-02
-1.386767e+00
7.561272e-02
2.148549e-01
-8.017328e-01
-1.233811e-01
-1.179426e+00
-3.744762e+00
-4.077442e+00
-3.083481e+00
1.159736e+00
-1.997475e+00
-1.666968e+00
-5.353330e-01
-9.604857e-02
-6.724443e-02
4.401717e-01
-3.634397e-01
-1.822614e+00
-6.350569e-01
1.198600e+00
-8.541730e-01
-1.521613e+00
-2.339136e+00
-6.618546e+00
-3.862465e+00
-2.692194e-01
6.131746e-01
-5.298822e+00
-4.973630e-01
7.456856e-01
-2.507566e+00
-2.432354e+00
-1.785691e+00
-2.441316e-02
7.245034e-02
-4.996991e-02
5.851701e-01
1.432594e-01
5.328933e-01
7.875671e-01
5.386436e-01
3.451616e-01
-3.329817e-01
7.765214e-01
-1.062938e-01
-6.886852e-01
2.537299e-01
-6.619021e-01
-8.636530e-02
7.888199e-01
1.226157e-01
3.258116e-01
3.080295e-01
5.545092e-04
-2.849303e-01
-5.967322e-01
-3.672518e-01
-2.715183e-01
-5.629755e-01
-7.081860e-01
1.207379e+00
-4.050417e-02
-1.047527e+00
-1.799246e+00
-1.841897e+00
1.722564e+00
-3.911016e+00
-1.466288e+00
-1.218567e-01
-1.088915e+00
6.095617e-01
-3.255905e+00
1.297800e+00
-5.484692e-01
-1.023560e+01
3.386428e-01
-3.668158e-01
-7.917961e+00
-8.654040e-01
8.026923e-01
-4.021180e-01
-1.259300e-01
-2.696728e+00
8.595962e-01
-1.382171e+00
-3.973059e+00
-2.505506e+00
-2.709095e+00
-8.974848e+00
-1.853063e+00
-7.510754e+00
-3.722121e+00
1.048115e+00
-3.086821e+00
-1.815907e+00
-8.080983e-01
1.069657e+00
-2.877180e+00
-1.435978e+00
-2.825860e+00
-4.078643e+00
1.001783e+00
-3.059656e+00
-2.966167e-01
2.355618e-01
-2.181498e+00
-7.842986e+00
-9.525854e+00
9.482737e-01
-7.651796e-01
-3.172862e+00
-2.655945e+00
-1.095958e+00
2.500012e+00
-3.825279e+00
-4.100165e+00
-3.497081e+00
-3.168210e-01
-1.968691e+00
-4.106972e+00
-4.303755e-01
1.386460e+00
4.800689e-02
7.788140e-01
-4.588131e-01
-6.679039e+00
-2.108235e+00
1.274841e+00
-1.878531e+00
-6.484968e-02
-1.123770e+00
-8.234339e-02
-3.236220e-01
8.520638e-01
-4.518112e+00
-9.575173e-01
-2.311692e+00
-6.925333e+00
6.010361e-01
-1.057259e+00
-2.696199e+00
-1.146538e-01
1.640297e-01
-8.541608e-02
4.088010e-04
-1.366758e-01
2.288896e-02
-5.876797e-01
-1.274569e+00
-1.463045e+00
-6.088022e+00
-2.153771e+00
-2.656001e+00
6.035452e-01
-1.732082e+00
7.586993e-01
-2.286913e-01
-7.362257e-01
-7.513066e-01
1.145986e+00
-1.177169e+00
-2.003792e+00
1.663337e-01
2.184972e-01
-3.538539e+00
-1.156690e+00
1.624567e-01
-3.746447e+00
-4.959577e+00
-3.243234e+00
-1.281591e+00
-2.260734e+00
9.324499e-01
-4.959548e-01
-3.644561e-01
-3.803453e-01
-1.001289e+00
-9.597064e-01
-2.946413e+00
-1.455536e+00
-2.704367e+00
-8.630611e-01
-1.461114e+00
3.576381e-01
4.986729e-01
-6.456041e-02
-1.045549e+00
-1.069364e+00
3.143189e-01
-2.574473e+00
-2.903970e+00
2.715840e-01
-1.120857e+00
-3.037957e+00
8.494581e-02
-8.699663e-01
-3.398939e+00
-2.307407e+00
-4.229138e+00
-1.345315e+00
-3.027031e+00
-2.806959e+00
-8.861802e-01
1.680526e+00
-1.509380e-01
-1.191625e-01
-4.083652e-01
3.434770e-01
3.998785e-01
-1.898037e-01
2.991066e-01
1.364796e+00
6.307685e-01
-9.932509e-01
2.738921e-01
-1.237140e+00
-2.289347e+00
-7.350390e-01
1.028512e+00
-6.221266e+00
-1.104659e-01
-7.842864e-01
1.589908e+00
-6.426759e-01
-6.994582e+00
-3.983047e+00
-4.571157e+00
-5.770091e+00
-1.991763e-01
1.558702e+00
-2.617934e+00
1.422163e-01
-6.595522e+00
-3.628519e+00
7.913756e-02
4.891239e-01
-1.768907e+00
-4.786910e-02
-8.817579e-01
4.682701e-01
2.958632e-02
5.438541e-01
3.435346e-02
5.575547e-01
6.227673e-01
6.249293e-02
4.498700e-01
2.981854e-01
-3.352398e-02
1.250222e-01
-3.163646e+00
9.543367e-02
-4.416016e+00
-6.152341e-01
3.242724e-01
-5.343618e+00
2.838268e-01
7.965179e-02
1.077135e-01
-8.416788e-02
-9.282156e-01
-5.378493e+00
5.248241e-01
-2.962069e+00
2.338988e-01
-3.774348e-01
1.581454e-01
-1.294818e+00
-1.864923e+00
-5.661191e+00
-2.437767e-01
-2.112247e+00
-5.355115e+00
-3.077668e-03
-1.887452e-01
7.366042e-01
-6.901937e-01
-5.627370e+00
-4.784854e+00
8.140968e-01
-1.344550e+00
-4.199804e-01
-2.509280e+00
3.554435e-01
1.627154e-01
-6.885862e-01
9.024362e-01
-1.660498e+00
-1.949238e+00
-3.502635e-01
-4.380898e+00
4.204758e-01
-9.203112e-01
-5.293334e+00
-9.369099e-01
-6.623718e+00
-9.299248e+00
9.446363e-01
5.005227e-01
-2.554999e+00
-1.206181e+00
-7.341272e-01
6.337803e-01
-2.368402e-01
-3.404641e-01
1.778390e-02
-1.003298e+00
-9.568674e-02
6.440824e-01
-8.965617e-01
-1.443896e-01
5.225306e-01
-1.664109e+00
-2.183638e-01
-1.173633e+00
-6.363356e-01
1.376805e+00
-7.200390e-01
-3.857127e+00
-7.399147e-01
8.868214e-01
-4.348748e-01
-4.329509e-01
9.153835e-03
-2.543148e-01
-7.490899e-02
1.411652e-01
7.393581e-02
-3.733146e-02
-3.285515e-01
7.277715e-01
2.406978e-01
2.634250e-01
8.757989e-01
-3.257270e-03
4.311194e-02
4.082566e-01
-7.415454e-02
8.460344e-02
8.187814e-01
-5.499285e+00
-8.701857e+00
6.258333e-01
-1.745078e+00
-4.905364e+00
-6.924883e-01
9.704670e-02
-1.412962e+00
1.681756e-01
7.202238e-01
5.548351e-02
7.467158e-03
6.449810e-01
3.648824e-01
-1.458188e-01
-2.055362e-02
2.424621e-01
-4.019422e+00
-3.185205e+00
2.776553e-02
-2.183454e+00
-3.460016e+00
1.530354e+00
-3.914700e+00
-5.567916e+00
-9.556132e-01
-5.170600e-01
-9.275438e-02
9.157842e-02
-4.509298e-01
-3.307878e-02
5.646145e-02
-8.312127e-01
-3.299290e-01
-7.805572e-02
1.750090e-01
3.164700e-01
-7.198429e-01
5.003140e-01
2.709002e-03
-6.281232e-01
5.859670e-01
-3.361980e-01
-7.625117e-01
-1.034619e-01
-9.508809e-01
-1.456212e+00
7.547624e-01
1.890176e-01
-3.706978e-01
3.547970e-01
7.593834e-01
2.644311e+00
-2.189673e-01
1.618671e-01
5.688453e-01
-1.081292e-01
1.156041e-01
7.041722e-01
-2.337204e-01
-2.588637e-01
9.211659e-02
-1.564556e+00
-7.619419e-01
4.845325e-01
-5.161117e+00
-4.762396e-01
-9.500542e-01
-1.355082e+00
-1.159946e-01
-6.210297e-01
1.832858e-01
6.592212e-02
2.829962e-01
8.987319e-01
3.188194e-01
6.360690e-02
3.985622e-01
1.092730e-01
3.067791e-01
3.739048e-01
-9.120091e-01
-1.642706e+00
-1.627669e+00
-6.507806e-01
2.486799e-01
-2.306336e+00
-2.408783e+00
-2.527963e-01
-1.757520e+00
-3.610190e+00
-3.280749e+00
1.336284e+00
-2.044373e+00
-5.005628e-01
-8.038628e-01
9.243394e-01
2.534317e+00
9.588849e-02
-1.846741e+00
-5.232213e+00
-2.613376e-01
-1.127264e+00
4.198331e-01
5.438917e-02
4.087158e-01
-2.290493e+00
-6.115568e-01
9.271333e-01
-1.677632e+00
-6.070251e-01
-3.252552e-01
-3.295412e+00
8.156486e-01
-2.153082e+00
-7.792134e+00
-2.990402e+00
3.693381e-01
-3.013266e-01
-1.953172e-01
-5.697811e-01
3.611509e-01
4.399083e-01
-3.748695e+00
-5.158660e+00
8.746378e-01
-1.648501e+00
-3.626068e-01
-1.792083e-01
-5.336022e+00
-1.227103e+00
-5.234009e+00
-1.368145e+00
3.208398e-01
-4.533774e-02
3.938578e-01
-4.222202e+00
-3.214304e-01
-5.573183e-01
6.246554e-01
-6.758210e-01
-1.072585e+00
-2.135458e-01
1.285433e-01
6.052283e-01
3.017125e-01
4.217058e-02
-3.691218e-02
-1.356164e-01
8.228185e-02
3.430789e-02
-1.033670e-02
5.287285e-01
-1.362300e+00
-8.222769e+00
-3.428311e-01
-1.174524e-01
-4.252010e+00
-5.379817e-01
8.286301e-01
-2.167912e+00
-6.767643e-01
-1.322122e+00
-1.659734e+00
5.516943e-01
1.928931e-01
-1.195420e+00
8.975911e-02
1.846893e-01
2.702557e+00
-3.359246e-01
-5.872071e-03
1.049939e-01
-2.200380e-01
1.861371e-01
3.451085e-01
-6.959096e-01
-2.840495e-01
-5.780428e-01
-1.688488e+00
-1.802263e+00
7.401079e-01
-2.708711e+00
-1.049900e+00
-1.371832e+00
-1.318110e+00
2.415640e-01
-7.112412e-02
-3.801576e+00
-5.938005e+00
-4.705307e+00
6.221263e-01
-1.344529e+00
4.297685e-01
-1.423520e+00
1.201376e-01
4.589660e-01
-2.000466e+00
-1.862489e+00
-6.101363e+00
-2.158697e-01
1.129989e+00
-2.380564e+00
-8.599765e-02
-8.339463e-01
1.934647e-01
4.443066e-01
-1.028507e+00
-3.398711e-01
-1.622572e+00
-3.695166e+00
-6.236483e+00
-2.491931e-01
-1.613989e+00
1.427459e+00
-6.212169e+00
-5.148946e+00
1.461064e+00
-8.632908e+00
-6.853689e+00
-5.779357e+00
-1.898115e+00
-1.366734e+00
6.991819e-01
1.677001e+00
-1.132832e+00
-5.328071e-01
-1.787092e+00
-3.388215e+00
-1.962293e+00
-1.541076e-01
1.644213e-01
6.528922e-01
3.765310e-01
8.382067e-01
-4.103237e-01
6.498461e-01
8.333800e-01
6.948878e-01
-2.222049e-01
-2.400719e-01
5.421860e-02
2.289697e-01
2.828695e-01
2.856619e-01
2.935938e-01
6.657630e-01
-2.237203e-02
-8.786631e-02
-9.245931e-02
-1.587457e-01
-3.459031e+00
-1.396313e-01
8.295723e-01
-9.318096e+00
-4.060365e+00
1.636495e-02
-4.299305e+00
9.139398e-01
8.326123e-02
-2.470225e+00
-2.564157e+00
3.806390e-01
9.823014e-01
-1.600006e+00
-2.341983e+00
2.195170e-01
-2.879530e+00
-9.414148e-01
-3.630304e+00
-5.151931e+00
-3.765203e+00
7.247191e-01
-2.945581e+00
-3.365658e+00
-4.809994e-01
1.356813e+00
8.897861e-01
-9.650760e-01
5.340736e-01
-6.555628e-01
-4.413413e+00
-1.062537e+00
-1.148641e-01
-1.544931e-01
-5.287963e-02
3.571798e-01
2.628758e-02
7.833201e-02
2.236887e-01
6.008917e-01
4.149436e-01
5.883429e-01
3.625009e-01
4.170294e-01
1.490442e-01
4.281280e-01
4.800328e-01
-5.030457e-01
4.827602e-01
1.821932e-02
-1.350352e+00
5.005525e-01
2.608105e-01
-9.334526e-01
-3.672333e+00
-6.357151e-01
-3.137399e-02
-5.805073e+00
1.521323e-02
5.884548e-01
-6.242171e+00
-1.815561e-01
-4.920874e-01
-7.797399e-01
4.694822e-01
1.386247e-01
-3.192333e+00
-4.088198e+00
-1.088483e+00
-1.072379e+00
-6.462423e-01
6.261357e-01
-9.532339e-01
1.054011e+00
-4.367423e-01
-2.782614e+00
-2.532117e+00
-4.166431e-01
8.823615e-01
-3.337929e+00
-9.857218e-01
3.468481e-01
7.654909e-01
-9.802001e-01
-1.130469e-01
2.409975e-01
-7.404028e-01
1.339405e+00
9.088745e-01
6.632672e-02
-1.860863e+00
1.147750e+00
-6.710448e+00
-3.152887e+00
-8.071558e-01
-7.519085e-01
-4.070289e-01
-2.203705e+00
1.068433e+00
-6.678395e+00
-4.663862e-01
-2.704416e+00
-2.627595e+00
-1.970844e+00
1.299754e+00
-5.952624e-01
2.418910e-01
-9.586953e-01
3.134900e-01
-1.656617e+00
-1.027528e+00
-6.513046e+00
-2.746641e+00
6.417094e-01
-2.729395e-01
1.116044e+00
-6.794266e-02
-9.729379e-01
-1.009378e+00
3.894890e-01
8.877152e-01
-3.890174e+00
-3.766246e+00
-3.417881e+00
-2.496983e-02
6.453375e-01
-2.301237e+00
-4.969944e-01
8.203819e-01
-2.051796e+00
-6.519313e-02
-7.569905e-02
-7.194890e+00
-6.555337e-01
-1.370160e+00
-2.149805e+00
-1.477133e+00
2.768182e-01
-7.328118e+00
-1.345953e+00
-1.422396e-01
-1.725121e+00
-9.038436e-01
1.725362e-01
6.005992e-01
3.373769e-01
-2.112497e-01
7.226945e-01
5.909833e-02
-3.376150e-01
5.963982e-01
1.528081e-01
4.114832e-01
6.123421e-03
-1.016951e-01
-1.108615e-01
1.408563e-01
1.424219e-01
1.839599e-01
5.327100e-01
6.950352e-01
-1.247281e-02
