9.957328e-01
-1.438859e+00
-3.928195e+00
-1.518187e+00
-8.263674e-01
-1.463656e+00
-9.082218e-01
4.168941e-01
-7.649973e-01
1.358114e+00
-4.870500e+00
-6.762321e+00
-2.591252e+00
6.888720e-01
-8.784443e-01
3.572234e-01
-6.275119e-01
-2.121884e-01
6.576460e-01
-7.310198e-02
-3.085716e-02
1.887782e-01
-2.278301e-01
-2.103859e-01
1.067663e-01
-4.985731e-02
2.171997e-01
-2.198026e+00
3.249319e-01
-5.341415e+00
8.210676e-01
3.180194e-01
-3.314417e+00
-2.029177e-01
-9.949739e-01
-1.547549e+00
-3.800325e+00
-4.422816e+00
-3.311261e+00
-1.282915e+00
-5.707875e-01
5.009165e-01
5.777428e-01
-1.181968e+00
2.796704e-01
-6.522940e-01
-2.371869e+00
-2.634307e+00
-3.454559e-01
-2.182341e-01
5.344591e-01
-2.987661e-01
-3.214956e-02
-6.323278e-03
6.514149e-01
-4.282601e-01
-1.541637e-01
2.996445e-01
-8.905818e-01
-4.241981e-02
1.152758e-01
-3.321778e-01
3.841472e-01
1.040979e+00
-1.575776e+00
-8.823875e-01
-2.014791e-01
-6.625974e-01
4.618191e-01
-5.307781e-01
-2.619919e+00
-8.608204e+00
-2.898941e+00
-3.801626e+00
-3.861400e+00
-5.418093e-02
-3.606647e-01
2.541063e-01
2.113132e-01
5.701143e-01
-6.352232e-01
-8.291771e-01
1.945959e+00
-2.812399e+00
-4.555857e-01
-3.692757e+00
-1.168882e+00
-8.004358e+00
-4.925369e+00
1.162279e+00
-9.573248e+00
-1.057204e+01
-9.675088e+00
-1.539993e+00
-3.378986e+00
-4.801698e+00
2.717296e-01
9.260044e-01
-2.625324e-01
8.454906e-01
-3.557985e+00
-2.742112e+00
-2.033001e+00
-3.165117e+00
2.275759e+00
-1.859959e+00
-2.686227e+00
-6.806205e-01
3.523679e-01
-6.831921e-01
3.821314e-02
2.533604e-01
-7.935634e-01
2.667215e-01
-2.153616e-01
-9.629207e-01
5.324380e-01
5.218696e-01
-2.088265e+00
-3.155137e+00
-3.676729e-01
8.659788e-01
-4.517671e+00
-1.470323e+00
-1.912415e-01
4.753631e-01
-7.053366e-01
-9.334341e-01
8.998355e-01
-1.838047e+00
-9.083028e-01
-3.246594e-01
-5.609744e+00
-3.780106e+00
3.481913e-01
-5.766463e-01
3.940371e-01
-4.290996e+00
5.857615e-01
-1.955646e+00
-4.972778e+00
4.262885e-01
-2.869173e+00
-5.705847e+00
-2.959720e-01
5.686938e-01
-3.758143e-01
-1.732658e-01
2.596709e-01
-1.734097e-01
1.018054e-01
2.155873e-01
-1.017438e-01
1.431784e-01
2.035854e+00
-1.490066e+00
-7.971300e-01
-3.356149e+00
-6.155478e+00
-1.677968e+00
-3.467476e+00
-4.584251e+00
-2.533248e+00
-4.017377e+00
-4.534769e+00
6.794077e-01
-3.804694e-01
-1.542398e+00
-1.351377e-01
1.438816e-01
1.383796e-01
-5.267865e+00
7.190762e-01
-1.438082e+00
-9.092998e-02
-1.133266e-02
-9.412421e-02
3.511982e-01
-7.459575e-01
7.156000e-02
5.859948e-01
-3.144061e+00
-7.990555e+00
2.105393e-01
2.306586e-01
-2.170450e+00
-3.746000e-01
1.872246e-01
7.730820e-01
-2.852630e+00
-5.448887e-02
-4.403228e-01
-3.265540e+00
2.782451e-01
1.025516e-02
-6.020462e+00
-3.029215e+00
3.649662e-01
-4.586728e+00
6.154705e-01
-4.269382e-01
8.377256e-01
-1.894281e-01
-7.668136e-01
-2.511353e+00
-1.184056e+00
6.612870e-01
-7.003995e-01
-3.145842e-01
-5.701658e-01
1.462613e-01
4.204960e-01
3.478345e-01
-4.604954e-01
-2.111644e-01
9.391015e-02
-1.069422e+00
-2.237822e+00
-3.071190e+00
-8.154134e-02
1.314903e+00
-8.697534e-01
-2.977597e+00
-3.890844e-01
-3.262118e+00
5.976585e-01
-2.332700e+00
-1.305519e+00
-2.925103e-01
1.365649e+00
-2.237530e+00
-1.441255e+00
-1.277624e+00
-7.868184e+00
1.871925e-01
-1.394459e+00
3.643220e-01
3.599472e-01
-2.418942e+00
-6.001815e-01
-3.335198e+00
-2.616298e+00
-9.920303e-01
-1.340551e+00
-3.840683e+00
-1.308923e+00
-4.789412e-01
-1.125051e+00
-3.632951e-02
-3.607842e-01
-3.143984e-01
4.222822e-01
5.286672e-01
-3.173351e+00
-6.272204e+00
7.719204e-01
-2.247277e+00
-1.201003e+00
-2.630941e+00
1.155003e+00
-3.487396e-01
-3.243106e+00
-3.334712e+00
6.007398e-01
1.425029e-01
2.514944e-01
-1.801063e-01
-2.011060e+00
4.719555e-01
-8.160498e-01
-5.577278e-01
-2.839859e+00
-1.973899e+00
7.184019e-02
-2.771210e+00
-3.377459e-01
-3.769817e-01
-1.090683e+00
4.180625e-01
-4.806744e-01
1.345581e+00
-1.856191e+00
-3.116141e+00
-1.659567e+00
-1.820278e+00
-2.492989e-01
2.944517e-01
-6.588812e-01
-7.182536e-01
2.757237e-01
-1.571413e-01
-3.722544e+00
-5.789206e-01
-8.135189e-02
-2.279163e+00
3.869305e-01
-3.184556e-01
-2.385451e+00
-3.920818e+00
-1.482985e+00
8.822199e-01
-1.718124e+00
-5.110555e-01
-6.459197e-01
6.336054e-01
-1.995941e+00
2.902965e-02
6.306347e-01
2.015305e-01
-9.367729e-02
7.267915e-02
8.128403e-03
1.188083e-02
4.312297e-02
6.972121e-02
1.107612e+00
4.855146e-01
-3.444142e+00
-1.765760e+00
1.364064e-01
-1.066373e+00
-3.511697e+00
-3.770601e+00
-4.005569e+00
9.753395e-01
-7.287237e-01
-2.616765e-01
-1.014329e+00
-4.261656e+00
-2.350652e+00
-1.099259e+00
-4.092535e-01
-5.050823e+00
6.726360e-01
-9.963587e-01
2.453732e-01
-6.222501e+00
-2.366882e-02
-9.998719e-01
-2.582054e+00
1.014084e+00
-4.674253e-01
-9.869484e-01
8.108304e-01
-3.701022e-01
5.002702e-01
-1.505436e+00
5.699555e-01
-7.927304e+00
-4.308420e+00
-1.499454e+00
-5.122775e+00
-8.247549e+00
-5.879740e+00
9.576752e-01
-8.009477e-01
3.637766e-01
5.900160e-01
-2.033543e-01
-1.499545e+00
-3.501133e-01
-7.228935e-01
4.361493e-01
-9.830621e-01
-3.510958e+00
-4.831457e-01
-4.096522e-02
-6.516328e+00
-1.046397e+00
2.277281e-01
8.929578e-02
-3.073567e+00
-2.549300e-01
1.038614e-01
-4.418575e+00
-2.847965e+00
1.984179e-03
-3.677809e+00
3.599751e-01
-4.298552e-01
-6.439794e+00
4.275193e-01
-1.157105e-01
-3.830845e-01
-6.889560e-01
-1.598386e-01
3.967511e-01
8.074181e-02
-2.054066e+00
2.803449e-01
-1.482714e+00
9.880456e-01
1.198711e-01
-6.842851e+00
-1.110371e+00
-1.719375e+00
-8.790216e+00
-9.441746e+00
-2.916105e+00
-1.179299e+00
-2.226470e+00
1.546530e+00
-4.459816e+00
-2.210184e+00
-8.539655e-01
5.066343e-01
-1.315055e-01
-4.210027e+00
-6.762466e-01
8.117718e-01
-4.652057e+00
-1.313433e+00
5.665965e-02
-4.570483e+00
-9.253536e-01
-4.317229e-01
-6.544229e+00
-4.300654e-01
3.473358e-01
-4.671340e+00
-1.552718e-01
-7.452579e-01
-1.031045e+00
-3.945930e+00
-2.935218e+00
-1.326156e+00
-1.370171e+00
1.045919e+00
-1.688346e-01
-7.679027e-01
5.749580e-02
-5.079650e-01
-6.426387e+00
-3.754689e+00
3.977075e-01
-4.206545e+00
-3.204698e-01
-3.224762e-02
-2.140118e+00
-7.985575e-01
1.630109e+00
-1.158434e+00
-3.639735e-01
1.835573e-01
-9.371892e-01
-2.362582e-01
8.127627e-01
4.084150e-01
5.538440e-01
8.228482e-01
-2.393899e+00
-1.626684e+00
1.241192e-01
-4.387227e+00
1.008439e-01
-1.870302e-02
-3.939111e+00
-6.368042e-01
6.232732e-02
1.224947e+00
-7.917117e-01
-5.751429e-01
-2.861694e+00
-4.405147e+00
6.875204e-01
-1.368216e+00
8.016806e-01
-1.063642e+00
-1.636171e+00
-2.113648e+00
-7.526268e+00
-4.828709e-01
1.087780e+00
-6.603249e+00
-1.023926e-01
4.207002e-02
-5.203483e-01
3.633316e-01
-2.638339e-01
1.047859e-01
6.367363e-01
1.857890e-01
1.611354e-01
2.040797e-01
-1.522919e-01
1.669617e-01
6.332818e-02
-2.915809e+00
-2.515647e+00
2.097857e+00
-3.603309e+00
-1.917933e+00
-4.052967e-01
-7.451468e+00
-3.568442e+00
-2.187575e-01
-2.552479e-01
-3.405217e-01
-1.241374e-01
-4.258862e-01
-3.183797e-01
3.498756e-01
4.610190e-01
5.270193e-01
-4.326435e-02
3.572367e-01
-1.333890e-01
-9.461792e-01
-1.850169e+00
1.237547e+00
-3.887517e+00
-5.354896e-01
-1.860516e+00
-5.829529e+00
-2.224930e+00
-3.803431e+00
-2.222365e+00
-8.735892e-01
5.333193e-01
-1.315047e+00
1.459679e+00
-1.486316e+00
-4.912116e+00
-2.312861e-01
4.561048e-02
-6.859457e+00
-1.094252e-01
-4.249017e-02
-4.977924e+00
-5.682493e-01
-7.966127e-03
9.599986e-01
-3.746965e-01
-7.469444e-01
-1.251757e+00
-8.819003e-02
1.395768e+00
-5.865143e+00
-1.012031e+00
-1.891778e+00
9.332443e-01
-1.426245e+00
-4.108285e+00
-1.036001e+00
-2.522737e-01
-3.782003e+00
-6.042166e-01
7.253765e-01
-5.443431e-01
-1.560840e+00
-3.445583e+00
1.314501e+00
2.358770e-01
-2.602347e+00
-6.190058e-02
4.212664e-01
-1.662489e+00
-1.656243e+00
-4.701140e-01
-3.499298e+00
-2.470979e+00
5.478756e-01
-1.616932e-01
-3.000463e+00
-2.116441e+00
-1.088052e+00
-3.700033e+00
-2.220250e+00
8.314009e-01
-2.170162e-01
-5.308564e+00
-2.573812e+00
-1.369507e+00
-2.631159e+00
5.166829e-01
5.011754e-01
-6.110056e+00
-2.449217e+00
6.030491e-01
-5.333763e+00
-2.227242e+00
-2.712891e-01
-2.682712e+00
-1.682513e+00
3.421767e-01
9.986885e-01
-1.031300e+00
-3.903194e+00
-1.520455e+00
8.474257e-01
-1.961140e+00
1.143994e-02
-8.201835e-01
4.413716e-01
2.057219e-01
-4.335617e+00
-3.723137e+00
4.686678e-01
-6.597479e-01
6.529494e-01
-4.302886e-01
-2.690356e-01
6.526612e-02
-1.159200e+00
-1.434994e+00
3.357266e-01
-2.353803e+00
1.056383e+00
-5.329531e-01
7.149485e-01
-5.363063e+00
-9.018474e-02
3.073025e-01
-1.555260e+00
3.469988e-01
4.618222e-01
-2.971570e+00
-2.971968e+00
-3.709484e-01
-2.591057e+00
5.211604e-01
-3.597306e+00
-1.445818e+00
-1.019260e-01
-9.740499e+00
-4.275302e+00
1.441855e+00
-9.246326e+00
-4.137396e+00
1.331158e+00
1.501416e-01
-2.058429e-02
2.990022e-01
1.267422e-01
-8.747661e-02
1.399753e-01
-9.763107e-02
2.164022e-01
8.975188e-01
-3.045258e-01
7.680815e-01
-4.924804e-01
9.397072e-01
-1.052562e+00
-1.974375e+00
-1.149273e+00
-5.533650e+00
-2.155657e+00
-3.356520e-01
-8.896540e+00
-4.803316e+00
1.091360e+00
-8.857238e-01
-1.745006e+00
-3.106001e+00
1.935811e+00
-7.385343e-01
-1.508838e+00
-2.999886e-01
-2.550451e-01
2.528606e-01
1.080340e+00
3.965528e-01
4.734424e-01
7.893269e-01
1.294014e-01
-2.635985e-01
3.069968e-01
-1.184693e+00
-1.235195e-01
1.791576e-01
-5.381349e+00
-2.372828e-01
-2.858666e-01
-2.531447e+00
6.562015e-01
3.213049e-01
5.151330e-01
8.824310e-02
-5.495241e-01
2.088553e-01
-4.986306e-02
1.912042e-01
1.492876e-01
-1.651297e-01
-1.700473e-01
4.167012e-02
-2.622891e-01
-4.205626e-03
3.388479e-01
-3.901822e-01
-1.158728e-01
2.247742e-01
-6.536326e+00
2.995040e-01
-1.003191e+00
-2.869184e+00
-2.361446e-01
7.382602e-01
-4.077037e+00
-5.073136e-02
-9.169025e-01
8.675095e-01
-1.730818e+00
5.351673e-01
-1.574615e+00
1.708709e+00
-3.070707e-01
-3.037102e+00
-2.932142e+00
-2.395657e+00
-3.246864e-02
4.110509e-01
-7.615614e-01
-8.323776e-01
4.326675e-01
-1.908370e+00
-3.705044e-01
-1.262693e+00
-7.748769e+00
-1.551268e+00
-1.782341e+00
-5.930525e+00
1.497483e-01
-8.781276e-02
-4.879307e+00
7.849017e-01
-2.402059e+00
-4.182030e+00
-5.142025e+00
-4.864449e-01
7.668142e-02
-9.084496e-01
-1.445885e+00
-3.183811e-01
5.012041e-01
-3.269728e+00
-2.306972e-01
-5.613779e-01
2.366750e-03
3.282058e-02
1.044326e+00
-2.291438e+00
-4.909522e+00
-2.418998e-01
-1.565971e+00
-1.180698e+00
-1.181898e+00
-2.343313e+00
-1.305641e+00
-1.375871e-01
-4.073255e+00
-1.768548e+00
1.835601e-01
-1.932892e+00
1.181190e+00
2.308436e-01
-1.091364e-01
5.553701e-01
1.987613e-01
4.099201e-01
1.154158e+00
1.589186e-01
2.559099e-01
6.622683e-01
-6.151968e-01
4.788544e-01
-5.331957e-01
-2.262708e+00
3.629165e-01
9.083008e-01
-5.367137e+00
-3.887352e+00
7.799824e-02
-1.015065e+00
-8.440426e-01
-2.451181e-01
1.625203e-01
1.420367e+00
5.902622e-02
9.926307e-01
1.317944e+00
6.540180e-01
-5.260617e-01
4.282419e-01
-4.927852e+00
9.079876e-01
-8.278652e-01
-4.055253e+00
-4.857155e-01
-1.548471e-01
-2.639315e-01
-2.109101e+00
5.464346e-01
-7.645128e-01
4.985583e-01
-9.696197e-01
-1.154772e+00
-9.903315e-02
-1.807083e+00
-2.668713e+00
-3.597359e+00
-2.347582e-01
3.100293e-01
-5.410885e+00
-2.890034e-01
-2.083873e+00
-2.376680e+00
2.168375e-02
-6.744074e-01
-3.601142e+00
-2.190735e-01
1.931216e-01
-4.721251e+00
-1.211580e-01
-5.368749e-01
-3.004265e-01
-3.619635e-01
-5.446573e-01
-2.262902e-02
-5.169010e-01
3.284520e-01
-1.255678e-01
-2.897275e-01
2.264068e-01
-3.565506e-01
-4.173773e-01
2.709583e-02
1.145379e+00
-1.575651e+00
-2.255861e+00
-1.220476e+00
5.314921e-01
8.180449e-01
-8.582326e+00
-3.229352e+00
-2.835555e+00
-4.857824e+00
-9.623232e-01
-2.556920e+00
2.384313e-01
2.716275e-01
-7.606358e-01
-2.151721e+00
-2.684261e-01
6.804395e-01
-7.377666e+00
-2.380949e-01
-5.768601e-01
-1.218383e+00
8.129006e-02
-8.461018e-01
-1.139688e+00
-2.232270e+00
7.591009e-01
-7.609617e+00
-6.489558e+00
-2.599700e+00
-8.419585e-01
-8.669856e-01
-3.482006e-01
1.860886e-01
6.754164e-01
-1.295752e+00
-5.530121e+00
-1.701768e+00
1.223999e+00
-6.930578e-01
3.987876e-01
-8.829098e-01
2.562308e-01
-3.134645e-01
-1.867255e+00
-2.223944e+00
-5.051221e+00
-1.175674e+00
6.095651e-01
-2.076955e+00
-2.883039e-02
-1.110912e+00
-1.791566e-01
2.392824e-01
1.695432e-01
1.152912e-01
3.252410e-01
1.248813e-01
-4.427651e-02
3.329173e-02
2.730075e-01
5.473073e-01
3.914883e-01
2.356316e-01
2.916640e-01
6.567710e-01
6.903940e-01
1.625057e+00
1.478311e+00
-9.067093e-01
-5.321607e-01
2.802054e-01
-4.530378e+00
-2.501856e+00
-1.532523e+00
-5.379977e+00
-1.570994e+00
1.391196e+00
1.107612e+00
-2.525624e-01
-1.827283e+00
1.288976e-01
-1.990679e+00
6.649824e-01
1.695972e-01
1.487049e+00
-3.657974e-01
-4.227481e+00
-6.670464e+00
-3.903757e+00
1.285466e+00
1.670935e-01
8.304836e-01
1.233530e+00
-5.916470e-01
-8.587574e-02
4.857243e-01
-7.356387e-02
2.286556e-01
-4.048581e-01
-4.659779e-02
9.000786e-02
-2.091017e-02
7.439350e-02
1.987955e-02
8.133713e-02
-3.228621e-02
-8.970928e-02
3.616482e-02
1.188783e+00
-8.065620e+00
-1.831770e+00
-7.080233e-01
-7.802115e+00
-2.640451e+00
1.122655e-01
-6.604092e-01
-3.396519e-03
3.665533e-01
-1.674197e+00
-3.963035e-01
-5.405811e-01
-3.231994e+00
5.263544e-01
4.402301e-02
-5.430303e+00
2.064017e-01
1.481733e+00
-8.449185e+00
-2.238395e+00
1.919939e-01
-9.276329e+00
1.610965e+00
-6.309298e-01
-5.323041e+00
-2.264316e+00
-2.227597e+00
-6.253498e+00
-2.608486e+00
2.284795e+00
-2.392426e+00
-2.308496e+00
3.139731e-01
4.510466e-01
2.165412e-01
-5.076600e-01
-3.781309e-01
4.103579e-02
8.559228e-01
-2.573351e-01
-2.845150e+00
-9.880048e+00
-3.825575e-01
-4.263575e+00
5.721841e-01
-7.622738e-01
-1.801515e+00
-4.310450e-01
6.386138e-03
2.033300e-01
-8.160141e-01
-1.150949e-02
-2.061111e+00
-3.971625e-01
7.155812e-01
-5.298133e-01
-1.642035e+00
4.206726e-01
-6.848703e+00
2.448483e-02
-1.403519e+00
-1.003523e+01
-7.763040e+00
-1.269718e+01
-3.500138e+00
-3.287667e+00
-1.641251e+00
2.315099e-01
3.572883e-01
-1.337420e-01
-2.539979e-01
-1.002498e-01
-4.072793e-01
7.964919e-01
9.730704e-02
-8.141789e-01
-1.941860e+00
-1.892366e+00
-4.547094e+00
1.331762e+00
-6.473956e+00
-2.585033e-01
-1.738931e+00
-4.693084e+00
1.804055e+00
-7.533330e+00
-8.677153e+00
-1.597456e+00
6.427459e-02
1.548351e-01
-1.283958e-01
2.608244e-01
1.023365e-01
-2.717482e-01
1.138787e-01
-1.337551e-02
-2.359296e-01
-7.943719e+00
-5.067945e+00
-3.852829e+00
-1.506508e+00
5.015495e-01
-7.974137e-02
-5.952391e-01
1.626980e-01
-1.693083e+00
-8.775611e-01
-1.809931e-01
-2.020716e-01
-1.243918e+00
1.001908e+00
-6.235287e-01
-5.392740e+00
-2.839006e+00
-4.708610e-01
-9.911960e-01
2.952324e-01
-9.603871e-01
-1.264593e+00
6.887609e-01
1.041723e+00
-3.691976e+00
-5.047788e+00
-5.164918e-01
-4.670357e-01
1.622573e+00
-3.078244e+00
6.611725e-01
-1.235728e+00
-5.019281e+00
1.604849e-01
-7.086505e-01
-1.167931e+00
-5.293453e-02
8.376960e-01
8.362728e-03
2.708390e-02
9.540651e-01
9.946272e-02
-3.911018e-02
2.807403e-01
-7.372055e-01
-6.929023e+00
-4.670250e+00
-2.013014e-01
-1.848898e+00
1.261732e+00
2.215888e-01
-1.289785e-01
-5.414287e-01
-6.257579e-02
-2.620719e+00
-4.456739e-01
-3.206495e+00
9.165283e-01
-3.717661e-01
-4.851512e+00
-4.455998e-03
2.822118e-01
-2.112937e+00
-7.883580e-01
-7.201144e-01
-4.456493e-01
-1.729120e-01
5.385798e-01
4.370159e-01
5.050564e-01
6.863418e-01
8.395756e-01
-1.165574e+00
1.190121e+00
-9.285091e-01
1.256509e+00
-2.160076e+00
5.797329e-01
-3.329931e+00
-6.557328e+00
-1.223189e+00
3.779975e-01
4.932693e-01
-5.650710e-01
-2.047931e+00
-1.389265e+00
-1.822001e+00
6.160327e-01
-8.127837e-01
-2.834514e+00
7.562559e-01
7.295329e-01
-5.082917e+00
-4.253399e-01
-1.135676e+00
-5.573874e+00
1.441466e-01
-5.071747e-02
-3.215674e+00
-1.260657e+00
-1.176788e+00
-5.974768e-01
2.696258e-01
9.080933e-01
3.154668e-01
4.347172e-01
9.652163e-01
2.041832e-01
-1.629555e+00
-4.570139e-02
-2.796774e+00
4.965575e-01
1.934798e+00
-3.443183e+00
-1.538587e+00
-1.311579e+00
-4.762832e+00
