-1.395276e-01
1.180615e+00
-1.487471e+00
4.188237e-01
-1.095221e+00
-5.948680e+00
-6.327478e-01
1.027938e+00
-1.809920e+00
-1.209912e+00
1.610614e+00
-1.835591e+00
9.578593e-01
-1.693305e+00
-9.699203e-01
-1.233166e+00
-1.585676e+00
-4.246236e+00
-2.336234e+00
-2.704469e+00
1.532271e+00
-3.843976e-01
6.504215e-01
-2.568661e+00
-2.109484e-01
-2.969391e-01
-2.791159e+00
2.019512e-01
4.171697e-01
-8.190765e-01
2.459494e-01
-1.194903e+00
7.347333e-01
-2.834270e+00
-8.946351e-01
-4.923468e-02
-3.204420e+00
-1.430765e+00
-4.143632e+00
-1.044648e+00
3.268540e-03
-2.291079e+00
1.145444e+00
1.359723e-03
-1.857614e+00
-4.769643e-01
-1.777136e-01
-1.938800e-02
7.104089e-02
2.316700e-01
3.499297e-01
3.220623e-01
7.589499e-01
2.322211e-01
-8.666048e-03
5.230254e-03
7.532931e-03
-2.514206e-03
6.172711e-03
3.671006e-03
-1.504465e-03
3.727511e-05
1.122709e-03
7.473010e-01
-2.866733e+00
-5.032273e+00
3.952111e-01
-1.087220e+00
-3.776814e+00
-6.869022e-01
4.342608e-01
1.116873e+00
-1.699045e-01
-1.316814e-01
-2.796673e-01
-1.292386e-02
1.288307e-01
-1.678712e-01
1.891746e-01
2.300588e-01
2.453487e-02
-2.223881e+00
-3.185419e+00
5.104247e-01
-3.206607e-01
-2.911459e+00
2.810498e+00
-6.216555e+00
-6.843706e+00
-1.331385e+00
9.780347e-01
-8.693767e-01
-2.159525e+00
7.362388e-01
-3.513975e-01
-8.233749e-01
2.136780e-02
-6.258872e-01
-8.328419e-01
-8.110130e-01
1.465560e+00
-2.217696e+00
-1.631134e-01
-1.534808e+00
-1.403742e+00
2.640741e-01
-1.051746e+00
-2.174600e+00
-6.037200e-02
6.042877e-01
-5.862782e-01
-2.463541e+00
-9.509388e-01
1.249190e+00
-4.256979e-01
-3.468717e+00
-2.746638e+00
-9.116479e-01
4.980568e-01
-1.147096e-01
-4.716451e-02
-1.124703e+00
-2.018939e+00
-2.085587e-01
1.312482e+00
-4.054059e+00
-4.529653e-03
3.426435e-01
1.954166e-01
3.199288e-01
1.924301e+00
1.139549e-01
1.686481e-02
1.680446e-01
-9.481471e-02
-4.221734e-01
-2.035319e+00
-5.804610e+00
7.263039e-01
-3.085923e-01
-3.863641e+00
-4.202643e-01
3.891554e-01
-3.427578e+00
-9.855031e-02
9.143973e-02
-6.531834e-02
4.552806e-01
5.465408e-01
1.880516e-01
4.013421e-01
4.457021e-01
2.566750e-02
-3.627365e-01
-7.760758e-01
-1.021224e-01
3.433399e-01
-5.746333e+00
5.954304e-01
7.365633e-01
-8.540917e+00
-1.779836e+00
-1.074755e+00
-1.004209e+00
1.150997e+00
-2.506317e+00
-4.454806e+00
-7.070440e-01
-5.475580e-01
-3.983165e-01
-1.136516e+00
-5.038244e-01
2.351924e-01
-4.518511e+00
-5.744404e-01
1.251352e+00
-6.504144e+00
5.922564e-01
-3.003467e+00
-4.550172e+00
-1.396125e+00
7.662205e-01
-8.708300e-02
4.330602e-02
-7.145264e-01
4.983447e-01
-1.735862e+00
-2.972000e+00
-4.543157e+00
-8.887444e-02
-1.962832e-02
5.912499e-02
-5.799989e-02
3.622035e-02
9.171874e-02
-6.560670e-02
-1.499215e-02
-1.356495e-03
4.357461e-01
-3.310928e-02
-1.440743e+00
-6.897446e-01
-1.767112e+00
-3.491954e+00
3.238675e-01
-4.616052e-01
-2.502135e+00
-1.626221e-02
-3.891220e-01
-1.574724e+00
6.659866e-02
7.646615e-01
-1.274807e+00
-5.085813e-01
-4.278007e+00
-3.245088e+00
-7.798975e-01
-4.306021e+00
8.997875e-02
-1.587828e+00
-1.599608e+00
-7.640722e-02
3.042243e-01
-3.928277e+00
-5.071232e-01
-2.330860e-01
-1.880727e-01
-2.563689e-01
-9.027115e-02
1.148501e-02
-9.458356e-02
-6.936456e-02
1.914702e-01
-4.844541e-02
-8.524027e-01
-1.677318e+00
-1.654406e+00
-9.652900e-01
-1.863863e+00
-2.225883e+00
7.824271e-03
1.292540e+00
-8.064030e-01
-4.583873e-01
-9.044977e-01
-1.828381e+00
-1.366508e+00
-1.927047e+00
-2.920799e+00
-5.800805e-01
-1.573889e-02
-3.567479e+00
-8.959606e-01
-7.931812e-01
1.164063e+00
2.911042e-01
-3.201316e+00
-1.655001e+00
-1.563209e-01
-9.794157e-01
-1.112287e+00
-7.181069e-02
-8.710995e-01
4.746897e-01
-2.775283e+00
-3.972355e-01
-9.899557e-02
-2.441162e+00
-3.358757e+00
-1.566883e+00
-2.380811e-02
-1.225373e+00
-2.062251e+00
-3.108788e+00
5.844070e-01
1.078965e+00
-3.990697e+00
-1.223979e-01
-7.166139e-01
-6.369442e-02
7.329468e-02
1.087382e-01
-1.874935e-02
-4.682944e-02
1.110464e-01
-5.409769e-02
-2.518232e-03
2.669517e-01
-1.663797e-01
4.438764e-01
-5.696683e+00
-1.540006e-01
-1.100765e+00
-3.874794e+00
1.531980e-01
-1.018558e+00
1.245318e+00
7.596766e-02
-1.297630e+00
8.027808e-01
2.263457e-01
2.338395e-01
-4.330026e+00
-9.708245e-01
6.447700e-01
-4.060142e+00
-2.703855e+00
-4.555262e+00
-3.248573e+00
-8.355306e-01
-1.613627e+00
3.280448e-01
1.393783e-01
8.025159e-01
-4.907128e-01
3.613502e-01
-2.795359e-01
-1.409184e+00
-1.770388e+00
-4.097459e-01
1.740682e-01
-5.752958e+00
-3.423008e+00
2.990438e-01
-2.489476e-01
1.567474e-01
-7.365884e-01
7.894379e-01
-2.041835e+00
-1.136383e-01
2.038156e-01
-4.675577e-01
-2.045782e+00
-2.615778e-01
2.298831e-01
5.109107e-01
-5.309469e+00
-3.024632e+00
-8.618968e-01
-4.247308e+00
-1.610885e+00
1.002439e+00
-3.207139e+00
4.424004e-01
-3.329909e-02
-4.014566e+00
2.154543e-02
-1.376674e+00
6.443508e-01
-1.138572e+00
-2.366534e+00
-3.714802e+00
-5.243017e+00
-1.094605e+00
1.130816e-01
-1.324202e+00
-2.100571e+00
6.951497e-01
-3.300131e-01
-9.477828e-01
-2.781623e+00
-1.903894e+00
4.350680e-01
-2.600916e+00
7.870584e-01
1.288581e-01
-5.907681e-01
8.090962e-01
-1.499582e+00
2.999349e-02
-3.941163e-01
-1.112384e+00
-3.531432e-01
6.414611e-01
-1.232472e+00
-4.097103e-01
-1.617474e-01
-1.073595e+00
-1.825730e-01
-6.122950e+00
-4.080971e+00
-1.350590e+00
-1.176275e+00
1.322135e+00
3.843273e-01
-9.468849e-01
1.248164e+00
-2.355463e+00
-1.757544e+00
-5.649185e+00
-4.535438e-01
3.436556e-01
-2.063153e+00
7.670220e-01
4.080266e-01
1.391506e-02
-1.285537e+00
-4.306126e+00
-2.184253e+00
-3.666154e-01
1.395628e-01
-1.383805e+00
-4.047168e-01
-3.170446e-01
-1.310399e+00
8.046115e-01
-9.307927e-01
-2.062058e+00
-9.765739e-01
-1.839730e+00
-4.268066e+00
7.169771e-01
-1.831081e+00
-1.035191e+00
1.198585e-01
-4.744956e-01
-2.276108e+00
-5.221716e-01
-5.248026e-01
-3.122424e+00
-9.507976e-02
4.012998e-01
-2.579670e+00
-3.014156e+00
-3.365819e+00
-2.805102e+00
9.034122e-01
-1.352173e+00
-4.929965e+00
-3.450454e-01
9.917061e-01
-1.977095e-01
7.398702e-01
-2.616818e+00
-5.410054e+00
-3.926063e-01
-6.871499e-01
2.728989e-01
-1.121016e+00
1.052333e+00
-5.582183e-01
-4.398211e-01
-4.383897e-01
1.038013e+00
1.788809e+00
-4.301428e+00
-5.272904e+00
-8.601130e-01
-7.303145e+00
-9.985654e-01
-9.788964e-01
5.339755e-01
1.515821e-01
2.633700e-01
-1.365736e+00
-5.583451e+00
5.866523e-02
-5.004114e-01
-6.331391e-01
-4.064012e+00
-1.381540e+00
1.257698e-01
-2.980713e+00
-1.667866e+00
2.559747e-01
-1.199937e+00
-3.858529e-01
1.028030e+00
-4.588041e+00
-1.757138e+00
3.582966e-01
-1.564805e+00
-2.290309e+00
-4.312472e-01
-7.987670e-01
-2.213742e+00
2.332995e-01
-4.450497e-01
2.855464e-01
5.774207e-01
2.641919e-01
1.592784e+00
2.601952e-01
1.015955e-01
2.681054e-01
-9.704440e-03
-5.573996e+00
-3.557645e+00
-9.934295e-01
-2.529920e+00
-1.943455e+00
1.819821e+00
-4.095584e+00
-2.506956e+00
9.578028e-01
-4.342518e+00
-2.104883e+00
-2.228094e+00
-1.273132e+00
-3.031286e-02
6.152279e-01
-3.355967e-01
-2.342068e-01
-5.664317e-01
-4.982031e+00
-4.124661e+00
8.113667e-01
1.175082e-01
-1.774975e+00
-6.571694e-01
4.286711e-01
-7.476829e-01
7.276347e-01
-5.204118e+00
1.042039e+00
-7.162679e-01
-4.382506e+00
-6.240964e-01
8.490883e-01
-3.677142e+00
5.237446e-01
-1.353720e+00
5.215422e-01
2.297000e-01
-8.695323e-01
-2.199957e+00
-2.322321e+00
-4.866816e+00
-1.855547e+00
1.422270e+00
-2.553867e-01
5.314348e-01
-4.670178e+00
4.313065e-01
9.599688e-01
-1.726191e+00
5.056223e-01
-2.198942e+00
-5.172001e-01
-4.118968e-01
-5.951248e-01
-5.229312e-01
-7.454528e-01
6.609835e-02
3.154545e-02
1.125938e-01
3.807159e-01
-1.366268e-01
-3.278470e-01
-8.083358e+00
-1.003036e+01
-7.219469e+00
-2.555185e+00
-3.540757e-01
2.458901e+00
1.078273e+00
1.082854e-02
-3.786629e+00
-5.745663e-02
4.357349e-01
2.326256e-01
1.841577e-01
1.257452e+00
6.909285e-02
5.130604e-02
2.998660e-02
7.371267e-02
-2.152214e-05
8.254422e-06
4.072854e-05
-3.450560e-06
1.319861e-04
3.628391e-05
3.059360e-06
2.483023e-05
-3.499795e-05
1.586499e+00
9.960978e-01
1.923884e-01
-5.527347e-01
3.055395e-01
7.467523e-01
-4.916473e-01
-9.221194e-02
5.344815e-01
-4.039376e-01
-1.888642e-01
3.337334e-01
6.522314e-01
3.979554e-01
6.793138e-01
5.166562e-01
-2.146757e-01
5.920424e-01
-6.309422e+00
-4.478212e+00
-4.347344e+00
-9.070737e-01
8.309705e-01
-4.630663e-01
1.262518e+00
-1.606934e+00
2.518307e-01
-2.334136e-01
1.316861e+00
-1.494621e+00
1.514334e-01
-1.653049e+00
-4.635729e+00
-1.757935e-01
-2.817619e+00
-1.466992e+00
-8.136981e-01
3.073385e-01
-1.797169e+00
5.581940e-01
-1.097979e+00
1.644874e-02
-7.305757e-01
7.214076e-02
-4.131765e+00
-6.492627e-01
-3.844248e-01
-3.939336e-01
7.640021e-02
2.470762e-01
9.399150e-02
-2.091294e-01
3.091356e-02
-4.600294e-01
5.115398e-02
-2.176726e-01
-3.823206e-01
1.490300e-01
-1.624702e-01
-2.275479e-01
-6.480240e-03
-1.433098e-02
-6.500322e-02
-2.369100e-01
-2.004339e-01
-9.377007e-02
-4.359766e-02
1.019127e-02
-2.257848e-02
-6.910533e-03
2.424538e-01
8.118873e-02
-1.506286e+00
7.269646e-01
2.486119e-01
-1.484782e+00
-2.419265e+00
-4.103748e+00
-7.028845e-01
-3.962761e+00
-3.577328e+00
-5.793037e-01
-1.252260e-01
-2.049245e-02
-2.076095e-01
1.284230e-01
9.583423e-02
-5.674477e-03
4.896402e-02
-7.133337e-02
2.108816e-01
-2.357644e-01
9.734680e-02
-2.440309e+00
-5.619186e+00
-7.436055e-01
2.393481e-01
-3.105528e+00
6.221907e-01
-6.683294e-01
5.154330e-01
-2.384286e-02
-8.648985e-01
1.205552e+00
-9.155341e-01
-5.395469e-01
-1.248559e+00
-4.506818e+00
5.794838e-01
-6.256207e-01
-3.257147e+00
2.847894e-02
6.837499e-01
-1.781761e+00
-4.927002e+00
7.637424e-02
1.690379e-01
-9.452671e-01
-5.173597e+00
-4.495680e+00
9.370946e-01
-6.842289e-01
-1.705445e+00
-6.828321e-01
4.259425e-01
-9.114753e-02
-1.320369e-01
1.327090e+00
2.926111e-01
3.284724e-01
3.307093e-01
-1.334328e-01
-1.424775e-01
-2.446479e-01
-3.749839e-01
6.111913e-01
-9.134241e-01
5.172611e-01
-9.672947e-02
1.832661e-01
-5.231611e-01
-2.271789e+00
-4.684351e+00
5.004177e-02
-2.886040e-01
1.016509e-01
1.706983e-01
1.412226e-01
-2.421057e+00
-4.605472e+00
2.858688e-01
-5.422912e-01
-1.812183e+00
-5.979000e-01
-2.543158e-01
-2.112473e-01
-1.706671e-01
3.008632e-01
4.833583e-01
3.059734e-01
7.584639e-01
4.898051e-01
-6.893135e-01
-7.997226e-01
6.531745e-01
-1.015104e-02
-3.546220e+00
1.306659e-01
1.818802e-01
-2.741784e+00
-1.062307e+00
1.485787e-01
-4.405421e+00
-4.109857e-01
-4.586935e+00
-3.102238e+00
-1.137152e+00
-2.211274e+00
1.073309e+00
4.098119e-01
-6.329390e-01
8.439928e-01
-1.770683e+00
-4.341136e-01
-4.565672e-01
-2.040993e+00
-1.480945e-01
-3.084542e+00
-3.066403e+00
-2.183625e+00
-1.612653e-02
6.017075e-01
-4.007685e+00
-1.796253e+00
-2.403829e-01
-5.318191e+00
-1.664779e+00
-9.982009e-01
-8.502055e-01
-3.080167e-01
1.262492e+00
7.497654e-01
-2.911834e+00
8.576469e-01
8.791549e-01
-3.682751e+00
-2.202181e+00
-7.855624e-02
2.269229e-01
1.150420e-01
3.987228e-02
2.673627e-01
3.410165e-02
3.242700e-03
-9.082549e-03
7.662037e-03
2.533325e-05
-3.246830e-05
-1.571578e-05
-3.119409e-06
-5.327293e-05
-1.015222e-05
2.943122e-06
2.665740e-06
7.905589e-06
2.596495e-01
-1.949873e-01
4.494484e-01
-2.784839e+00
-4.269081e+00
-1.557482e+00
1.197240e+00
-1.897426e+00
-1.493155e+00
1.484237e-01
-8.047603e-02
-2.841387e-01
1.769357e-01
-1.213510e-01
-1.123596e-01
-2.724998e-03
-2.460773e-01
-1.520752e-01
-3.505824e-01
5.321479e-01
2.892788e-01
-4.492626e+00
-1.383549e+00
-1.835402e+00
-6.532832e+00
-6.133021e-01
-8.573621e-03
-1.255719e-05
-1.414751e-04
1.470865e-04
-2.648167e-04
-2.077856e-04
6.911175e-05
-6.712962e-05
-4.273599e-05
5.484350e-06
-7.480085e+00
-1.217273e+00
-7.641382e-01
-5.798706e+00
4.028513e-05
1.594185e+00
-6.325225e+00
-3.345590e-01
-1.525120e+00
-2.768104e+00
-3.696287e+00
-6.142518e+00
-1.910902e+00
-3.198831e+00
-3.375688e+00
1.541714e+00
-1.972407e+00
-2.758658e-01
-2.768710e+00
5.542476e-01
-1.182746e+00
-2.115304e+00
-3.746396e-01
-1.564097e+00
-1.701158e+00
1.166222e-01
1.360264e+00
9.946668e-01
-3.320061e+00
-6.363738e+00
-8.400431e-01
-4.220724e-01
-1.356712e+00
2.990024e-01
2.579672e-02
3.824391e-01
-3.344223e+00
-5.118598e-01
1.625234e-01
-3.912185e+00
-7.688235e-01
3.314659e-01
-4.978734e+00
-7.963735e-01
-4.875412e-01
-7.864101e-01
3.348816e-01
2.642426e-01
-1.463695e-02
-4.971708e+00
-2.210283e+00
9.501655e-02
-4.150965e+00
-4.879773e-01
2.050537e+00
-6.470238e-01
-3.163066e+00
-2.937634e+00
-6.631646e+00
-5.403382e+00
1.180226e+00
-1.447005e+00
-2.739166e+00
-5.221121e-02
-2.925192e-02
-5.544549e-02
-7.035161e-03
3.613354e-02
7.860656e-03
4.952851e-02
7.139710e-02
-2.972953e-02
-1.472121e+00
-4.428368e+00
-3.963236e+00
1.196000e-01
-1.168333e+00
-5.142940e-01
-1.695949e+00
6.118655e-01
4.587363e-01
-4.162363e+00
-1.183175e+00
4.030472e-01
-9.262108e-01
1.527035e-01
4.983657e-01
-1.322526e+00
7.993237e-01
-1.402374e+00
6.172069e-01
-8.522918e-01
1.546952e-01
-3.324592e-01
-3.763292e+00
4.903757e-01
-4.020944e+00
-2.076134e+00
-7.909999e-01
-5.245686e+00
-3.590979e+00
-7.928899e-02
-1.455118e+00
-5.547588e-02
-1.316700e+00
7.405114e-01
-1.464699e+00
2.759048e-01
2.090016e-02
7.719694e-01
-4.936198e-01
-7.306412e-01
-1.658915e+00
-2.608778e+00
-3.073490e+00
-7.281236e+00
-6.526434e-01
-1.998669e-01
-1.921002e-02
9.056504e-02
7.760290e-02
1.544740e-01
1.129445e-01
1.394182e-01
4.021234e-01
4.426650e-02
-4.408383e-01
-3.598000e+00
-6.338382e+00
1.139678e+00
1.648991e-03
-1.555577e-01
-1.168074e-01
2.707835e-01
-7.669958e-02
-2.016207e-01
6.502200e-01
2.577612e-01
2.550254e-01
9.808633e-01
1.600451e-01
-5.443284e-02
-7.064347e-03
-1.157337e-02
8.124207e-02
-1.654451e+00
-2.007716e+00
5.463592e-01
-1.579041e+00
6.460682e-01
7.964518e-02
-1.361463e+00
2.615772e-01
-4.057112e-01
-2.907279e+00
1.600178e-01
-4.954136e+00
-2.619852e+00
-1.733246e+00
9.662718e-02
-1.063410e+00
1.081445e+00
-2.802670e+00
-7.559281e+00
-1.083060e+00
7.546221e-02
-1.127863e+00
-5.194667e-01
-1.522840e+00
-2.711035e-01
8.103213e-01
8.565603e-01
-1.450158e+00
-3.561707e-01
-2.262955e+00
-3.300894e+00
-5.384684e+00
3.631475e-01
-3.508661e-01
-2.937973e-03
-2.261387e-01
-8.396588e-01
-1.041788e+00
4.068983e-02
4.217044e-02
-1.635940e-02
-1.080906e-02
-3.214329e-02
-1.408388e-01
-4.951730e-02
1.212519e-01
3.665761e-02
-1.228380e-02
4.051931e-02
-4.420536e-02
-3.215457e-02
-6.257004e-03
-2.302247e-02
-3.184045e+00
1.485416e-01
-4.458811e-01
-4.006388e+00
4.412179e-01
3.349677e-01
-4.326481e+00
-5.886604e-01
-2.191476e-02
-7.424747e-01
9.872613e-01
-1.349218e+00
-2.885324e+00
-3.958379e+00
-7.193190e-01
-6.724665e-01
-9.132180e-01
4.765690e-01
-9.025877e-01
-3.597266e+00
-2.000757e+00
1.015426e+00
-3.185257e+00
-6.334781e+00
-3.480663e+00
-6.114575e-01
-3.876754e-01
2.515426e-01
1.262454e+00
3.900753e-01
-8.592479e-02
-3.806327e-01
-3.252248e-01
1.525809e-01
7.405820e-02
-6.223601e-02
-2.639142e-01
-5.253488e-01
-4.696974e-01
-1.029977e+00
2.038002e-01
5.116962e-01
-3.938775e+00
-2.165129e+00
-5.003541e-01
-2.284314e+00
-3.571878e-01
4.804628e-01
-2.377993e+00
5.188918e-01
-7.010980e-01
-3.410976e+00
-1.722794e+00
-1.057322e-01
-6.095576e+00
-1.806500e+00
-2.093556e+00
-1.180669e+00
6.960285e-02
3.962878e-01
-4.532776e-01
6.889654e-01
-9.257200e-01
2.359732e-01
-1.662597e+00
1.021497e+00
-2.708401e+00
-6.850716e-01
-7.834001e-01
-5.149235e-01
-2.300881e-01
-9.500824e-01
-1.284121e+00
-3.441343e-02
1.536405e-02
-3.765310e+00
8.625574e-01
-9.746773e-01
3.392835e-03
-8.775783e-01
6.159596e-01
-2.533783e-03
6.917650e-02
-1.330028e-02
-4.910130e-03
5.708630e-02
1.747045e-02
4.788083e-03
5.624390e-03
-9.327098e-04
7.527040e-01
-1.759400e+00
-3.764621e+00
3.029763e-01
-2.255483e+00
-3.886800e+00
-1.886472e-01
9.742177e-01
-4.169925e-02
-1.932914e+00
-2.268191e-01
4.250984e-01
-4.284607e+00
4.850527e-02
-3.686826e-01
-6.410446e-01
-7.524570e-01
-1.753356e+00
5.302042e-02
1.829492e-01
-2.822459e-01
-3.003990e-01
-9.931539e-01
1.125834e+00
6.423764e-01
-3.383656e+00
-6.017851e+00
