4.104710e-01
-9.855977e-01
-1.068404e+00
-3.820226e-01
-2.925024e+00
-3.403945e-01
-1.909858e+00
-3.509065e+00
2.735389e-01
-3.612060e-01
-1.484353e-02
-2.717244e-01
-2.796487e-01
1.238460e-01
-4.488152e-01
-2.762277e-01
2.872317e-01
-1.115576e-01
-5.951615e-03
6.317252e-02
6.688126e-02
5.937294e-02
6.022825e-02
5.052311e-02
2.967692e-02
3.492701e-02
5.253750e-02
-5.952846e-01
1.069474e+00
-6.657095e-01
-1.043243e+00
-8.623432e-01
1.317077e+00
-6.493364e+00
-4.604022e+00
-2.907070e+00
3.112849e-01
-5.347466e-01
-2.286804e-01
2.763477e-01
-1.373624e+00
-2.673884e+00
-7.040454e-01
-9.337937e-01
-2.148218e+00
-8.021512e-02
-7.584187e-01
7.297047e-01
8.154614e-01
-9.908071e-01
-8.413239e-01
-5.430787e+00
-2.466140e+00
-1.642258e+00
1.670441e-03
4.186680e-03
2.685444e-03
4.416250e-03
2.328615e-03
1.670832e-03
1.144453e-04
1.152621e-03
-1.304830e-03
3.266838e-01
-1.007194e+00
-4.888573e+00
-9.555013e-01
-1.055833e+00
-6.062329e-01
-3.741776e+00
5.239877e-01
-5.342119e-01
-6.954864e-02
1.326185e-01
5.551396e-02
-2.648094e-02
3.792450e-01
1.093763e-01
-4.925739e-02
8.110873e-02
5.178239e-02
2.304134e-03
1.857668e-03
-1.101799e-03
2.395711e-03
2.557202e-03
-1.685815e-03
-6.552965e-04
5.002840e-04
7.899639e-04
-2.676763e-05
3.762929e-04
-7.110258e-06
2.465708e-04
2.385042e-04
-3.306029e-05
1.831626e-05
5.762662e-05
1.867280e-07
2.438229e-01
-9.258943e-01
9.681541e-02
-3.904738e+00
3.602914e-01
-2.571881e+00
-3.454913e+00
-1.646752e+00
-1.102498e+00
2.555835e-01
-2.063297e-01
-2.433737e+00
-8.166298e-01
6.521691e-01
3.672868e-01
-6.913763e-01
3.591268e-01
-4.024755e+00
4.485184e-01
-1.507943e+00
-3.584059e-01
-1.371977e+00
-3.977226e+00
3.742676e-01
9.410344e-01
-5.009349e+00
-1.866113e-01
-8.491440e-02
1.064423e-02
-6.103578e-02
8.210079e-02
3.681905e-01
8.902067e-02
-2.482304e-02
1.595283e-01
3.670787e-03
7.485180e-03
5.626957e-01
-4.795959e-02
1.096769e-01
5.028692e-01
2.263220e-01
9.343141e-02
3.730394e-01
2.202002e-02
-8.369405e-01
6.069760e-01
-4.573673e-01
-9.606639e-01
-1.114856e+00
-2.149209e+00
-2.326222e+00
-8.545918e-01
2.698372e-01
-3.590384e-02
3.806590e-01
7.226294e-02
3.180158e-01
5.176005e-01
-1.023492e-01
1.068686e-01
2.265014e-01
-1.704652e-01
1.400185e-01
-2.463307e-01
-3.973748e+00
7.576716e-02
-7.109661e-01
-2.392653e+00
-4.316782e-01
9.072973e-01
-9.246682e-01
1.780515e-01
-1.581669e+00
-1.074804e+00
-1.296299e+00
-2.334448e+00
-4.472476e+00
8.157632e-01
-5.091124e-01
-1.352897e-01
5.290861e-01
-1.607110e+00
-4.938512e+00
-3.198161e-01
-3.280418e-01
-5.358745e+00
1.678884e-01
5.377447e-01
-2.264542e+00
-3.060673e-02
5.043641e-01
-5.145155e+00
-3.338309e-01
-6.451725e-01
-9.087535e+00
-1.088160e+00
9.151381e-02
-7.357572e+00
-2.612922e-03
-2.506446e-02
-3.980495e-02
-1.228342e-02
-3.526035e-02
-5.841514e-02
7.450837e-03
-6.562027e-03
-2.297077e-02
5.007600e-01
-7.580524e-01
-3.669105e-01
-1.391339e+00
-2.139847e+00
4.220996e-01
-2.164669e+00
-2.252689e+00
-3.970583e+00
-2.263482e+00
-5.096064e-01
2.977556e-01
-2.571558e+00
4.723955e-01
-2.195839e+00
-2.720326e+00
1.814814e+00
-2.114604e+00
1.154000e+00
-9.000646e-01
-3.456278e+00
-3.126332e+00
-5.303696e-01
-3.392407e+00
-4.046655e+00
-1.832961e+00
-3.391968e+00
-1.608430e-01
-5.470245e+00
1.176648e+00
-5.530379e-01
-1.264647e+00
2.228661e+00
-5.233369e+00
8.129207e-01
-3.243753e-01
-5.630547e-03
4.882599e-05
-3.553382e-02
4.270252e-02
6.746312e-02
1.235654e-01
-5.851173e-02
7.730971e-02
9.382869e-02
-6.007324e-01
1.151729e+00
-7.619641e-01
6.869055e-02
3.697028e-01
1.623639e-01
-5.053437e-01
-5.819273e-01
8.226743e-01
5.068326e-01
-3.686260e+00
8.325451e-01
-2.477037e+00
-7.356000e+00
-1.383803e+00
6.652315e-01
9.422539e-01
-1.660611e-02
-8.627527e-01
-9.119193e-01
-3.928234e+00
2.031569e+00
-1.292826e+00
-4.393705e+00
-8.373859e-01
-1.941519e+00
-6.199904e+00
-3.363194e+00
-2.692010e-01
-2.196949e+00
-3.219077e+00
1.735285e+00
-1.902766e+00
-2.715867e+00
1.750091e+00
-1.033563e+00
-1.797597e-02
2.375021e-02
-7.684771e-03
6.099761e-02
4.635317e-02
2.508576e-02
3.811423e-02
5.967621e-03
5.447514e-03
-1.445968e+00
-8.559992e-01
2.232840e-03
-1.167794e+00
-5.492383e-01
-2.963420e+00
-2.347427e+00
-3.910804e+00
1.397609e+00
-7.892904e-01
-2.006539e+00
-1.627692e-01
5.557067e-01
-2.488594e+00
-1.581535e+00
-1.164029e+00
-2.187953e+00
-1.710973e+00
1.360550e-01
9.904341e-01
1.316877e-01
5.169164e-01
6.488929e-01
-7.425889e-02
4.800590e-02
1.604950e-02
-1.572040e-01
1.344078e-01
8.852214e-01
8.543830e-02
3.815916e-01
5.195765e-01
-2.095032e-01
-4.113709e-02
4.209872e-03
-8.719708e-02
-1.923524e+00
-1.027751e+00
-8.118768e-02
-2.823276e+00
-1.246890e+00
-2.671744e+00
-1.670833e+00
-4.634725e+00
-5.866292e+00
4.398953e-01
-9.322034e-01
-6.730460e-01
7.739261e-01
-5.297753e-01
-4.035300e+00
-1.400723e+00
-2.517033e+00
-7.084257e+00
-7.891706e-03
-6.078055e-02
-5.727891e-02
1.734210e-02
8.460581e-02
7.974464e-02
-3.224898e-02
6.614920e-02
3.284908e-02
5.984810e-01
-2.268665e-01
4.608186e-01
1.560370e+00
-1.298270e+00
-1.224017e+00
-2.934732e+00
-5.658319e+00
-6.318948e+00
-1.206734e+00
6.071907e-01
5.077423e-01
-1.181505e+00
1.306069e-01
3.947971e-01
-1.113570e+00
-1.079121e+00
2.753699e-01
1.254843e+00
-5.461333e-01
4.560046e-01
2.665071e-01
-3.978739e+00
-4.009276e+00
-1.349173e+00
-3.118950e+00
-1.215663e+00
-1.495418e-01
5.078937e-02
2.309389e-01
4.217476e-01
7.148199e-01
6.151075e-01
1.757931e-01
1.313814e-01
-1.402805e-02
-6.168768e-01
-1.300392e+00
5.429070e-01
2.106098e+00
-5.998204e-01
-3.570935e+00
-9.371648e-01
-2.868142e+00
-4.527239e+00
-4.799209e-01
9.345350e-01
-4.457906e-01
2.653258e-01
-1.736903e+00
4.145555e-01
-3.595084e+00
-4.401440e+00
-1.168223e+00
9.119073e-01
-2.296495e+00
-5.470431e-01
6.065530e-02
-2.138042e+00
4.886033e-01
-4.262607e+00
-4.091256e+00
-3.212703e-01
5.885597e-01
-1.218624e+00
-2.188686e-01
-1.089152e+00
-9.225332e-01
-4.864743e+00
-1.388251e-02
-1.781262e+00
-4.744565e-01
-3.035654e+00
-6.821126e-01
-8.037330e-01
-2.820440e-01
-3.335718e-01
-7.107158e-02
-7.431726e-01
-2.485385e+00
-1.179431e+00
-1.221509e-02
2.163810e-03
1.104362e-02
-3.130525e-03
4.205409e-03
8.109550e-03
-3.067385e-03
-5.486131e-04
1.715054e-04
-3.563739e-01
-2.240496e+00
-1.242624e-01
-1.561908e+00
-3.366254e+00
-1.089788e+00
1.261115e+00
-2.545279e+00
-1.649891e+00
-2.547848e-02
5.026425e-04
4.956923e-02
6.623727e-03
1.450262e-02
1.846593e-02
1.995282e-02
2.228186e-02
1.534706e-02
-5.420879e-01
-1.711434e-01
3.341919e-01
3.899201e-01
6.354142e-01
6.463110e-01
4.641693e-01
8.136551e-01
5.604987e-01
-7.414985e-01
9.800977e-01
-3.824629e-01
-1.973109e+00
3.436280e-01
1.037790e+00
-4.063785e+00
-2.101611e+00
-1.560866e+00
-6.672536e-05
8.295924e-05
1.054204e-04
1.178578e-04
1.614515e-04
7.901870e-05
-1.288359e-06
7.768762e-05
1.104195e-04
4.780696e-01
-3.287572e+00
-2.726870e+00
-3.257322e+00
-5.821845e-02
-4.790877e-01
-1.803031e+00
-5.506119e-01
1.444700e+00
5.281723e-01
-9.717038e-01
-1.943678e-01
-1.392908e-01
-5.654896e-01
4.043683e-01
-4.045825e+00
-2.322549e+00
-3.235305e-01
-2.839015e+00
-1.545049e+00
-2.717624e+00
1.992502e-01
8.891687e-01
-7.534251e-01
2.642089e-02
-8.518535e-01
1.479307e+00
8.427522e-01
-6.456093e-01
3.787711e-01
-1.795276e+00
-7.915040e-01
1.315287e+00
-4.883924e+00
-1.598149e+00
-1.257641e+00
-3.654977e-05
-1.977625e-04
-7.446797e-05
2.395125e-06
-3.057204e-04
-9.260899e-05
-2.851711e-05
-4.250024e-06
3.433457e-05
-3.433985e-01
-3.807761e+00
-7.819712e-01
-2.702199e+00
-1.538333e+00
-1.069893e+00
-1.743635e+00
9.799179e-01
1.425550e+00
-5.874976e-02
1.306711e-01
1.912446e-01
1.904907e-02
1.543889e-03
-3.204256e-02
6.460493e-02
1.082332e-01
9.476084e-02
-5.537661e+00
7.969269e-01
6.476390e-01
-3.466334e+00
1.929272e+00
-4.510804e-01
-3.057108e+00
-6.593751e-01
-3.441669e+00
-1.271937e-01
1.024427e+00
-2.048722e-01
5.592804e-01
-1.350739e-01
-2.286799e+00
-2.208169e+00
-2.383840e+00
-4.256537e+00
-3.192381e+00
-1.660044e+00
6.339351e-01
-4.582923e+00
-1.165902e+00
-9.209833e-01
-2.237652e+00
-1.030788e-01
1.892726e-01
2.504305e-03
-2.030138e-03
-3.221061e-03
-1.620130e-03
-3.900758e-03
-7.174262e-03
2.129607e-04
-1.598372e-03
-2.151052e-03
3.918345e-01
7.116081e-01
-8.883814e-01
1.136331e+00
-1.540789e+00
-2.694496e+00
-2.516778e+00
-4.014065e+00
-3.625449e+00
-7.653002e-01
-2.784133e-01
8.454498e-01
3.054002e-01
-4.366364e+00
1.228190e-01
-7.897388e-01
-4.643879e+00
-5.290312e-01
-2.548332e-02
-4.913027e-01
-4.849909e+00
-3.011236e-01
-6.289144e-01
-7.422224e-01
-6.636096e-01
4.221012e-01
-1.197650e-01
-5.733023e-01
-1.785211e-01
2.002002e-01
4.000797e-01
8.178671e-01
3.124869e-01
1.716194e-01
3.943127e-01
1.138359e-02
3.301427e-01
-6.068639e-03
-3.919427e-01
-1.995118e+00
-1.169960e+00
4.989119e-01
-5.097599e+00
-1.096925e+00
1.383597e-01
-1.266394e+00
-9.285448e-01
-2.049001e-01
1.093289e+00
-1.194074e+00
-1.740209e+00
-3.932363e-02
8.061512e-01
-9.223216e-01
-4.607353e-02
-2.241306e-03
9.106989e-03
5.113602e-02
9.234881e-02
9.377144e-02
3.129156e-04
3.455514e-02
4.008394e-02
7.014380e-01
-9.745678e-01
-4.499707e+00
-1.050760e+00
2.719989e-02
-1.580701e+00
-4.362109e-01
-2.353022e+00
5.141171e-01
1.155488e-01
7.592762e-01
6.770867e-03
1.590676e+00
1.084563e-01
1.691172e-01
1.314799e+00
-3.978156e-02
-4.798704e-01
6.345380e-01
-2.303216e+00
-4.931036e+00
3.865699e-01
-1.503689e+00
-8.932286e-01
-1.073834e+00
8.970852e-01
-2.194396e+00
-1.904944e-01
7.857474e-02
5.341957e-01
9.223845e-03
-3.905950e-02
9.879507e-02
2.068401e-01
3.401816e-01
1.682491e-01
1.027532e-01
1.127640e+00
2.060095e-01
6.150122e-01
7.260908e-01
-1.600803e-01
1.760855e-02
2.273726e-02
-1.377977e-01
4.226934e-02
-4.810913e-02
-1.313595e-02
-6.199966e-02
-5.408305e-02
4.681300e-02
-1.752688e+00
-6.028669e-01
-4.255069e-01
1.715693e-01
-7.139970e-01
3.977402e-01
-1.187111e+00
-3.336171e+00
5.933422e-01
-1.258994e+00
-4.601533e+00
-9.890870e-01
-5.973221e-01
1.247983e+00
-8.636811e-01
7.238487e-01
-1.652326e+00
5.605463e-02
5.349101e-01
-3.995787e+00
-2.994970e+00
3.274595e-02
-1.673921e-01
-1.542036e+00
7.105154e-01
-7.790158e-01
-1.909025e+00
-1.078562e+00
-1.121110e+00
-4.154355e+00
-1.337867e+00
-2.985958e+00
1.814509e-01
8.163976e-01
2.302630e-01
-1.924888e-01
-2.956781e-01
3.280599e-01
-7.650557e-01
-4.086710e-01
2.624092e-01
-1.407537e+00
2.716554e-01
7.507896e-03
-5.869298e+00
4.332148e-01
-2.567574e+00
-4.818084e+00
-3.542194e+00
-3.909963e+00
-9.149266e-01
-2.790215e+00
-1.817916e+00
2.925648e-01
-4.525916e-01
1.523932e+00
4.236027e-01
-1.360496e-02
1.589732e-02
1.590002e-02
1.995041e-02
2.988631e-02
2.890921e-02
8.084761e-03
1.818813e-03
8.250810e-03
-9.957061e-01
6.100191e-01
-2.846737e+00
-3.446819e-02
1.988589e-01
-2.163249e+00
5.501360e-01
-3.160875e+00
-7.863026e-01
2.061025e-01
8.536586e-01
9.142809e-02
4.429052e-01
6.670155e-01
-5.007029e-02
-1.016039e-02
6.437048e-02
-6.505926e-02
6.339470e-01
-4.168282e-01
-1.938979e+00
2.388578e-01
-6.251860e-01
-5.330757e+00
-1.622483e+00
1.803074e-01
-5.724230e+00
-2.613672e+00
-6.213150e+00
-3.371222e+00
-2.319817e+00
-8.507856e-01
9.137834e-01
-6.915131e-01
-4.620808e-01
8.160854e-01
7.551794e-02
-8.551044e-01
-4.670148e-01
-1.285841e-01
-2.313994e+00
-2.547337e+00
-6.335891e-01
-1.271904e+00
6.651424e-01
-1.106235e-01
1.396340e-01
3.181064e-01
1.926626e-01
1.391765e-01
2.089583e-02
1.145273e-01
2.276991e-01
5.724489e-02
4.324788e-02
6.354036e-01
7.594919e-02
3.902748e-01
4.841665e-01
2.034678e-02
1.074997e-01
2.794489e-03
5.849656e-03
-3.683382e+00
-1.830920e+00
-1.974921e+00
2.050590e+00
-1.333211e+00
-4.723783e+00
-2.862205e+00
-2.527056e+00
-1.920869e+00
-1.303358e-01
4.261272e-01
-1.140647e+00
1.402539e+00
-1.482781e+00
-3.390019e+00
-3.699963e-01
-7.633089e-01
-6.550357e+00
6.144590e-01
-2.137552e+00
-5.973860e+00
6.072913e-01
1.222553e+00
-2.232626e+00
-7.479622e-01
3.946398e-01
-1.772811e-01
5.610179e-01
-4.353643e-01
-2.514751e-01
-2.519681e+00
-6.849841e-01
1.306604e+00
-3.079703e+00
-2.578457e+00
-9.611115e-01
1.179472e-03
1.882526e-03
6.453834e-04
2.345507e-03
2.043893e-03
1.160713e-04
7.250600e-05
4.927377e-04
-5.230765e-04
1.777035e-01
1.144370e-01
8.699313e-01
-3.266333e+00
-2.234267e+00
-1.276409e+00
-1.775752e-01
-2.620302e+00
-1.112731e+00
-6.672471e-01
3.048205e-01
-1.870627e-01
-1.745529e+00
-1.864780e+00
-5.813358e-01
7.615641e-01
-2.854035e+00
-2.409294e+00
3.353047e-01
2.918204e-01
-3.987438e+00
-2.020459e-01
5.022536e-01
-2.578536e+00
-9.259714e-01
-2.789666e+00
-1.117384e+00
2.006994e-01
7.031533e-01
1.514342e-01
4.286763e-01
6.517290e-01
-1.712393e-01
2.130034e-02
-1.183655e-02
-7.916293e-02
9.338660e-01
-1.218817e+00
8.558358e-01
1.485526e-01
-1.017891e+00
3.918339e-01
-3.475970e+00
-3.881649e+00
-3.767915e+00
-2.105461e+00
1.245836e+00
-4.287480e-01
-2.437546e+00
-2.106385e+00
-1.075729e+00
-4.785321e+00
-4.278044e+00
-2.288641e+00
-7.005876e-01
-3.513860e-01
-1.334101e+00
-4.110034e+00
-3.239351e+00
-1.927061e-01
-7.288872e+00
-1.046510e+00
1.184535e+00
-3.302346e+00
-2.374275e+00
-1.952380e+00
-6.576459e-01
-4.969858e-01
-5.512152e-01
1.093166e+00
-5.146158e-01
-5.184796e-01
1.415366e-01
8.039297e-01
5.879911e-02
2.841708e-01
3.928714e-01
-1.357450e-01
-1.084687e-01
8.475055e-02
-6.537007e-02
7.943810e-01
-1.505917e+00
6.717253e-01
-5.603157e-03
1.131372e+00
-8.649129e-01
-1.372513e+00
-5.025700e+00
-3.925020e+00
1.181824e-04
8.856363e-05
8.543396e-06
-6.406015e-05
-1.057222e-04
-8.037742e-05
-2.377122e-05
-5.843131e-05
2.269274e-05
3.506741e-03
1.905931e-03
8.123312e-04
6.032376e-03
5.376008e-03
-1.155341e-03
1.599778e-03
9.947164e-04
-9.784912e-04
1.036899e+00
-1.024367e+00
-1.669766e-01
-5.236501e-01
-1.126993e+00
-1.777931e-01
-1.653260e+00
-2.119825e-01
-4.770741e+00
2.449086e-03
1.045338e-02
1.529612e-03
8.355483e-03
1.858080e-02
-1.805410e-03
-1.042529e-04
5.463726e-03
-3.059052e-03
5.220043e-02
2.400366e-01
1.988280e-02
1.448374e-01
1.510232e-01
-2.712662e-02
-2.863973e-02
1.525016e-02
3.465273e-02
8.620611e-01
-9.314944e-01
-3.394726e+00
3.122875e-01
-3.020821e-01
-4.791650e+00
-7.367729e-01
1.287812e+00
-3.376040e+00
-5.073247e+00
1.961911e-01
-9.355278e-01
-4.308171e+00
-1.747330e+00
-7.733164e-01
-4.085943e+00
1.602709e-01
1.319894e+00
-5.136381e-01
-7.707865e-01
-5.528319e-01
5.761902e-02
1.642376e-01
2.030548e-01
-1.360949e-01
-7.190187e-02
2.852150e-01
-3.832037e-01
-1.522491e-02
2.802836e-01
-1.093441e+00
-1.827276e+00
-2.535471e+00
-1.096095e+00
-5.494047e+00
1.460348e+00
-1.044365e+00
-4.921371e+00
-4.892024e+00
9.362694e-01
-3.025877e-01
-1.248340e+00
-1.043669e+00
3.505001e-01
7.985645e-01
1.018000e-01
6.321028e-01
1.033542e-01
3.776779e-01
5.374610e-01
-1.227729e-02
1.432159e-01
4.268532e-02
-1.430141e-01
9.753992e-01
-1.312790e+00
-1.312773e+00
-3.173620e+00
-7.062191e+00
-3.193450e-01
-1.303611e+00
2.361567e-01
-3.061171e-01
-4.486164e+00
-8.015370e-01
-2.146316e-01
-1.636822e+00
1.227836e+00
-2.231244e-01
7.041469e-01
6.933606e-01
-2.693771e+00
3.069415e-01
9.598011e-01
2.383866e-01
3.851030e-01
7.941788e-01
-1.355468e-01
-1.625895e-01
1.375936e-01
-1.395059e-01
1.396662e-05
-2.021810e-05
-2.423351e-05
-9.352133e-06
-1.494543e-05
-5.386763e-06
9.706016e-06
-1.174482e-05
-4.556301e-06
1.633521e-04
-8.232683e-03
-1.721609e-03
-3.328872e-03
-7.210371e-03
-2.194647e-03
-1.010060e-04
-1.939460e-03
-1.015726e-03
-2.560701e+00
-3.193356e+00
-5.009951e+00
4.236864e-01
-2.489477e+00
-1.945043e+00
7.122262e-01
3.467404e-01
-1.108459e+00
-3.443519e-01
4.868692e-01
7.714000e-01
-2.931493e+00
-9.766626e-01
-5.958564e-01
-5.442893e+00
-3.827185e+00
5.252132e-01
-1.081948e+00
-1.326264e+00
-1.615352e+00
-6.210546e-02
3.253563e-01
3.082649e-01
-5.559130e-02
-1.692110e-01
3.752660e-02
-5.067671e-02
4.045876e-02
6.620128e-02
3.640339e-02
3.108022e-02
2.135769e-02
4.001679e-02
3.142703e-02
8.032467e-02
