3.765339e-01
-3.480534e+00
-2.066667e+00
-6.708731e+00
-2.637809e-01
5.665042e-01
9.796762e-02
-1.237140e+00
-1.257039e+00
2.013314e-01
1.581920e+00
-3.102454e-02
-1.145942e-01
7.589094e-02
-4.100397e-02
-2.767202e-01
9.141192e-02
4.666954e-02
-1.177075e-01
-2.054995e+00
-4.454171e-01
-9.089795e-01
-1.587962e-01
3.610426e-02
-6.127383e+00
-2.177444e-01
-7.396795e-01
-9.453887e-02
2.097145e-01
-6.275707e+00
-1.091871e+00
-8.921710e-01
-4.367793e-01
-5.037618e-01
5.841919e-01
2.031985e-01
8.527270e-01
-1.794244e+00
-4.907980e+00
-7.504790e+00
8.428289e-01
-8.778819e-01
-9.061950e+00
-1.639865e-01
-1.171840e+00
-5.215503e+00
-5.866028e+00
-3.626355e+00
-2.486699e+00
2.852893e-01
-9.355283e-03
6.109797e-02
-2.304895e-01
-8.079154e-01
-3.696818e-01
-3.838966e-01
-3.028690e-01
-2.305707e-02
-1.118300e-02
-2.139839e-02
-8.862055e-03
-4.780461e-03
-9.086883e-03
-6.231966e+00
-3.271129e+00
5.643086e-01
-4.744124e-01
-2.455603e-02
4.652540e-01
2.736264e-01
8.525018e-02
-1.046198e+00
9.086965e-01
-2.046104e+00
1.230378e+00
-9.466445e+00
-4.451714e-01
-2.789680e-02
-6.217354e+00
-4.759582e-02
1.032865e+00
-3.532024e+00
2.269533e-01
-2.834305e-01
-4.290780e+00
-1.625496e-01
-4.354030e-01
-1.229002e+00
-9.180341e-01
3.288403e-02
6.748664e-02
4.876561e-01
-5.433118e+00
-5.120741e-03
-7.992721e-01
-2.086433e+00
-9.234447e-01
2.583129e-01
7.162940e-02
-4.388788e-01
-7.068892e-01
1.841765e-01
2.638520e-01
-4.521696e+00
8.340284e-02
-2.863588e-01
-2.864359e+00
-1.917968e-01
-4.183004e+00
-1.722241e+00
8.139609e-01
-3.760532e+00
3.301832e-01
1.339999e-01
-9.470018e-01
7.719581e-01
-1.127505e+00
-1.451557e+00
-6.635375e-02
1.818801e-01
-2.341670e-01
1.470689e-01
-5.365404e-01
9.580597e-02
-2.288462e+00
-3.098372e+00
-8.381888e-02
8.065500e-01
-2.344156e+00
-1.184041e+00
-3.579199e+00
-8.574615e-01
-1.814265e+00
-2.672922e+00
-5.649986e-01
-3.418230e+00
-1.101734e+01
-3.000736e+00
-1.570328e-01
5.897698e-02
-1.210089e-01
1.076176e-01
-3.690220e-01
5.069534e-01
-2.804144e+00
-1.118731e+00
-9.147115e-01
-9.171145e-02
-2.499437e-01
2.492155e-01
-3.227673e-02
1.332761e-01
-3.326107e-01
-1.927846e+00
5.515609e-02
1.206691e-01
-8.430843e-01
-5.518360e-01
-4.136188e-02
3.924441e-02
-3.041214e+00
5.090989e-01
-4.781019e+00
-1.596014e+00
-1.594936e+00
-2.875632e+00
7.796198e-02
-3.418779e-01
1.256925e+00
-4.268200e-01
6.345217e-01
-2.867138e-01
-1.956005e-01
2.250022e-01
-7.652157e+00
-1.980980e-01
-5.622213e-01
-2.299501e+00
8.884420e-01
-6.136667e-01
-3.221244e-02
-4.577804e-02
4.157121e-02
-6.302888e-02
-1.833570e+00
-4.248058e+00
-3.164925e-01
2.135974e-01
-3.903231e+00
3.421501e-02
-1.726104e+00
8.298476e-01
-2.429755e-01
-2.713884e+00
6.750653e-01
7.470390e-01
-1.286559e+00
-7.001175e-01
-4.964599e+00
8.716369e-02
2.696741e-01
-4.395343e-01
-1.308753e+00
-4.842778e-01
3.414018e-01
5.694933e-02
9.250375e-02
-1.907251e-01
3.924588e-01
-2.439815e-01
-1.075386e-01
-1.019837e+00
7.700863e-01
4.664456e-01
1.250452e-02
-6.768212e+00
-2.162975e+00
4.820822e-01
-1.066772e+00
-2.136091e+00
2.096310e-01
-1.334894e-01
-5.369431e-01
-1.604339e+00
5.006000e-01
-6.462612e+00
-1.797874e+00
7.783532e-01
1.725094e-01
-1.468785e-01
-4.026698e-02
2.275375e-01
-2.399462e-01
4.554949e-03
3.031437e-01
-8.059301e-01
3.271951e-01
-1.025100e+00
2.215455e-01
-1.415763e-01
-9.794382e-01
-2.607061e+00
-5.835386e+00
-4.829148e-01
-3.823588e-01
-5.716395e-01
-2.343892e+00
-2.626622e-02
7.124727e-01
-2.568701e+00
-3.840024e-01
-3.461648e-01
-1.415139e+00
-1.013565e+00
-4.405899e-01
-6.672778e-02
7.785326e-01
3.860907e-02
-4.798257e-02
2.171108e-01
9.177344e-02
3.794490e-01
-3.903312e+00
-4.730989e+00
-5.599542e-01
-8.340233e-02
-1.171751e+00
1.409947e-01
3.414341e-01
-8.021446e-01
-4.219264e-01
-4.776320e+00
-7.004314e+00
6.557047e-01
-6.910365e-01
-9.721721e-01
9.134427e-01
4.343913e-01
-2.472279e-01
1.322106e-01
2.390958e-01
-4.395972e-02
-4.138762e+00
-7.025542e-01
6.097669e-01
-1.381432e+00
1.840433e-01
3.783917e-01
-9.044082e-02
7.961235e-02
-3.509097e-01
2.296012e-01
-6.266127e-01
-5.017576e+00
-2.242599e-03
-3.061149e-01
-1.459141e+00
-9.741968e-02
-3.539159e-01
6.176400e-01
-2.386963e+00
-1.213257e+00
5.924124e-01
-1.645004e+00
-3.145799e+00
1.117348e+00
-6.095590e-01
6.414594e-01
-9.603062e-01
5.235959e-02
-4.840690e-01
-5.515292e+00
-5.454053e-01
-1.470578e-02
3.897534e-01
-3.463530e+00
-1.785277e+00
2.656982e-01
-5.805573e+00
-4.584883e-01
8.956860e-01
-3.509669e+00
8.560407e-01
-7.813393e-01
-4.437680e+00
-1.189403e-01
-3.241870e-01
2.441993e-01
-1.654110e-01
1.389145e-01
-4.471956e-01
-1.848076e-01
-7.456124e-02
6.130836e-01
-2.125148e+00
-5.647218e+00
-4.006294e-01
1.329512e-01
-3.715126e+00
-1.154929e+00
4.891581e-01
-2.846657e+00
-2.683007e-01
-4.592004e+00
-4.835377e+00
7.912322e-01
-1.661345e+00
5.307181e-01
5.373535e-02
1.374533e+00
-6.425943e-01
-4.014552e+00
5.485318e-02
-1.635597e+00
-9.099642e-02
-9.837759e-02
1.280070e-01
2.033378e-01
-1.524058e-01
-4.429339e-01
-2.408545e-01
2.835174e-01
1.526162e-01
2.489551e-01
-1.015079e+00
-1.727482e+00
8.733540e-02
-1.014416e+00
-5.992074e+00
1.140998e+00
-6.190792e-02
4.001937e-01
-2.640585e-01
9.921245e-02
8.139277e-02
2.052012e-01
1.182859e-01
2.006545e-01
2.124448e-03
-3.514843e-04
-1.533474e-03
7.340142e-04
-1.434647e-03
-2.671466e-04
1.339426e-03
2.557472e-04
8.575587e-04
-6.700150e+00
-7.194225e-01
-5.922988e-02
-1.098785e+00
6.136184e-01
-8.185948e-01
2.088366e-01
-7.190181e-01
4.846364e-01
-9.338856e-01
-4.432765e-01
-1.313456e+00
-1.442018e-01
3.016634e-01
1.284403e-01
2.411110e-01
-2.262872e-01
-3.659364e-01
-3.650752e-01
-7.243529e-01
-7.805416e-01
-2.031928e-03
-6.607026e-02
-9.472678e-02
1.470756e-03
1.151933e-01
-4.391992e-02
3.436843e-01
-9.582117e-02
-3.549805e-01
-8.295858e-01
3.383923e-01
-1.297816e-01
-4.855807e+00
-2.310879e+00
-9.305249e-01
-5.013779e+00
-1.502342e+00
6.301866e-01
-1.996455e+00
2.651972e-01
3.014046e-02
8.476726e-02
4.856645e-01
-3.050708e-01
2.289281e-01
1.241747e-01
-1.625833e-01
-5.143144e+00
-3.686504e-02
8.633044e-02
-5.374070e+00
-9.972030e-01
4.646222e-01
-1.367773e+01
-2.438020e+00
1.154467e+00
5.824364e-01
-1.733106e+00
5.891723e-03
-2.521554e-01
8.627707e-01
-1.015681e+00
2.114400e-01
-9.059481e-02
-5.457181e-03
-2.190999e+00
-1.259370e+00
-1.739130e-02
-4.235340e+00
-3.088336e+00
-7.787898e-01
8.632648e-01
-6.240748e+00
-2.894953e-01
-5.423364e+00
-2.869678e-01
4.063350e-01
-3.997370e-02
-5.396984e-01
-4.438286e-01
2.734931e-01
-1.541276e+00
5.463889e-01
-4.140094e+00
4.932587e-01
-5.686655e-01
-5.563830e+00
-7.261402e-01
-2.791994e-02
-4.114176e+00
-1.802619e+00
3.254362e-01
-4.368836e+00
-6.849241e-01
4.253080e-01
1.412541e+00
7.644241e-01
-1.904302e+00
2.474546e-01
-1.613091e+00
-5.649765e+00
-8.242036e-01
3.689227e-01
-1.566504e+00
1.459214e-01
-2.955278e-01
-1.750799e-01
-8.861374e-02
-5.678751e-02
3.309795e-01
4.845891e-01
-3.661818e-01
-1.823981e+00
7.336067e-02
-1.219101e+00
-1.966433e+00
-6.357863e+00
-6.323872e-01
-8.530630e-02
-5.399657e+00
3.237470e-01
-5.330783e-01
-2.434202e-01
-7.358525e-01
9.121817e-01
-3.860947e-01
4.813693e-01
-3.021716e-01
-4.483770e+00
-1.196405e-01
-5.401816e-01
-5.089535e+00
-2.518809e-01
9.315528e-01
3.808893e-01
4.891703e-01
-9.819973e-01
-5.833335e+00
-1.071329e+00
-6.828610e-01
-6.434700e+00
5.272951e-01
6.782469e-01
2.110597e-01
-3.391269e-01
5.850421e-01
-6.637284e+00
-6.939989e-01
-9.577084e-01
-2.506225e+00
-1.016242e+00
4.258917e-01
-3.270726e-01
2.266426e-01
-1.049086e+00
1.846189e-01
-1.007653e+00
-3.994424e-01
3.523336e-03
-3.397044e-01
-9.474760e-01
1.549526e-01
4.116175e-01
-1.208679e-01
-1.473019e-01
-1.858547e-02
-1.581013e-01
-7.817463e-01
-1.681425e-01
1.248515e-01
6.351607e-01
-1.595198e+00
-1.413004e+00
2.169150e-01
-1.158924e+00
-2.308943e-01
6.669767e-01
8.046125e-01
4.579907e-01
-6.318874e+00
2.343603e-01
-1.543019e-01
1.325264e-01
-1.154927e+00
2.242227e-02
-2.542270e-01
3.624738e-02
-2.152243e+00
1.537526e-01
-2.687469e+00
-8.092128e+00
5.594596e-01
-1.255159e+00
3.884369e-01
-4.751277e-01
1.637345e+00
-1.545243e+00
-2.306797e-01
-3.331633e+00
-1.115984e+00
2.204150e-01
-3.987097e-01
-5.767758e-01
-7.005147e-01
4.247340e-01
9.443215e-02
-2.638979e-01
-1.454363e-01
-2.261113e-02
-4.328100e-02
1.225539e-01
-3.923083e-05
-2.623547e-02
-8.067436e-02
1.634395e-03
-1.526994e-01
1.692434e+00
-2.409844e-01
-1.103359e-01
3.414412e-01
-1.409456e-01
-2.595978e-01
1.888942e-01
-1.632016e-01
-7.865035e-01
2.133370e-01
-4.119190e-01
-6.361480e-01
-7.165837e-01
-4.159475e+00
3.674926e-01
2.221066e-02
-1.809241e+00
-6.205900e+00
-3.553415e+00
-1.603468e+00
7.713008e-02
1.255140e-01
-1.414596e+00
4.978094e-01
-1.130359e-01
3.302482e-01
-3.559273e+00
-3.518312e-01
-6.689976e-01
-1.429234e-01
-1.108075e+00
4.580281e-01
-2.483901e-01
1.321224e+00
-1.033132e+00
-3.179303e-01
-3.239115e-01
-8.905133e-02
2.006759e-02
6.173505e-01
1.749937e-01
-1.560428e-01
-8.442642e-02
8.481242e-02
-3.466279e-01
-2.766339e-01
-2.344549e-01
-2.343366e-03
5.686757e-03
-1.190820e-03
2.778245e-04
9.417246e-04
3.095333e-03
6.186506e-01
-3.989352e+00
-3.146566e+00
3.544481e-01
-3.323217e-01
-1.235862e+00
-1.391741e+00
2.398680e-01
-1.395370e-01
1.188913e-01
-7.775714e-02
1.653273e-01
2.133704e-01
-3.600569e+00
-3.144532e-01
-5.646576e-01
-3.640517e+00
-6.196482e-01
-5.313837e+00
1.482578e+00
-1.298319e+00
-6.848032e+00
-1.682925e+00
-1.510419e+00
1.448270e+00
3.804211e-01
1.267765e-01
4.492558e-01
7.068997e-01
-8.173589e-02
-1.210614e+00
-6.302001e+00
-5.576938e+00
1.322492e+00
-2.573487e+00
-8.378686e-01
1.194233e-01
6.410484e-01
-2.074272e+00
3.312977e-01
-7.276967e-01
-2.288522e+00
-4.134328e-01
8.816460e-01
-1.118691e+00
-1.090207e+00
2.800655e-01
-3.626113e-01
1.883937e-01
-1.086176e+00
-3.985526e+00
-1.375898e+00
-3.097543e+00
8.690796e-01
2.481898e-02
-5.007732e-01
-8.466746e-01
-5.037832e-01
1.485198e+00
7.869040e-02
-3.424505e-01
4.812789e-01
2.470002e-01
-4.257916e-01
3.180681e-01
-7.912648e-01
-2.933002e-01
4.706319e-01
-2.577994e+00
-5.537444e-01
-1.227581e+00
-4.792442e+00
-3.133490e+00
-1.941941e+00
-8.042876e+00
1.207260e-01
-2.161648e-01
-2.194274e+00
3.810976e-01
-8.773475e-01
2.348569e-01
-4.237051e-01
-2.886367e-01
-3.038163e-01
-2.194623e-01
3.165917e-01
-6.814824e-02
5.011339e-02
1.818706e-01
-7.722882e-02
-2.281986e-02
3.880672e-01
-6.373847e-01
-1.457946e+00
-2.376918e+00
2.874563e-01
-5.957340e+00
-7.181709e-02
4.033964e-01
-1.277035e+01
-3.154741e-01
4.872657e-01
-6.620109e+00
8.008699e-01
-2.904505e-01
9.455535e-01
-6.516927e-01
-5.585538e-01
-2.492519e-01
-8.553267e+00
-1.651556e+00
7.144459e-01
-4.934793e-01
7.241354e-02
-2.300291e-01
6.529152e-01
6.406198e-02
-4.979475e+00
-5.661745e-01
5.390440e-01
3.156844e-03
-2.949864e-01
-8.325422e-01
3.245354e-01
1.594707e-01
1.630543e-01
7.294524e-02
-4.706154e-01
4.115835e-01
-5.874255e-01
-2.546656e+00
-3.993652e-01
1.533378e-01
-2.922669e+00
-3.757620e+00
3.808017e-01
-7.936022e-01
-1.554972e+00
-5.670005e-01
-1.001719e+00
-5.264749e+00
4.960757e-01
-5.828912e-02
-3.021532e+00
-5.198320e-01
-5.448053e+00
-1.579528e+00
6.865469e-02
-1.322626e-01
1.816183e-01
5.644480e-01
-1.698153e-01
-1.248060e-01
1.122175e-01
-1.038886e-01
-1.361557e-01
-2.443107e+00
-1.362716e-01
2.798396e-01
-1.686717e+00
-3.619748e-01
1.963659e-02
-2.765221e+00
-8.046693e-01
1.743311e-01
2.534695e-01
-2.102096e+00
1.557577e+00
2.209440e-01
8.504931e-01
-4.197783e-01
-5.539114e+00
-4.767379e+00
2.303062e-01
2.011800e-01
-5.948225e-02
3.994480e-01
3.139349e-01
-3.114611e-02
-1.079006e+00
-5.261660e-01
-1.677787e-01
-7.016811e-02
-2.333491e-02
1.341891e-01
-2.947717e-03
-7.248354e-02
3.354674e-03
-1.113525e-02
-6.340243e-02
2.714208e-01
-1.176613e-01
-4.075064e-01
-6.157931e-02
-3.000991e-01
-1.866278e-01
-3.214904e-02
-2.608103e-02
4.006599e-01
1.045763e+00
-2.125237e-01
-3.062152e-02
-8.905680e-02
-6.254715e-02
-7.207350e-01
-1.153929e-01
1.703399e-01
-1.791186e+00
-2.440455e+00
9.138646e-01
3.822193e-01
-7.321403e-01
-2.234194e-01
-3.638634e-01
3.179539e-01
-6.733009e-01
-6.451019e-01
4.500630e-01
-3.188634e-01
-4.404251e-01
-3.453134e+00
4.050268e-01
-6.067322e-01
-3.421579e+00
-9.174464e-01
-6.215223e-01
-2.259065e-01
-7.730780e-01
-5.716746e-01
1.312950e+00
5.915688e-01
1.450023e-01
-2.324903e-01
-2.610922e-01
-2.578017e-01
-3.457443e-01
-4.125727e-01
-9.280112e-02
1.625714e-01
2.470906e-02
-4.479288e-02
-3.405919e-03
-3.032012e-02
2.344909e-01
-7.520769e-01
-3.303861e+00
-1.402785e+00
1.618199e-01
1.248604e-02
-1.448376e+00
-3.014363e-01
-2.336611e-01
-5.679752e-01
-2.818704e+00
-2.074816e+00
-8.253377e+00
5.445252e-01
5.543551e-01
-9.610971e+00
-6.305352e-01
6.480043e-02
-9.972292e-01
-4.406140e+00
-7.274775e+00
-3.550232e-02
-1.302782e-02
6.928816e-02
2.911851e-01
7.175064e-01
-5.163744e-02
-6.306748e-01
-2.603822e-01
-5.306134e-01
-5.553119e-01
1.740233e+00
8.259845e-01
-1.833529e-01
-5.648882e-01
-4.553748e-01
-2.296563e-01
-3.347854e+00
-1.371878e+00
2.745297e-02
-1.685163e+00
-2.788834e+00
-1.410329e+00
7.836484e-01
-1.871443e+00
-3.078309e-01
4.196707e-01
-8.666855e-01
3.450911e-02
-1.881843e+00
-3.390953e+00
-1.842728e-01
7.965941e-01
-4.891121e+00
-5.183596e+00
-7.032065e-01
-3.169732e-01
-2.971851e+00
1.793133e-01
-5.988491e-03
5.210675e-01
6.850309e-01
-1.446716e+00
-5.459214e+00
3.274167e-01
-3.171020e-01
-1.041921e+00
-1.445396e-01
9.859134e-02
2.229428e-01
-5.851712e-01
-2.665626e-01
7.769247e-03
-6.101954e+00
-4.912236e+00
-2.123862e+00
1.469403e-01
-9.348755e-01
-1.585273e+00
-4.513673e-01
5.403380e-01
-2.182840e-01
4.454750e-01
-4.119288e+00
4.324418e-02
-4.983079e-01
-3.143549e+00
1.572255e-01
-1.714191e-01
6.812432e-01
2.760048e-03
-1.109027e-01
-3.680831e+00
-1.501649e-01
5.269961e-02
-6.935019e-01
5.076487e-01
-8.815095e-01
-1.917629e-01
-1.154867e+00
-3.980970e+00
-1.948280e+00
-1.488860e+01
-2.514085e+00
8.190649e-01
-1.145021e+01
7.187367e-01
-1.579833e+00
-3.125788e-01
-1.567439e-02
-7.003667e-01
1.120466e-01
-1.150096e-01
-1.428816e+00
2.995036e-02
-1.346177e+00
-4.964409e+00
-1.923461e+00
-2.808996e+00
-4.237269e+00
-1.350280e+00
-4.694589e-01
1.022554e+00
4.126812e-01
-4.505638e-02
-1.722706e+00
-1.613141e+00
-8.076980e-01
-1.522746e+00
-1.890752e-01
8.659012e-02
-9.413826e-02
2.538208e-02
7.976181e-02
-1.061588e-01
-6.044710e-01
-2.855200e+00
-8.343657e+00
-5.325389e+00
6.483025e-01
-1.492556e-01
-4.477808e+00
7.903579e-01
5.396292e-01
-4.183773e+00
1.481649e-02
9.710288e-02
-2.668315e+00
-1.488496e-01
-7.386693e-02
-2.585581e+00
-1.934947e+00
-2.585708e-01
-2.988863e+00
-4.944121e+00
-4.258995e+00
3.426135e-01
-8.765749e-01
-8.846512e-01
3.398591e-02
-2.584789e-01
4.159021e-01
-2.285015e-03
-4.914633e-04
-6.243231e-04
-2.049001e-04
1.171750e-03
1.360059e-04
-7.647018e-07
1.604644e-04
-1.263548e-04
-6.773186e-01
-5.310926e+00
-2.829799e+00
-8.630973e-01
-4.704048e-01
-3.613943e-01
3.727444e-01
1.461128e-01
-8.204503e-01
-5.052104e+00
-1.995685e+00
3.728504e-01
-2.419686e-01
9.536023e-02
1.160169e-01
1.053807e+00
-4.908147e-01
-3.338247e-01
1.354497e-01
-7.102965e-02
-5.467553e-02
-9.057900e-01
2.769932e-01
2.338195e-01
-2.541857e+00
-4.683918e+00
-1.633505e+00
2.096298e-01
-4.396613e-01
-2.117600e+00
-9.841153e-02
8.781886e-02
-5.212918e-01
-3.408775e+00
-8.475211e-02
1.614950e-01
-3.638039e+00
-4.986779e+00
4.536738e-01
2.888192e-01
-5.789249e-02
-6.270629e-01
6.203614e-02
2.781517e-01
-2.490701e-01
-1.929334e-01
-1.472456e+00
7.573074e-03
-5.981620e+00
1.058750e-01
5.118239e-02
-6.138608e+00
1.361745e-01
-3.169921e-01
-7.468756e-02
1.890989e+00
-6.714236e-01
-4.656202e-02
3.134760e-01
-1.154890e-01
-5.179449e-01
-5.820804e-01
-6.117942e-01
-1.439583e+00
-3.585176e+00
-2.585903e+00
1.801569e-02
-2.645341e-01
-2.199198e+00
2.394257e-01
2.199740e-02
6.156453e-01
1.589610e-01
-7.458985e-01
1.180274e-01
-4.046926e-01
3.467222e-01
-1.294196e+00
5.532465e-02
6.451912e-02
-4.647512e+00
-8.048657e-02
-5.181413e+00
-7.565328e-01
-8.184822e+00
-9.648090e-01
2.320669e-01
-8.897151e+00
6.359951e-01
-1.921137e-01
-1.351535e-01
1.396546e+00
-3.095465e-01
-4.191029e-01
4.746938e-01
-1.991852e-01
-4.939086e-03
1.371887e-01
-7.615647e-01
-9.782449e-01
2.759304e-02
-1.608383e-02
-5.823293e+00
-9.761554e-01
-3.848147e-01
-1.659240e+00
3.665069e-01
-1.248072e-01
-1.028117e+01
-1.560514e+01
7.525715e-01
1.227147e+00
-3.480450e+00
-1.191909e-01
2.475819e+00
1.092782e+00
9.671680e-01
-8.833381e+00
-1.114306e+01
-1.947231e+00
-7.508573e-01
-1.262591e+00
-3.532768e-02
-5.865144e-01
-2.531881e-01
-1.233889e+00
1.198494e-01
1.239430e-01
-1.195691e-01
-4.639813e-01
1.417243e-01
5.463632e-02
-1.212690e+00
-2.343308e-01
-3.653699e-01
-2.554820e-01
-4.931830e-01
-3.479567e-01
1.772722e-03
5.136949e-03
-3.844028e-04
1.437736e-03
-5.130264e-03
7.476616e-03
7.525777e-01
-4.627002e-01
-1.394565e+00
-1.479478e+00
-5.380527e+00
-4.118364e+00
-3.666162e-01
-6.047234e-01
-5.101398e+00
7.255270e-03
2.629597e-01
-2.864699e-01
-1.340369e-01
-3.350519e-01
-4.033580e-01
-5.639173e-01
-1.975042e-01
-3.056349e-01
-1.018538e+00
3.991909e-01
-8.238907e-01
-2.641703e+00
-2.579203e+00
-2.218756e+00
-2.038937e+00
-2.844952e-01
-8.171952e-01
-5.992373e+00
-6.881499e+00
-1.154274e+00
2.137614e-01
-2.973671e+00
3.925962e-01
-1.840193e+00
1.014199e+00
-1.057392e+00
-8.037658e+00
-5.079652e+00
-7.909761e+00
-3.594246e+00
-3.222668e-01
1.363339e+00
-5.575588e-01
-1.824120e+00
-2.634311e+00
3.922725e-01
-7.161900e+00
-7.960274e+00
-2.058463e+00
8.271775e-01
-4.419262e-01
-2.615050e+00
-1.690150e-01
4.729083e-01
-8.841031e-01
-7.581631e-01
4.395562e-01
-6.806796e-01
-3.743131e-01
-3.685507e+00
-2.382471e-02
-7.409108e-01
-2.627677e+00
-4.294801e+00
-2.242657e+00
-3.688510e-01
-1.953055e+00
2.012193e-01
1.686431e-01
3.057395e-01
-3.072736e-01
-1.863833e-01
-1.136770e-01
4.925582e-01
-1.141051e-01
-1.226529e+00
-2.835342e+00
-1.768745e+00
5.702422e-01
-1.046848e+00
-9.760851e-01
5.315404e-02
3.486816e-02
-2.062934e-01
-5.700730e-01
-3.136364e-02
-5.175009e-01
-1.373100e+00
-5.733781e-01
-3.646758e-02
2.447119e-01
-2.446264e-01
-1.122572e-01
-5.229064e-01
4.954648e-01
-5.053626e-01
-4.192820e+00
-1.743958e+00
-2.008136e-01
1.812542e-01
-7.086307e-01
7.855045e-01
2.319392e-01
-1.680532e+00
-8.259822e-02
-8.305008e-01
-4.675149e+00
-2.131568e+00
-1.856028e-01
1.942433e-01
-6.631131e-01
-2.824099e-01
-1.599273e-01
-2.472131e-01
-8.441653e-01
-3.242493e+00
-7.030860e+00
5.055184e-01
-3.040935e+00
4.173241e-02
-3.178117e-01
-1.058006e+00
-1.100468e+00
-1.117819e+00
-8.991005e-01
-1.687495e+00
-3.863670e-01
-5.157895e+00
-2.171618e+00
4.869748e-01
-8.168799e-01
1.581884e-01
-3.235804e-01
6.139314e-01
-9.632816e-01
-4.743657e-01
4.028406e-01
-6.319909e-01
-8.831884e-01
-1.134786e-01
-4.188727e-01
4.171904e-01
-2.154057e+00
-3.931372e+00
2.326416e-01
-2.375700e+00
-1.433701e+00
-3.728272e+00
-3.718897e-02
2.641115e-01
-2.855943e+00
-1.046603e-01
-2.776635e-02
2.605425e-01
-8.686933e-01
-6.698029e-01
-4.359335e-01
2.601690e-01
-1.265035e+00
4.577239e-01
-1.039299e+00
-4.401175e+00
-1.438911e+01
-7.892183e+00
-8.626490e-01
7.545439e-03
4.414758e-01
-3.563590e-01
5.193004e-01
-1.112865e-01
-7.875882e-01
5.383702e-02
1.912767e-01
6.269018e-03
-9.535610e-01
-4.805733e+00
-2.259884e+00
2.735464e-01
-1.634818e-01
-8.923280e-01
2.781854e-01
-9.077548e+00
-1.276101e+01
-6.992164e+00
-7.374163e-01
-5.450405e-01
-4.068249e-01
-3.076181e+00
-2.386405e+00
-2.429539e+00
-1.461588e+00
-2.582705e+00
1.085703e-01
-7.821858e-01
-3.570542e+00
2.381490e-01
1.239134e+00
-1.444231e+00
-8.937593e+00
-4.274131e+00
-4.339052e+00
-3.373578e+00
2.239223e-01
-2.107265e+00
-7.463997e-01
-7.809888e-01
9.821467e-01
-5.987545e-01
-7.316725e+00
-4.872930e+00
2.395309e-01
-5.503932e-02
-7.882612e-01
2.742916e-02
3.212814e-01
-6.647749e-01
-1.039316e+01
-7.818859e-02
7.874714e-01
1.517559e-01
-6.781915e-01
-3.784507e-01
-1.040530e+00
1.763100e-01
9.703887e-01
-7.193177e-01
5.950983e-03
-6.555619e-01
2.296709e-01
-2.703673e-02
-2.220267e+00
-1.689263e-01
-9.963552e-02
3.315223e-01
-6.092744e-02
-8.408122e-02
-1.744397e-01
-1.302372e-03
7.014030e-02
-2.632242e-02
2.106865e-02
-2.090248e-03
-1.780390e-02
-3.684712e+00
-1.044245e-02
2.501279e-01
-2.569359e+00
-3.756358e-01
3.763891e-01
-2.064501e+00
-1.333880e+00
1.098170e-01
-5.553859e+00
-6.571785e-01
4.338080e-01
-2.079522e-01
3.256653e-01
-7.236844e-02
3.637784e-01
-2.760465e-01
1.789657e-01
-3.248110e-01
-5.211636e+00
1.249863e+00
1.516858e-01
-1.131305e+00
6.179404e-01
-2.340950e+00
2.566935e-01
-1.909814e+00
-4.032794e-01
-2.361489e+00
8.711963e-01
7.503112e-02
-2.216069e+00
-2.023423e+00
3.765249e-01
1.059009e+00
2.245082e-01
-3.238610e+00
-3.158333e+00
-4.919490e+00
-1.349351e+00
-4.980433e-02
-2.176912e-01
2.103055e-01
1.669901e-01
-2.832080e-01
-5.125664e+00
-1.926780e+00
-3.581081e+00
3.251770e-01
-9.208194e-01
1.696783e-01
-2.542302e-01
5.259753e-01
-3.814047e-01
-9.750235e-01
-6.134047e-02
-8.289135e-02
-1.549601e+00
-5.571151e-01
-8.287236e+00
1.666483e-01
-7.213007e-01
-1.210184e-01
-1.014600e-01
-5.341271e-01
-5.468761e+00
-8.997822e+00
7.536416e-01
-6.013022e-01
-8.751395e+00
6.429875e-02
-1.799847e+00
-4.593735e+00
-5.174258e+00
-1.204263e+00
-2.694652e-01
-7.002701e-01
5.157087e-01
4.048489e-01
7.087626e-01
-9.510975e-01
-5.417038e-03
3.705355e-02
3.451943e-02
-1.847510e+00
1.811722e-01
-7.382483e-01
-4.417942e+00
-7.459947e-02
5.475520e-01
2.267240e-01
-1.657441e+00
6.870608e-01
-4.114426e-01
-5.212342e+00
-3.058223e+00
-8.573784e-01
-3.512964e+00
-1.512817e+00
-2.547464e+00
-2.816746e-01
5.787490e-01
-1.884501e+00
5.108133e-01
-2.090867e-01
-1.426829e+00
3.917874e-01
-5.795743e-01
-2.284543e-01
-1.348917e+00
-3.691430e+00
-8.849083e+00
1.391866e-01
4.941152e-01
-6.499584e+00
-5.164285e-01
-4.163528e-01
-4.253670e-02
-6.106011e-01
-4.695494e+00
-1.469804e+00
-9.224592e-03
-2.560793e+00
-1.426978e+00
5.636816e-01
-2.283255e-01
2.725723e-01
1.160828e+00
-1.243373e-02
-2.568579e-01
-1.727701e-01
-6.023408e-02
-6.373451e-01
-5.246355e-01
3.767325e-01
-6.745147e-01
1.546754e-01
-2.881972e-01
-4.001150e-01
-1.836167e+00
-6.318368e+00
-7.208599e-01
6.428773e-01
5.110562e-01
-4.767404e-01
-4.502620e-01
-3.095706e-01
-6.473643e-01
-3.292351e+00
-1.764873e+00
2.316693e-01
1.694386e-01
-1.096553e+00
1.179670e-01
-4.590010e+00
-4.791524e+00
2.031208e-01
-2.498751e-01
6.553032e-03
3.055190e-01
1.875036e-01
4.994210e-01
-6.019391e+00
-3.300430e+00
-1.537834e+00
-2.040408e-01
3.091600e-01
-5.948249e-01
-1.997271e+00
4.062487e-01
3.649873e-01
1.030234e-01
-4.154196e-01
1.471748e-01
-4.372869e-01
-2.386777e-01
-1.931266e+00
1.956384e-01
-1.703175e+00
-1.080919e+00
7.464195e-01
-2.316749e+00
-8.667726e+00
-4.401337e+00
3.901314e-01
7.785079e-02
5.422345e-01
1.479640e-01
2.862664e-01
-1.862773e+00
8.402249e-01
-3.899864e+00
-2.291182e-01
-2.442411e-01
-1.886078e+00
1.372202e-01
2.381564e-01
-1.247652e+00
-1.722079e-01
-4.326608e-01
-2.397695e-02
-1.695952e+00
-1.125216e+00
7.119090e-01
-4.236203e+00
-3.796816e-01
-2.250447e+00
-4.245630e-01
2.699409e-01
-3.878049e+00
5.496839e-02
-6.487855e-01
-1.609222e+00
-9.448384e-02
1.070022e-02
-5.438690e-01
-7.841394e+00
2.213067e-01
-6.214202e-01
-1.513314e+00
1.784933e-02
-2.590942e-01
1.590219e+00
-1.423597e-01
3.232065e-01
2.435684e-01
-2.384049e+00
-9.062371e-02
-5.655469e+00
-6.487843e-01
-1.134922e-01
-3.240841e+00
-1.399806e+00
-6.670083e-01
-1.053746e-02
1.543544e-02
-6.440439e-01
-3.665522e+00
-6.400329e-01
-9.838516e-02
-7.482868e-01
9.213539e-01
-7.124666e-02
2.517691e-01
-5.000549e-01
-1.834949e+00
-1.128656e+00
-2.054933e+00
-5.848647e+00
1.036941e+00
-8.651336e-01
-3.917300e+00
-1.223528e+00
-1.786536e+00
-5.822510e-01
-1.180493e+00
4.281485e-01
4.314321e-01
-3.471721e+00
-2.340333e+00
9.414817e-02
-1.554859e+00
-5.552908e-01
-3.716132e-01
2.042823e-01
1.413823e+00
3.508234e-01
-3.171268e-01
8.904009e-02
3.087358e-01
-6.998571e-01
-2.803046e+00
-4.921962e+00
1.664344e-01
-1.163955e+00
-1.003265e-01
-7.640929e-01
6.461345e-02
-3.666965e-01
1.494525e-01
-6.329495e-01
-5.097482e-01
-4.050418e-01
4.616665e-01
5.952433e-02
1.148815e-01
-1.708813e-01
-2.247876e-01
-5.096942e-01
-2.545847e-01
-7.455890e-01
2.487674e-02
-1.366223e+00
-2.373221e+00
-1.715889e+00
-2.577559e+00
-3.266073e+00
7.109240e-02
1.979951e-01
-4.894877e-01
-3.173587e+00
-9.797341e-01
4.590942e-01
2.603571e-01
-1.120018e+00
-3.517022e-01
-5.084707e+00
-2.217468e+00
-2.047651e+00
-6.356778e+00
6.935988e-02
-3.516587e-01
-6.072552e+00
1.876164e+00
-5.916169e-02
-1.420296e+00
-9.715940e-02
-2.360897e-01
2.371088e-01
-1.667415e-01
-5.315359e-01
-2.396789e+00
-1.185316e+00
-8.575342e-01
5.048085e-01
-1.202665e+00
2.911928e-01
-9.752950e+00
5.873276e-02
5.107327e-01
-8.506916e+00
-1.238016e+00
-1.863691e-01
-1.123537e+00
-5.070575e-01
-1.515826e-01
2.065489e-01
1.071867e+00
6.325055e-02
-2.622377e-01
1.718202e-01
2.929204e-01
-9.040319e-02
2.697943e-01
9.219279e-03
-1.241788e+00
-1.897774e-01
2.004283e-01
-9.347978e-01
-3.335158e-01
2.024968e-01
-5.964117e-01
-9.564274e+00
-1.297911e+01
9.527102e-01
1.273785e+00
1.185319e+01
-3.062775e+00
-1.180354e+00
4.394432e+00
-2.533579e-01
-1.341636e+00
-2.728015e-01
5.870765e-02
-6.162658e-01
-1.963457e+00
-8.741194e-01
7.997081e-01
-3.490690e+00
-7.333917e+00
5.545183e-02
1.205665e-01
-2.481472e+00
1.893733e-01
1.519189e-01
-1.715486e-01
-7.413407e-01
-4.236712e-01
-1.183811e+00
-1.154643e-01
-5.701905e-01
-3.782277e+00
3.201200e-01
-2.122430e-01
-1.772228e+00
-4.616075e-01
4.218271e-01
7.077971e-01
-3.757056e+00
-3.808304e+00
-3.461944e-01
-1.639661e-01
-1.287992e+00
7.640173e-01
-6.581311e-01
9.760144e-01
6.939086e-01
-2.187143e+00
3.477418e-01
-3.323767e+00
6.223252e-01
1.191337e-01
-3.907036e+00
-4.197075e-01
-1.317557e+00
8.523803e-02
-3.517213e-01
-4.850095e+00
-3.494088e-02
-4.488917e-01
-2.343136e-01
-4.233230e-01
2.910339e-01
1.785813e-01
4.236153e-01
8.110990e-01
-8.178749e-02
-1.565480e-01
-3.872547e-01
-1.963913e-01
-3.608854e-01
-8.790553e-01
-2.611629e-01
-3.720078e-01
2.244052e-01
2.460033e-04
-2.276220e-01
5.394986e-01
-3.977513e-01
-1.929692e-01
-1.420338e+00
-4.697846e+00
1.543935e-01
-5.050415e-01
-4.080862e+00
4.475212e-01
-8.064870e-01
1.681961e-01
2.466403e-01
-1.844096e+00
-1.530365e+00
-6.875014e-01
-4.866866e+00
-3.610416e-01
-4.126295e+00
-5.532240e-01
2.166069e-01
-2.427842e+00
-1.138010e+00
-2.113681e-01
-6.032645e+00
-9.726706e+00
-1.328282e+01
-7.425495e-01
-3.794734e-01
1.001156e+00
1.144695e+00
1.681783e-01
-5.556785e-01
-5.659537e+00
-3.049165e-01
2.018705e-01
1.301663e-01
8.224239e-03
-3.019918e-01
2.694948e-01
-8.639045e-01
1.070157e-01
-9.742015e+00
-3.838790e-01
4.214466e-01
-2.613898e+00
2.597905e-01
-5.999518e-01
6.669031e-01
-2.086848e-01
-9.095556e-01
2.237405e-01
-9.347643e-01
-3.755674e+00
2.463118e-01
-8.028919e-01
-6.429433e+00
-4.291243e-02
1.230567e+00
-1.941148e+00
1.582982e-01
-6.989812e-01
-9.315276e-02
-1.250229e+00
-3.934231e+00
-1.475861e+00
-5.739021e-01
-8.412869e-01
-7.387371e-02
-1.190235e+00
-2.155603e-01
-2.350584e-01
-2.141461e-01
-2.634406e+00
-2.013775e+00
-1.277453e+00
7.720051e-01
-2.058925e+00
-1.098464e+00
-5.827480e+00
-1.379822e+00
-1.990109e+00
-4.002616e-01
5.617241e-01
5.976484e-01
1.994632e-01
-9.017596e-01
-8.048463e-01
2.227349e-01
-1.308612e-01
2.961094e-01
-2.981397e-01
-9.145838e-01
-2.515625e+00
-6.840512e-01
-4.508858e+00
-3.655961e+00
-1.134490e+00
-8.337050e-01
-3.938905e-01
5.775595e-01
-7.866327e-01
3.961238e-01
-6.696079e-01
6.716093e-01
-2.231392e+00
-1.819002e-02
7.774339e-02
-2.613782e+00
1.201255e-01
-1.122103e-01
-4.627176e+00
-1.057351e+00
-4.774541e-01
-5.090071e+00
-5.008051e+00
-4.696328e-01
-9.207755e-01
-3.402048e-02
3.659607e-01
6.647474e-01
6.450437e-01
-1.637668e+00
4.364233e-01
1.223139e+00
8.244608e-02
-4.875797e-02
6.841256e-02
4.898710e-02
-4.566988e-01
-2.404066e-02
2.025581e-01
-3.611953e-01
-5.811532e+00
-3.853084e+00
-2.189487e-01
-2.825213e-01
3.647695e-01
3.819854e-01
5.523347e-01
1.276792e-01
-9.428484e-01
2.262040e-02
-7.338362e-01
-4.418828e-01
-5.674029e-01
-5.784110e-01
-4.005754e+00
-6.484410e-01
1.478492e+00
-5.945357e+00
-2.570509e+00
2.973028e-01
-1.048832e+00
-4.182851e-01
-1.147673e-01
9.038599e-01
2.269776e-01
-1.689380e+00
2.255223e-01
-1.955327e+00
-6.495375e+00
-6.568622e-01
2.224474e-01
-1.776100e+00
7.807465e-02
6.311652e-02
-1.244938e+00
3.435789e-02
-1.180495e-01
1.353706e-01
-1.399253e+00
-3.964613e+00
-7.149618e-01
-3.153165e+00
-4.781787e+00
-1.422057e-01
-1.516042e-03
-1.135924e+00
-3.760469e+00
-1.226424e-01
-3.867143e-01
-2.097381e+00
-2.380265e-01
-5.177790e-02
-7.448259e-01
-4.327076e-01
-3.210549e+00
-3.481435e+00
1.476278e-01
5.947854e-02
-1.336160e-01
-2.974440e-01
-2.987573e-01
7.843283e-02
-1.060956e-01
-4.734438e-01
-2.519626e-01
-3.747721e+00
-1.699215e+00
-9.852784e-01
-2.296284e+00
-7.847278e-01
9.109213e-01
7.535240e-02
-4.058467e-02
-7.682434e-01
-2.340766e-01
-9.177113e-01
-4.618927e+00
1.436653e-01
2.880995e-01
-6.076121e-01
5.611393e-01
-1.703976e-01
2.449219e-01
-1.073337e+01
-1.207786e-01
5.450462e-01
-5.787455e+00
-3.218251e-01
1.148569e+00
7.617508e-01
-2.453135e+00
-4.295197e+00
-1.075215e+01
5.592284e-01
1.131251e-01
-2.107230e+00
-3.854028e-01
-5.378517e-01
2.286460e-02
-6.691324e-01
1.588058e-01
-7.216279e-01
-3.855094e-02
-2.139185e+00
3.782150e-01
-2.105346e+00
-1.675841e+00
-2.993953e-01
-4.639412e-01
-2.847786e-01
-6.691301e-03
4.560835e-02
-5.056532e-03
-1.642248e-02
1.746897e-02
-9.414544e-03
-7.028586e-02
1.879949e-01
-4.009533e-01
-5.598887e+00
-1.377875e-01
2.152963e-01
-1.377893e+00
-2.134586e-01
2.372980e-01
-7.786075e+00
-1.127490e+01
-9.197294e+00
-4.752443e+00
1.242149e+00
-2.488607e-01
-4.380359e+00
-3.552527e-01
2.615680e-01
-4.163046e+00
3.058838e-01
-6.408398e-01
-1.436031e+00
4.941832e-03
2.264099e-01
-5.523825e-01
5.514625e-02
-8.067141e-01
-1.515947e-01
-5.330314e+00
1.078198e-01
-9.740251e-02
-2.925969e-01
4.710726e-01
-2.438688e-01
-3.692545e-01
-2.993503e-01
-3.414917e-01
-5.847371e-02
-4.299138e-03
2.683550e-02
4.027626e-01
6.093098e-04
-1.916123e-01
-5.492460e-02
-4.109958e-02
-2.652828e-01
-4.975950e-03
-5.418976e-02
3.108261e-01
-1.722291e-01
-5.477645e+00
-7.559304e-01
-5.302580e-01
-7.591147e+00
-8.304720e+00
-5.528228e+00
-7.413536e+00
-1.184359e+00
-3.915894e+00
3.856782e-01
-1.266208e+00
2.717362e-01
-7.359390e-01
-2.016502e+00
4.698521e-01
-3.089056e-01
-3.813965e+00
-3.399248e-01
2.129468e-01
1.904564e-01
5.820991e-01
-1.122186e-01
-8.829208e-01
-5.919345e+00
-2.707469e+00
8.567531e-02
-6.444794e-02
-5.304927e-01
2.432972e-01
-1.266829e-01
-9.942865e-01
-3.861155e-01
-4.128204e-01
1.995631e-01
-6.571662e+00
-2.095699e-01
-5.918098e-02
-5.964347e+00
-7.232554e-01
4.731508e-02
-7.653639e-01
-4.133202e-01
9.193255e-02
-8.353035e-03
-8.294210e-02
1.370134e-02
2.829322e-03
-1.167908e-01
-8.129326e-01
6.013746e-01
-3.708954e+00
-5.396145e+00
-2.578758e+00
2.018196e-01
3.650425e-01
2.793094e-01
3.398625e-01
-7.051019e-01
-2.529878e+00
-6.307657e+00
-4.886226e+00
-8.304036e-02
-1.746990e-01
-1.425426e-01
3.009108e-01
1.117015e-01
-3.292756e-01
-2.366036e+00
-1.042127e+01
-9.303299e-01
3.887826e-01
-4.880719e-01
-5.817584e-01
6.221201e-01
2.839862e-01
4.035145e-01
-3.309203e+00
-5.088837e-01
8.701203e-01
-6.757004e+00
-1.622708e-01
1.528211e-01
-1.425691e+00
-2.055876e-01
-1.769053e-01
-4.260212e-01
3.318619e-01
3.172035e-01
6.809996e-01
-1.309548e-01
-3.993623e+00
2.195049e-01
-1.987381e-01
-5.778221e+00
3.300112e-01
-7.814892e-01
1.897674e-01
-5.911545e-01
6.616542e-01
-7.659166e-02
-2.974716e-02
-1.765596e+00
-4.191392e+00
1.327915e+00
-6.049947e-01
-1.321625e-01
-6.814258e+00
4.492859e-01
2.522088e-01
-9.906433e+00
-3.577016e-01
-7.047329e-02
-7.194060e+00
-2.442056e+00
6.264237e-02
-1.974145e+00
2.251177e-01
-4.162654e-01
7.527031e-01
-2.431951e-01
7.268528e-01
