7.171417e-02
-8.493722e-03
-1.360357e-02
5.396858e-02
-4.646539e-02
5.918876e-02
-4.930378e-02
-1.259755e-01
2.890261e-02
1.364238e-01
-2.104354e-02
1.099780e-01
-2.247597e-02
3.036286e-01
6.177110e-02
3.690901e-02
6.473520e-02
1.060231e-01
2.437097e-02
-7.702176e-02
5.540781e-02
2.288055e-02
1.089019e-01
6.037943e-02
5.214246e-02
1.884427e-02
7.952422e-03
3.504127e-02
4.647350e-02
1.184051e-03
-9.859945e-02
-1.153766e-01
-9.335528e-02
-5.968275e-02
3.629788e-01
-6.157253e-02
-3.550639e-02
3.104989e-01
-1.050824e-01
-3.546181e-04
5.343840e-03
-5.515066e-03
3.367019e-02
3.229993e-01
7.357400e-02
5.734696e-02
-1.263476e-01
-1.113005e-01
9.484208e-02
4.713649e-02
3.048521e-01
-2.026842e-02
-1.720064e-02
4.551462e-02
-4.365698e-02
1.015956e-02
-5.872540e-01
-5.977543e-02
-1.640044e-02
3.331250e-02
9.370162e-02
3.858457e-02
9.019609e-03
-1.218633e-01
-7.170733e-02
1.189166e-02
6.265756e-02
1.308031e-01
-4.638026e-02
1.201371e-01
-8.833493e-03
7.057112e-02
-1.003999e-01
-5.239018e-01
4.334586e-02
4.731548e-02
-1.640752e-02
-3.203936e-02
1.731296e-02
-1.260348e-01
-9.763528e-02
4.280470e-03
-7.136682e-02
-3.857530e-02
-6.543420e-02
-3.816741e-02
3.997635e-02
2.603588e-01
1.208476e-01
5.996499e-02
-4.812806e-03
-1.472492e-01
1.007733e-01
-7.507328e-02
4.157381e-02
-4.526014e-01
-1.541030e-02
-4.703676e-02
5.535564e-02
2.023735e-01
1.114709e-02
-1.020815e-01
-2.133111e-02
-2.588788e-02
-5.051611e-02
-1.439728e-02
-2.421980e-02
8.623661e-03
-3.505832e-02
3.634219e-02
-3.962075e-02
3.153600e-02
-1.317187e-02
-2.498798e-02
1.127261e-01
-7.847818e-02
-1.410582e-01
-8.313885e-02
-9.905905e-02
4.410188e-02
2.684578e-02
3.292859e-02
-6.747397e-02
-3.653107e-02
6.891878e-02
2.140332e-03
1.126679e-01
4.680057e-02
6.176033e-02
-8.452388e-03
-8.996098e-02
1.054411e-02
-7.445577e-02
-1.021935e-01
2.304457e-02
5.486833e-04
-4.435074e-03
7.421625e-02
-4.435411e-02
-6.272380e-02
-1.071689e-01
4.241249e-02
-5.757998e-02
-3.613275e-01
-4.173812e-02
-1.624103e-02
-2.310392e-02
-1.472145e-02
4.933478e-02
2.539658e-01
6.070146e-02
2.106448e-02
1.368994e-01
-1.049473e-01
7.666078e-02
3.171868e-03
9.539334e-02
1.656432e-02
4.992486e-02
2.438520e-02
6.136892e-02
-5.160079e-03
9.320602e-02
2.335090e-03
1.784812e-02
-2.821840e-02
4.292427e-02
3.629366e-02
2.018823e-02
-2.480203e-02
4.685350e-02
7.168169e-02
1.479975e-02
-1.839509e-02
-8.802570e-02
-1.015823e-02
-3.794415e-02
-2.525889e-01
-8.643753e-02
3.946053e-02
2.463597e-02
1.831735e-02
-7.938287e-02
-3.864034e-02
3.082359e-02
4.134643e-02
5.194000e-02
-4.533548e-02
-9.213462e-02
2.950505e-01
-7.483662e-02
9.859110e-03
-6.901056e-02
4.182113e-02
5.638524e-02
7.620408e-02
-1.271684e-01
-5.660598e-02
5.423070e-02
3.901011e-02
-3.468608e-01
-3.515030e-01
2.339236e-02
6.830769e-03
3.504962e-02
5.078518e-02
2.514044e-02
-2.210601e-01
-6.024919e-03
1.644538e-02
-4.302451e-02
8.851600e-02
4.397674e-02
3.012511e-02
2.593937e-01
1.101888e-01
8.301689e-02
-5.751486e-02
1.258688e-01
2.103430e-02
6.449586e-02
1.000942e-01
4.182490e-01
-6.193646e-02
6.755447e-02
1.093868e-01
-5.798033e-02
-4.064953e-03
-4.474578e-02
8.391115e-02
-8.997463e-02
-4.870197e-02
2.250268e-02
-5.056519e-02
9.055667e-03
5.513471e-03
7.357560e-04
1.480209e-02
-5.401608e-02
-4.071690e-01
1.919349e-02
2.691354e-02
-1.280175e-01
1.363952e-01
-1.539403e-02
8.433353e-02
-3.634248e-02
5.494753e-02
-9.516249e-02
-1.676555e-01
-1.440082e-02
5.224616e-02
-1.143026e-01
2.130879e-01
1.363135e-01
-5.102415e-02
7.169129e-02
-8.933698e-03
-1.370417e-02
5.617668e-02
-4.729448e-02
5.930201e-02
-4.933380e-02
-1.263396e-01
3.207124e-02
1.358802e-01
-2.129028e-02
1.099129e-01
-2.243197e-02
-3.414764e-01
6.178588e-02
3.697645e-02
6.659982e-02
1.059572e-01
2.409400e-02
-7.762647e-02
5.577137e-02
1.408739e-02
1.105753e-01
6.038724e-02
5.213100e-02
1.860793e-02
1.279593e-02
2.348303e-02
4.645690e-02
1.583808e-03
-9.882883e-02
-1.155790e-01
-9.356900e-02
-6.043496e-02
-2.952307e-01
-6.115771e-02
-3.554833e-02
-3.281904e-01
-1.053097e-01
-6.091399e-03
5.304290e-03
-1.457085e-03
3.365805e-02
-3.011388e-01
7.362831e-02
6.155230e-02
-1.263750e-01
-1.112907e-01
9.481435e-02
4.684919e-02
-3.053658e-01
-2.026530e-02
-1.626876e-02
4.552801e-02
-4.462214e-02
1.025523e-02
5.994768e-01
-5.701874e-02
-1.548749e-02
3.364163e-02
9.372245e-02
3.886922e-02
9.345731e-03
-1.218205e-01
-7.172793e-02
1.139264e-02
6.240038e-02
1.307615e-01
-4.773432e-02
1.197568e-01
-8.714256e-03
7.163253e-02
-1.000549e-01
4.926070e-01
4.314101e-02
4.726181e-02
-1.646826e-02
-3.385270e-02
1.273266e-02
-1.259900e-01
-9.757636e-02
-1.021874e-01
-7.120325e-02
-4.127419e-02
-6.558280e-02
-3.902759e-02
3.999393e-02
-2.744242e-01
1.064371e-01
6.088204e-02
-4.061306e-03
-1.469719e-01
1.005355e-01
-7.512683e-02
4.149315e-02
5.308462e-01
-1.550775e-02
-4.720810e-02
5.490708e-02
-2.338998e-01
1.087701e-02
-1.021405e-01
-2.159495e-02
-2.584304e-02
-5.049341e-02
-1.630098e-02
-2.496128e-02
8.777694e-03
-3.529577e-02
4.343349e-02
-3.930937e-02
3.212089e-02
-1.311774e-02
-3.387491e-02
1.127565e-01
-7.727076e-02
-1.409124e-01
-8.343001e-02
-9.896562e-02
4.461285e-02
2.903752e-02
3.281352e-02
-6.745585e-02
-3.558076e-02
6.879322e-02
2.202251e-03
1.118842e-01
4.684375e-02
6.158845e-02
-8.571859e-03
-8.959680e-02
1.093700e-02
-7.162729e-02
-1.022137e-01
2.276119e-02
4.185045e-04
-1.515084e-03
7.418583e-02
-4.597924e-02
-6.272683e-02
-1.055684e-01
4.174485e-02
-5.147664e-02
3.699672e-01
-4.257302e-02
-1.625480e-02
-2.325147e-02
-4.255709e-02
5.077216e-02
-1.698975e-01
6.352619e-02
2.045237e-02
1.379734e-01
-1.042149e-01
7.721575e-02
3.206187e-03
9.592193e-02
1.407885e-02
4.991652e-02
2.429247e-02
6.133787e-02
-5.122548e-03
9.303900e-02
2.189093e-03
1.763262e-02
-2.856327e-02
4.165590e-02
3.327714e-02
3.726897e-02
-2.630900e-02
4.676938e-02
7.106092e-02
1.482602e-02
-1.808091e-02
-8.795276e-02
-1.017012e-02
-3.817447e-02
2.741061e-01
-8.663170e-02
3.971504e-02
2.409658e-02
1.806126e-02
-7.934700e-02
-4.099567e-02
3.089343e-02
4.211894e-02
5.204704e-02
-4.548970e-02
-9.250771e-02
-3.255851e-01
-7.432899e-02
9.873046e-03
-6.865460e-02
4.117930e-02
5.611435e-02
7.616600e-02
-1.270575e-01
-5.647340e-02
5.440022e-02
3.877976e-02
3.170357e-01
3.863011e-01
2.233083e-02
7.661351e-03
3.509599e-02
5.082867e-02
2.514887e-02
2.627522e-01
-6.675584e-03
1.294511e-02
-4.433582e-02
8.324583e-02
4.402277e-02
1.839752e-02
-3.160171e-01
1.098800e-01
8.243497e-02
-5.737135e-02
1.258007e-01
2.099808e-02
6.453943e-02
1.000737e-01
-3.645711e-01
-6.190926e-02
6.627195e-02
1.095052e-01
-5.797987e-02
6.082763e-04
-4.504884e-02
7.581653e-02
-9.626121e-02
-4.775447e-02
1.788712e-02
-5.076740e-02
9.720840e-03
5.551856e-03
3.248211e-06
2.074314e-02
-7.103407e-02
4.682477e-01
1.919940e-02
2.688957e-02
-1.280712e-01
1.359588e-01
-1.538245e-02
8.427016e-02
-3.302976e-02
5.492172e-02
-9.200299e-02
1.648028e-01
-1.481919e-02
5.111847e-02
-1.145386e-01
-2.187859e-01
1.364504e-01
-5.134534e-02
