0.31825227
-0.88376963
-0.20116605
-0.18227011
0.17024951
-0.02616996
0.25418329
-0.01676001
0.38197803
0.04212172
0.46950218
0.28846115
0.15371013
-0.04065208
-0.14320669
-0.51661754
0.46344244
0.18770017
0.42820606
0.19337721
0.00646904
0.78626859
-1.06134129
0.33989492
0.26969230
-0.07128567
0.12513676
-0.13447066
-0.79312354
-0.52954310
-0.10635396
0.06732686
-0.18526666
0.09471163
0.24260417
-0.11451253
-0.37501758
0.50371873
0.71144176
-0.34144154
0.56881112
0.51609790
-0.01999496
0.05258010
0.21549037
-0.13228932
0.39272675
0.38235793
-0.14309323
-0.16300748
-0.34439504
0.91256857
-0.09122325
-0.12602152
0.22977942
-0.02429548
-0.07266156
0.27695537
0.82236290
-0.03725139
0.49109814
-0.11740001
0.13145745
0.10326677
