-4.154795e-03
-5.530318e-02
-1.623065e-02
-4.003185e-02
-1.915700e-02
-1.961453e-02
-4.882572e-02
2.533898e-02
8.904845e-03
-3.711537e-02
-5.858747e-04
-3.823058e-02
-2.258078e-02
1.826452e-03
-6.761831e-02
-8.048444e-03
-4.520915e-02
-1.252447e-02
8.701379e-03
-1.544239e-02
-1.873102e-02
-9.734773e-04
2.781218e-02
-6.045477e-02
-3.199941e-02
3.682237e-02
-3.380612e-02
-1.009410e-02
-8.819707e-02
-3.809715e-02
-3.745134e-02
-1.343500e-03
-8.343993e-03
-1.884741e-02
-2.723699e-02
1.453197e-02
-9.155649e-04
-4.177673e-02
-4.739916e-02
-1.530275e-02
-3.515010e-02
-5.213157e-02
2.413066e-03
-9.904035e-03
1.416912e-02
-1.737002e-02
-1.393139e-02
-5.663029e-02
-2.786850e-02
4.588092e-03
1.046556e-02
-1.484614e-02
3.674887e-02
-6.860051e-02
9.142875e-03
-2.744032e-02
1.681347e-02
-1.502338e-02
9.324611e-03
-1.314822e-02
-3.559436e-02
-4.097143e-03
3.946442e-02
1.435781e-02
-2.719279e-02
9.179465e-03
9.869736e-03
-3.899387e-02
1.982500e-02
-3.348367e-02
1.456297e-02
2.210634e-02
-1.746739e-02
5.507733e-03
-4.717797e-02
-3.931033e-02
-5.294535e-02
-1.991194e-02
-3.621308e-02
-8.007668e-02
-1.572645e-02
-4.660182e-02
-5.068352e-02
-3.110159e-02
-3.058428e-02
-2.012093e-02
-2.467725e-02
-5.526846e-02
-4.746167e-02
-6.356913e-02
-1.230705e-02
-1.507413e-02
-5.884260e-02
-7.522334e-02
-5.240369e-02
2.859219e-03
-9.702032e-03
5.557836e-03
-5.156559e-02
-2.595568e-02
3.590260e-02
2.191152e-02
-4.227493e-02
-3.764440e-02
-1.590643e-02
-4.198475e-02
-2.969692e-02
-9.043524e-03
-4.075365e-02
-7.400495e-02
4.316648e-02
-8.753647e-03
-2.733537e-02
-4.776163e-02
-1.026423e-02
-1.112604e-02
-6.234961e-02
4.588278e-02
-2.339531e-02
-2.765213e-02
