-1.413219e-01
1.044642e-02
6.881845e-03
1.123907e-02
4.499955e-02
5.562083e-03
-1.697574e-02
1.348919e-02
-6.796591e-02
4.802705e-02
6.694059e-02
1.883415e-03
7.302752e-02
5.468842e-02
-6.810409e-02
1.797804e-03
-4.033711e-02
-1.130695e-01
5.129177e-02
1.307317e-01
-1.129356e-01
-2.208786e-02
3.788264e-02
6.152694e-02
2.017496e-02
6.395783e-03
-9.437019e-02
6.287051e-02
8.308177e-02
9.369154e-02
4.406256e-02
-1.484509e-01
-1.748736e-02
3.896417e-02
7.710090e-02
-3.268249e-02
-2.090292e-02
5.500874e-02
-2.838717e-02
-3.642506e-02
2.283369e-02
-3.936669e-02
2.366643e-02
-6.296580e-02
-5.235210e-02
-1.112896e-02
6.807464e-02
7.504833e-02
2.301546e-02
-4.476746e-03
6.186311e-02
8.114790e-02
4.564163e-02
1.946017e-02
-3.709383e-02
-9.644154e-02
9.374113e-02
9.369534e-02
-6.070966e-02
4.036057e-02
2.163242e-02
-1.256581e-01
3.393871e-02
-1.205586e-03
-2.117276e-02
-9.209071e-02
-9.528142e-02
7.906937e-02
-6.101640e-02
-5.116561e-02
-1.221384e-01
-7.657236e-02
4.515456e-03
-8.234754e-02
4.854060e-02
-1.482987e-02
-6.120454e-02
-1.192317e-01
-1.717085e-02
8.169483e-02
-3.215044e-02
-7.174996e-02
3.513072e-03
-6.856311e-02
-1.532942e-01
1.903119e-03
-1.136523e-01
-3.644564e-02
-1.428304e-01
2.579113e-02
1.338369e-02
-1.854493e-01
-3.206492e-02
-6.253941e-02
2.743600e-02
-1.072330e-01
-1.382582e-01
-8.115660e-02
-6.477256e-02
1.640514e-02
-6.736606e-02
-1.699517e-01
-1.132535e-02
6.746499e-03
3.246055e-02
5.529237e-02
3.189648e-02
5.142911e-02
-4.300511e-02
-5.799185e-02
9.822481e-02
7.804626e-02
2.574977e-02
-1.287426e-01
-5.086817e-02
-1.779547e-02
1.424029e-02
-1.502203e-01
-2.434768e-02
4.284198e-03
-3.009085e-03
-1.090162e-01
1.072377e-02
-1.773229e-02
-1.182138e-02
6.606252e-02
-9.810195e-02
7.155660e-02
-3.652441e-03
-9.532130e-02
1.766900e-02
-1.174086e-01
-3.613915e-02
-9.297204e-03
-5.420448e-02
1.862022e-02
6.317601e-04
8.638753e-03
3.943294e-02
-2.048219e-01
6.017278e-02
3.468592e-02
2.581043e-02
2.639857e-02
-1.525332e-01
3.914471e-02
5.679068e-02
-1.831472e-02
-4.092349e-02
-3.720769e-02
3.493459e-02
-1.010271e-02
-1.510132e-02
-3.838771e-02
-7.585105e-02
1.407639e-02
9.111828e-02
-5.587862e-02
-5.364622e-02
1.062183e-02
-1.493977e-01
1.810382e-02
-7.730374e-02
-1.022691e-01
-1.443470e-01
-1.792617e-01
-2.991498e-02
-7.040018e-02
-1.713817e-01
8.345870e-03
-5.234933e-02
-2.060723e-02
6.376403e-02
-6.163921e-02
1.272649e-02
1.022835e-01
7.788932e-02
4.713094e-02
1.970813e-02
-5.644292e-02
-9.674669e-02
3.066380e-02
1.428761e-01
4.721052e-02
-3.455159e-02
9.126410e-02
5.102460e-02
2.516236e-02
4.838118e-02
-7.710030e-02
2.932810e-02
3.968376e-02
3.181847e-03
1.340640e-02
-6.343094e-02
-5.736588e-02
-6.276242e-02
-1.421905e-02
-1.002734e-02
-6.802305e-02
2.412735e-02
3.438557e-02
-8.945713e-02
6.957882e-02
-5.029229e-02
4.597991e-02
5.150579e-02
3.492957e-02
1.546327e-02
-1.904870e-01
1.185626e-02
8.706206e-02
-7.850381e-02
-8.280870e-02
-8.564112e-02
-5.645932e-02
-5.798828e-02
-4.722165e-02
-3.621826e-02
-2.271245e-02
3.842517e-02
2.678896e-02
-6.152523e-02
-1.128019e-01
-7.563003e-02
-1.144892e-01
-1.027781e-01
2.724102e-02
-7.278160e-02
2.657826e-02
4.558388e-02
-7.701848e-02
-1.659901e-02
-5.616936e-02
1.085977e-02
-1.640836e-02
2.163479e-02
1.194942e-01
-1.151896e-01
4.369981e-02
-8.079176e-02
5.100326e-02
1.199883e-03
8.874089e-02
-7.660586e-02
-1.631832e-01
6.509768e-02
-1.932311e-01
7.352499e-02
1.302548e-02
7.368607e-02
4.568598e-02
6.323804e-04
-3.246731e-02
1.882629e-02
-2.221960e-02
-1.299586e-02
6.054203e-02
-9.340984e-02
-7.589517e-02
5.240052e-02
3.401030e-02
2.865287e-02
1.074168e-01
-7.633796e-02
-2.039168e-02
-3.641664e-02
-5.098832e-02
-4.750372e-02
9.378599e-03
3.623163e-02
-1.404747e-01
-6.245398e-02
-1.765008e-02
3.396213e-02
2.900921e-02
6.390379e-02
-1.142383e-02
2.607266e-03
-6.379208e-02
5.656336e-02
8.060105e-03
-5.737976e-02
-3.771130e-02
-7.256175e-02
-5.120997e-02
2.351204e-02
9.681573e-02
1.070698e-01
-1.557694e-02
-1.022179e-01
-1.068379e-01
-5.180651e-02
-1.041021e-02
-7.449111e-02
9.831924e-03
5.777530e-02
-7.902800e-02
-2.927407e-02
-9.305254e-03
2.678660e-02
4.994650e-02
-1.112252e-01
7.316420e-03
-6.957304e-02
1.082643e-02
-9.826863e-02
-6.809679e-02
1.299121e-02
1.486527e-02
-8.654494e-02
-1.867685e-02
5.180811e-02
5.731063e-02
-2.296397e-02
-6.230379e-03
8.253058e-04
-2.292368e-02
2.219033e-03
-7.789638e-02
-8.162681e-03
4.037625e-02
-4.558037e-03
-2.026969e-03
-3.006676e-02
6.396118e-02
6.254263e-03
2.789737e-02
2.027445e-04
-7.350855e-02
3.617132e-02
5.740603e-02
2.194914e-03
-3.895549e-03
-6.216479e-02
-5.466528e-02
-8.876366e-02
-2.183582e-02
8.482330e-03
-1.260861e-02
-1.904018e-01
-3.072358e-03
-2.680030e-02
-8.730037e-02
-8.203994e-02
-5.639264e-03
-6.312418e-03
-1.036074e-01
1.876057e-03
-1.216760e-01
-6.450818e-02
1.015500e-02
7.689320e-02
6.343049e-02
1.087188e-02
-1.307060e-02
-5.902633e-02
2.758370e-02
6.176661e-02
-6.180135e-02
-1.133837e-02
5.552544e-02
-4.649033e-02
4.271941e-02
-3.059660e-02
-7.552881e-02
-4.196033e-04
-1.377440e-01
-2.461110e-02
-7.044883e-02
-7.258672e-02
-6.199144e-02
5.943840e-02
-7.383019e-02
-3.038094e-02
-2.324682e-02
-2.242259e-02
2.565695e-02
2.065051e-02
-8.350848e-02
9.359063e-02
-6.965584e-03
-4.926104e-02
-1.172117e-01
2.801713e-02
3.963724e-02
8.071345e-02
3.358537e-02
-1.385710e-02
5.682867e-02
1.124297e-02
9.180837e-02
6.789408e-02
-2.146225e-02
9.423657e-03
-1.192490e-01
-2.485189e-02
5.932000e-03
-2.997758e-02
-1.277356e-01
3.801218e-03
1.883809e-02
1.831326e-02
7.839254e-02
-1.021459e-01
-1.345918e-02
9.988365e-03
-1.999570e-02
-7.477222e-02
-5.914135e-02
5.700585e-02
-7.324795e-02
-1.714539e-01
-7.985288e-02
1.207827e-02
-4.391593e-02
-4.551294e-02
-4.597564e-02
-7.499292e-02
5.315355e-02
-1.687187e-02
-1.115773e-01
-6.762239e-02
-1.084397e-01
6.505165e-02
-9.704780e-02
5.865179e-02
-1.347877e-02
-6.681134e-02
-1.911882e-02
-9.622648e-02
1.275409e-02
-9.006377e-02
7.567223e-02
3.285901e-02
-3.120429e-02
9.260054e-02
-1.122058e-01
-1.733136e-02
4.795992e-02
-5.487715e-02
4.284937e-02
-4.501386e-02
4.367398e-02
4.080399e-03
-1.361264e-01
-1.366009e-02
8.234966e-02
3.427152e-02
-1.300760e-01
-2.386062e-02
8.542714e-02
3.536525e-02
6.663023e-02
5.177442e-02
3.251531e-02
-5.935166e-02
-1.175806e-01
-7.476402e-04
-4.839935e-02
-1.545305e-02
-5.023129e-02
-6.719124e-02
2.997862e-02
3.787870e-02
3.505665e-02
-1.146065e-01
-6.593818e-03
8.438537e-03
-1.374147e-01
-1.748175e-01
-4.734967e-02
-1.076029e-01
4.342007e-02
-7.197726e-02
-1.433324e-02
8.977684e-02
-1.222923e-01
-5.299950e-02
5.586782e-02
6.172958e-02
-1.107639e-01
-2.315100e-02
7.562843e-03
-1.740638e-01
7.658624e-02
4.608048e-02
7.745250e-02
5.656032e-02
-7.755716e-02
6.551150e-03
7.894172e-02
-9.982476e-02
-9.338827e-02
9.322052e-02
3.320128e-02
-1.376178e-01
-5.487378e-02
-7.262513e-02
-1.110606e-01
-1.176078e-01
-3.651017e-02
2.761711e-02
-1.345581e-01
2.337876e-02
3.058463e-02
-2.591798e-01
-1.203251e-01
-8.257016e-04
2.171878e-02
6.134674e-02
-2.497615e-02
-1.440354e-01
-1.173081e-03
-1.612801e-01
3.162668e-02
-7.707884e-02
-4.748931e-02
-1.284637e-02
2.355349e-02
-3.823010e-03
-4.042097e-02
-6.209234e-02
-5.284176e-02
2.835274e-02
3.505546e-02
-9.259999e-03
-6.416070e-02
-2.133760e-01
1.202473e-02
6.209667e-02
1.305492e-02
9.380126e-02
-3.296216e-02
1.894344e-02
-9.172164e-03
-3.928522e-02
1.016344e-02
5.560363e-02
7.474072e-02
5.533240e-03
2.353149e-02
4.058512e-03
7.408855e-02
3.650457e-02
-4.458380e-02
1.528990e-02
-1.706648e-02
3.265226e-02
6.719104e-03
1.776400e-02
6.223419e-02
1.371428e-02
-1.141937e-01
-6.074604e-02
2.557673e-02
-7.414255e-02
1.029801e-01
-8.711503e-03
-1.061141e-01
1.294981e-02
6.461971e-02
-1.797780e-02
-5.496283e-02
-3.602939e-02
-2.164260e-02
-3.549636e-02
-6.013091e-02
-6.421144e-02
9.382973e-03
1.194526e-03
-5.040566e-02
-6.966671e-02
2.768936e-02
-5.027957e-02
4.314037e-02
3.216247e-02
3.600459e-02
-1.830327e-02
-1.243229e-02
-1.503098e-01
8.750193e-02
-4.034349e-02
-7.969308e-02
1.078345e-02
-1.469740e-01
3.319825e-02
-2.622982e-02
-1.841209e-02
4.527579e-02
5.351212e-02
1.048040e-01
1.095868e-02
-2.751746e-02
7.486259e-02
3.875273e-02
3.297853e-02
-1.624412e-02
-5.288525e-02
-1.662883e-01
7.711313e-02
7.645404e-02
-1.198776e-02
1.015784e-02
6.570870e-02
4.340824e-02
-1.480166e-02
-8.932327e-02
-8.378364e-02
3.580533e-02
-4.890257e-02
5.468426e-02
-3.996475e-02
1.516532e-02
-3.779208e-02
-1.172441e-03
3.651904e-02
-2.240696e-02
-2.550844e-02
-5.227014e-02
-2.705091e-02
-2.097804e-02
-1.554510e-01
-1.226495e-02
3.402152e-02
-1.321220e-01
9.171212e-02
3.357806e-02
-4.137612e-02
-9.171425e-02
-2.712814e-02
4.610027e-02
7.062253e-02
-1.659956e-02
1.646835e-02
-1.562341e-01
-7.398095e-03
6.291146e-03
1.099444e-02
-4.790332e-02
-3.937493e-02
7.333244e-02
-1.501252e-02
6.691489e-02
-3.180744e-02
-5.864745e-02
-1.642498e-02
-2.911626e-02
-5.639517e-02
-1.044462e-01
4.553083e-02
-9.994811e-02
-7.987554e-02
-8.939498e-02
-7.596099e-02
7.692049e-02
6.989285e-02
-6.932826e-02
3.688900e-03
-1.028544e-01
-6.597567e-02
6.644274e-02
3.050949e-03
-3.327551e-02
-4.302567e-02
5.786607e-02
-3.371842e-02
-4.372691e-02
-8.494078e-02
-7.368137e-02
1.280230e-02
-1.742546e-02
-1.097443e-01
-1.528502e-01
-2.481413e-02
-3.439264e-02
7.294553e-04
8.294287e-02
9.433272e-03
-7.809234e-02
-3.427936e-02
2.346632e-02
1.386649e-02
8.655161e-03
-1.438238e-02
4.339936e-02
2.038665e-02
-1.213003e-01
5.348402e-02
8.434056e-02
1.687556e-02
-8.694141e-02
-1.676989e-02
-2.644785e-02
-6.794679e-02
-2.766938e-03
6.184936e-02
-7.948034e-03
1.476228e-02
-3.197873e-02
2.054210e-02
-1.431449e-02
-9.129483e-02
6.990440e-02
8.054163e-02
4.739632e-03
2.059891e-03
-6.070217e-02
-2.886196e-02
5.257147e-02
-5.720355e-02
-1.160342e-01
-2.596982e-02
5.096668e-02
-2.458407e-02
-1.892100e-02
-5.314985e-02
-1.068766e-01
-5.644131e-02
8.500104e-02
-1.138999e-02
-9.906535e-02
-1.145052e-02
6.169871e-03
3.621797e-02
7.280301e-02
-2.368520e-02
-1.323267e-01
1.492500e-02
7.308020e-02
-3.704550e-02
6.366029e-02
-2.915930e-02
-1.521790e-02
-1.206865e-01
1.254174e-02
-7.154678e-02
3.453991e-02
6.455199e-02
-6.337041e-02
-5.129568e-02
-2.829468e-02
-8.083767e-02
-4.591599e-03
8.950430e-03
-7.214991e-02
-4.072389e-02
-5.524573e-02
1.579800e-02
-1.041383e-01
2.911272e-02
-5.658492e-02
6.954058e-02
1.203205e-02
3.483143e-02
1.409927e-02
-8.188140e-02
-4.596995e-02
1.947533e-02
-6.006441e-02
-6.262942e-02
2.211440e-02
-3.250051e-02
-9.278994e-02
8.087397e-03
-9.673871e-02
-1.945114e-02
-1.007755e-02
-1.256153e-01
-1.040750e-01
-1.254188e-01
-4.844479e-02
-7.864014e-02
-4.760945e-02
-9.167079e-02
-3.720490e-02
-5.394355e-02
1.016210e-01
-7.393403e-02
-6.427170e-02
8.321978e-02
2.027839e-02
-1.294226e-01
-3.081973e-02
-7.127528e-02
9.098846e-02
-5.135025e-02
8.794015e-02
4.975802e-02
-5.331520e-02
4.188589e-02
-7.156178e-02
4.776211e-02
-7.146890e-02
6.907564e-02
-9.110235e-04
1.062142e-01
1.184568e-01
-5.658673e-02
1.617928e-02
-3.748349e-02
-6.159072e-02
-1.020519e-02
-2.014617e-02
-1.294268e-01
-2.079251e-02
2.317229e-02
-6.436619e-02
5.583864e-02
5.220972e-02
4.085658e-02
-2.816550e-02
-1.174833e-01
5.891306e-02
-5.338619e-02
-1.555880e-01
-8.370098e-02
-1.225103e-01
-9.757011e-02
1.420256e-03
-5.789310e-02
-6.442751e-02
-1.002369e-02
8.030184e-03
5.185284e-05
5.999603e-02
7.202000e-02
3.917730e-02
8.954559e-02
-5.275602e-03
-5.637204e-02
-6.529151e-02
2.681151e-02
1.901259e-02
-3.936944e-02
-3.352407e-02
-4.261691e-02
-3.831018e-02
-3.234780e-02
4.460257e-02
6.342562e-02
-1.336794e-01
-1.065752e-02
-2.444524e-02
-7.782204e-02
-3.425038e-02
-4.726181e-03
4.437885e-02
-6.704218e-02
-3.650409e-02
3.247322e-02
-1.032969e-01
1.386824e-02
-1.952675e-02
-5.173427e-02
2.868180e-02
-3.257134e-02
5.983516e-02
1.554118e-02
-1.436241e-02
5.967411e-02
-2.671361e-02
1.308676e-02
-1.842939e-02
-4.003442e-02
4.976161e-03
-4.602234e-02
7.753438e-02
-7.699110e-02
8.357446e-02
-1.775117e-01
-5.702514e-02
2.152010e-03
-1.942404e-03
-1.012130e-01
1.133842e-01
-1.164505e-01
-1.142825e-01
-2.170891e-02
-2.925468e-02
3.985346e-02
-8.625783e-02
2.716844e-02
2.789667e-02
-1.696680e-01
-7.290226e-02
-3.894660e-02
-1.923064e-02
9.733009e-02
8.344942e-02
9.887876e-02
8.260577e-02
-5.463227e-02
-2.287889e-02
1.550361e-02
-1.539253e-01
-2.268878e-02
-7.761768e-02
-9.416713e-02
2.391609e-02
-1.172780e-02
9.107666e-02
1.504817e-02
1.352968e-03
-1.696662e-01
-5.755058e-02
4.050258e-02
-5.099558e-02
7.175738e-02
-3.443310e-02
-8.438130e-02
-8.712716e-02
2.558254e-02
3.367860e-02
-5.039717e-02
3.727959e-02
-5.783725e-02
-1.786169e-02
1.733822e-02
-8.560009e-02
-2.524116e-02
-7.329068e-02
-4.722337e-02
5.488136e-02
4.514477e-02
5.392584e-02
7.823453e-02
-1.270553e-01
-9.188965e-02
-9.360465e-03
1.459349e-02
4.851013e-02
5.474861e-02
-1.430072e-01
-5.133713e-02
9.911443e-02
1.667201e-02
3.789293e-02
1.477641e-02
-1.049406e-02
-2.468863e-02
1.021598e-01
1.198971e-02
-1.224950e-01
-1.904039e-02
-8.223859e-03
-4.687377e-02
-1.492276e-01
-2.457335e-02
-7.364494e-02
5.723427e-02
-1.366827e-02
4.007374e-02
-6.757791e-02
-4.582340e-03
3.723781e-02
3.464252e-03
6.469297e-02
1.396569e-02
-1.993986e-02
-7.832550e-02
6.507608e-03
-3.989424e-02
2.659178e-02
3.956177e-02
-1.345299e-02
-3.879676e-02
-1.182961e-02
4.120349e-02
6.499655e-02
-9.315414e-02
-9.286615e-02
-4.950405e-02
4.983911e-02
-6.525595e-02
-4.557793e-02
-1.245682e-01
7.584177e-02
5.859978e-02
1.814355e-02
-2.172791e-02
-8.592113e-03
5.386158e-02
-1.369006e-01
-1.145774e-01
4.436879e-02
-2.849121e-02
-2.278173e-03
4.862758e-02
-9.137873e-03
-1.212800e-01
8.080268e-02
6.840510e-02
-2.972013e-02
3.278996e-02
-7.615272e-02
5.797512e-02
7.163811e-02
-2.512108e-02
1.152841e-01
8.008328e-02
-1.429909e-02
-3.336795e-02
4.756106e-02
4.809812e-02
-5.324162e-02
-2.161698e-02
5.333776e-02
-3.892568e-02
4.583155e-02
-8.934741e-02
-1.619775e-02
-1.071894e-01
-9.244788e-02
-8.657276e-02
-7.439498e-02
-1.469594e-01
-7.765079e-02
7.087883e-02
3.043600e-02
-1.233270e-01
-6.813413e-02
-7.742324e-02
-3.087027e-02
9.571710e-03
-6.507285e-02
5.448414e-02
-5.363144e-03
8.585869e-03
2.210658e-02
2.436974e-02
9.732308e-02
-2.778129e-02
1.817092e-02
-6.568744e-02
-3.910453e-02
-3.352309e-02
-1.135946e-01
1.199867e-02
-1.167795e-01
1.853773e-02
-1.425288e-02
-7.680494e-02
-1.078013e-01
2.127562e-02
-1.525844e-01
6.575555e-02
-7.609375e-02
6.352153e-02
-1.438422e-02
6.870748e-03
-1.069761e-01
-3.449642e-02
-6.377447e-02
-2.742251e-02
-9.787752e-02
3.016698e-03
5.811438e-02
-6.700912e-02
1.164764e-02
4.202092e-02
-6.854325e-02
-6.974433e-03
-7.319904e-03
2.455395e-02
3.853477e-02
4.167353e-02
1.408475e-02
-7.704268e-02
-9.240802e-02
-1.580629e-02
-1.111746e-01
-1.723557e-02
-1.192982e-02
3.701572e-02
-4.364062e-03
-4.124796e-04
-7.040712e-02
3.574534e-02
-1.285283e-02
6.592783e-02
-3.798291e-02
4.665260e-04
-2.576540e-03
-6.707430e-02
-2.318009e-02
-1.126275e-01
-5.186427e-02
-4.959721e-02
-8.779383e-02
-1.363877e-02
-2.334109e-02
2.082902e-02
2.955777e-02
7.608851e-03
-2.951184e-02
1.830896e-01
-7.703291e-02
-9.985042e-02
-1.343827e-01
-7.541081e-02
-5.360994e-02
3.275420e-02
-3.094580e-02
4.317259e-02
3.625283e-02
7.093658e-03
3.074175e-02
-4.254121e-02
-1.226097e-01
-7.194604e-02
4.458911e-02
-2.119875e-02
-2.752916e-02
-9.097048e-03
4.090243e-02
-4.699459e-02
-6.585363e-02
1.042066e-02
8.889155e-03
3.810906e-02
2.369344e-02
-2.234234e-02
-7.015666e-02
7.230827e-02
1.126905e-01
-8.005482e-03
-1.917373e-02
8.714492e-03
3.877797e-02
-1.306734e-02
-5.277912e-02
8.578525e-02
-2.883253e-02
6.525674e-02
4.749155e-02
-1.621140e-02
6.326325e-02
6.012662e-02
4.199816e-02
-3.924098e-02
-5.566213e-02
4.122343e-02
-6.721825e-02
1.147207e-01
-1.245956e-01
-5.572392e-02
-4.339762e-02
-2.777619e-02
4.922059e-02
1.882812e-02
3.360479e-02
-3.277158e-02
2.556142e-02
3.256795e-02
-5.840988e-03
-1.332560e-01
-1.286772e-01
-1.288172e-02
-6.951060e-02
-3.404183e-02
3.063819e-02
-4.238447e-02
1.541128e-02
5.485550e-02
-9.465910e-03
-1.612439e-01
2.389783e-02
-4.196262e-02
5.169866e-02
-2.887971e-02
-1.192225e-01
2.133399e-02
-4.126876e-02
-1.655002e-01
4.613017e-02
6.100076e-02
-4.656231e-03
-3.445904e-03
-4.601165e-02
-2.582238e-02
-8.486402e-02
2.446935e-03
-5.939474e-02
-1.049601e-01
-9.028020e-02
-6.417856e-02
7.307778e-02
8.151873e-03
-1.009398e-01
-7.167509e-02
4.428722e-02
-1.868488e-02
-5.957880e-02
3.633463e-02
-1.045381e-02
-5.891283e-02
-1.253488e-02
6.781654e-02
-9.279618e-02
