-1.267432e-02
-5.521682e-02
-7.977738e-03
-1.488320e-02
-2.627744e-02
1.219430e-02
4.300383e-03
-4.060981e-02
-4.353918e-02
1.452834e-02
2.852003e-02
-3.440857e-02
-2.546010e-02
-3.544176e-02
-4.229954e-02
9.924343e-03
-2.502994e-02
-9.558232e-03
3.038581e-02
-1.069767e-02
-5.695393e-02
4.021736e-03
-2.038536e-03
-1.304600e-02
-7.793215e-04
-6.274156e-03
-1.778188e-02
1.804310e-02
-6.803841e-02
-1.711966e-02
-1.154404e-03
-1.568783e-02
-8.382192e-02
-2.766732e-02
1.942752e-02
-1.661267e-02
1.710066e-02
1.902192e-02
-1.641980e-02
-1.848985e-02
-3.208400e-02
-4.321722e-02
-1.376411e-02
8.778836e-04
-2.603786e-02
-6.580408e-02
-3.195536e-02
-7.270636e-02
-1.870831e-02
-5.833328e-03
-3.425135e-02
-3.883250e-02
-8.374427e-03
9.738073e-03
2.411066e-02
-1.091744e-02
-9.405837e-03
-7.002841e-03
1.258002e-02
1.772242e-03
-7.823487e-03
1.262764e-02
-3.562635e-02
-2.120449e-02
-2.909558e-02
-4.989090e-02
-5.353985e-02
7.702840e-03
-4.071440e-03
-3.605005e-02
-1.557830e-02
-2.935232e-02
-4.114991e-02
2.006448e-02
-2.568984e-02
-1.671354e-02
-3.672946e-02
1.516178e-02
8.669551e-03
3.737654e-02
-3.810169e-02
-3.531104e-02
4.590516e-02
-7.341689e-03
-2.489092e-02
-6.267385e-02
-2.691116e-02
-2.576266e-02
1.695566e-03
-2.495364e-02
-3.842067e-02
2.146409e-02
1.002834e-02
-3.225349e-02
-1.507685e-02
-1.778483e-02
2.586718e-02
-4.430590e-02
-8.555084e-03
-2.111625e-02
-5.523663e-02
-1.419384e-02
-5.722922e-02
-1.754774e-02
1.006098e-02
5.060421e-03
-3.708160e-02
-3.599292e-02
-3.636346e-03
-1.244054e-02
-5.279243e-02
-2.964879e-02
-1.439748e-02
2.633787e-02
-2.208704e-02
-5.019059e-02
-1.590509e-02
-2.800671e-02
-2.752092e-02
-1.062482e-02
