1.223348e-01
-2.343050e-02
1.530269e-01
3.122865e-02
1.400682e-02
-8.492295e-02
-1.074400e-01
-5.443366e-02
4.454229e-02
-1.187528e-02
-6.285265e-02
7.279193e-02
-8.726943e-02
1.022097e-01
-1.162665e-01
-2.245187e-02
-4.613599e-02
2.621612e-02
6.549520e-02
7.068218e-02
-2.160791e-02
9.136936e-02
-2.010706e-01
3.272642e-03
6.546491e-02
-1.317076e-01
7.191305e-02
7.491250e-02
-1.075618e-01
-2.725651e-02
1.045454e-01
1.004460e-01
3.909295e-02
-1.450801e-01
-1.429553e-01
-1.507133e-02
2.681410e-02
3.960776e-02
-5.709266e-02
-5.385805e-02
-4.935559e-02
3.178160e-02
-7.683688e-02
9.450024e-02
-9.336866e-02
-1.480171e-02
-9.958677e-02
-1.053040e-01
-2.225335e-03
-6.629317e-02
-4.773694e-02
-7.731164e-02
-1.394186e-02
-8.703251e-02
5.231937e-02
-3.858059e-02
1.291319e-02
-1.254281e-01
-3.051067e-02
-8.978153e-02
3.904800e-02
5.904512e-02
3.377844e-02
-9.393789e-02
-6.135102e-02
-1.168854e-03
-5.796399e-03
-3.316914e-02
-9.155528e-02
1.580154e-02
2.714403e-03
2.037391e-02
-8.222283e-02
-6.112961e-02
-8.938562e-02
-5.035023e-02
-5.001331e-02
-3.769887e-02
-3.482836e-02
1.906088e-02
7.870162e-02
-7.624918e-02
-1.470761e-03
-2.156641e-01
3.538942e-03
5.657168e-02
4.441037e-04
3.603233e-02
2.670326e-02
-4.557182e-02
3.729135e-02
-6.555294e-02
5.389158e-03
-9.089740e-02
-9.042379e-02
2.599000e-02
4.783950e-03
2.545588e-02
-8.694972e-02
1.138464e-01
-1.894835e-02
-2.660332e-02
6.100332e-02
-4.514838e-02
6.032999e-02
1.525779e-02
-2.930267e-02
-4.154117e-03
-2.916630e-02
2.506439e-02
-1.509464e-02
-1.003159e-01
-5.363595e-02
2.884415e-02
-4.008684e-02
5.883441e-02
8.143832e-02
-4.989601e-02
6.750166e-02
2.585741e-02
6.826562e-02
1.314794e-01
-1.383624e-01
-2.829326e-02
-8.341096e-02
-9.669292e-02
1.255343e-04
9.961387e-02
-9.159333e-02
1.431431e-01
1.763031e-02
-4.264582e-02
3.215091e-02
-9.337746e-02
-1.238646e-02
-1.188234e-02
-7.772584e-02
3.291041e-02
-3.654572e-04
-1.370627e-01
1.394233e-01
4.341007e-02
-6.016228e-02
-4.809503e-03
-5.247966e-02
1.804637e-01
3.503513e-02
-1.006932e-03
-4.063173e-02
-4.346879e-03
3.650409e-02
-4.210054e-02
-5.837876e-02
-1.454418e-01
6.786048e-02
1.502849e-02
5.704377e-03
7.703723e-02
-3.214740e-02
-8.046106e-02
-3.356383e-02
-7.601738e-03
6.428092e-02
-9.856101e-02
-9.922061e-02
2.663093e-02
3.303893e-03
-4.990378e-02
7.586434e-03
-7.137080e-02
-3.538682e-02
2.140103e-02
-3.629356e-02
5.785602e-02
4.866237e-02
3.171528e-02
8.420731e-03
3.864883e-02
-3.026166e-02
-6.487352e-03
-7.912511e-02
1.290085e-02
-9.071260e-03
-6.697484e-02
1.617586e-02
1.489503e-02
3.872781e-02
-2.161358e-02
2.116917e-02
-6.798640e-02
3.460585e-02
1.164336e-03
-6.684294e-02
4.621191e-02
2.424655e-02
1.147882e-01
-4.397691e-02
4.129302e-02
-2.152411e-02
-1.144451e-01
-8.959256e-02
-4.120103e-03
-1.326737e-02
-8.073738e-02
-6.950802e-02
-1.597389e-01
-3.058214e-02
-5.026420e-03
-1.044915e-01
-1.926817e-03
-4.261020e-02
1.438428e-02
-8.960741e-02
-8.716176e-02
-4.019091e-02
2.554594e-02
8.830171e-02
1.333559e-01
-1.037982e-01
3.665499e-02
4.704437e-02
-5.125022e-02
-7.441030e-02
5.414648e-03
3.257117e-02
-7.839785e-02
-1.105154e-01
-1.174509e-01
5.007967e-02
-5.425885e-02
-6.260934e-02
2.648626e-03
4.793249e-02
1.526619e-02
-7.789686e-02
4.722069e-02
4.891571e-02
-4.193919e-02
-5.279930e-02
-9.152669e-02
7.412245e-02
1.716983e-03
-2.004570e-02
-3.018783e-02
6.684209e-02
-6.563570e-02
1.275789e-02
7.152539e-03
4.286248e-02
-8.068067e-02
-4.775163e-02
-5.774337e-02
-2.505977e-02
-7.603569e-02
-3.621129e-02
-2.334882e-03
7.852654e-02
-2.662591e-02
-8.090940e-02
5.333696e-02
-8.126037e-02
-9.582207e-02
1.927556e-02
1.452374e-02
3.186900e-02
-7.974289e-02
-3.822295e-02
-5.930817e-03
-8.716027e-04
-6.042286e-02
-5.643899e-02
-5.617603e-02
-7.679798e-02
-2.396071e-02
-1.049780e-01
1.299495e-02
-1.160629e-02
2.938619e-02
-1.156296e-01
-1.232793e-02
-8.945329e-03
1.217030e-02
-1.134570e-01
-1.916650e-02
-4.981147e-02
6.059418e-02
5.798737e-02
-5.674866e-02
3.064135e-02
-1.157084e-01
1.032757e-02
-1.015903e-01
-6.194522e-02
1.011440e-01
-1.687680e-01
2.387597e-02
3.020665e-02
6.530005e-02
7.929044e-02
5.326794e-02
-7.866459e-03
-9.105936e-02
-2.070607e-02
4.281367e-02
-1.751742e-01
7.750067e-02
1.171189e-02
4.062484e-02
-1.818048e-02
1.848825e-02
-1.249015e-01
-7.434327e-03
6.928623e-02
1.123097e-02
3.362073e-02
4.505314e-02
3.507329e-02
2.603553e-02
3.919889e-02
4.474394e-02
-1.247540e-01
-2.906623e-02
4.981267e-02
-6.328300e-02
7.775127e-02
-8.317452e-02
-7.433908e-02
1.088800e-01
-9.815996e-02
3.720460e-02
-4.083890e-02
5.181584e-02
-2.840700e-02
-1.224061e-01
-6.948797e-03
-5.265468e-02
-6.392235e-02
4.042307e-02
3.177770e-02
-7.364401e-02
-1.069527e-02
1.752151e-02
-1.395504e-01
-9.133217e-02
6.221631e-02
-2.324926e-02
2.456162e-02
7.471053e-03
-2.357472e-02
-6.108623e-03
5.034649e-03
-5.171907e-02
1.640947e-02
6.752887e-02
-2.272765e-02
1.059901e-01
5.996611e-02
-1.619371e-03
-1.064865e-01
2.341665e-02
-1.357599e-01
1.118226e-02
-5.894792e-02
-7.027505e-03
-1.331750e-02
5.071723e-02
-9.296066e-02
6.707841e-02
-5.358068e-02
-1.672467e-01
-3.143620e-02
-8.771673e-02
6.266411e-02
7.764342e-02
2.328484e-02
4.106159e-02
7.612908e-03
-8.459578e-03
-6.216793e-02
-1.081506e-02
2.664717e-02
9.182710e-04
-1.238540e-01
-6.759299e-04
6.021987e-02
-1.700662e-01
-1.338122e-03
-1.131102e-01
2.480154e-02
-7.825452e-03
-1.489656e-02
-1.095980e-01
-2.697106e-02
-1.139985e-01
-8.454234e-02
-2.831971e-02
-3.367868e-02
-1.809176e-01
-3.181955e-03
-4.375423e-02
2.472858e-02
1.715570e-02
7.120052e-02
-7.978072e-02
1.539620e-02
2.087088e-02
-6.225531e-02
1.382683e-01
5.994364e-02
5.513022e-02
1.121502e-02
9.687381e-02
-3.499712e-02
7.629034e-02
-5.600936e-02
-3.599827e-02
-2.006603e-02
-4.404996e-02
-1.153510e-02
-1.676507e-02
-1.802235e-02
1.668648e-02
-8.796769e-03
4.772197e-02
1.172031e-01
-2.692593e-02
1.012445e-01
-9.050446e-02
3.599904e-02
1.108722e-02
-4.470861e-02
-1.846622e-03
8.004066e-02
5.775232e-03
-9.761690e-02
-4.261398e-02
3.830035e-02
-2.331126e-02
4.839981e-04
7.008830e-02
-6.519957e-02
5.226597e-02
-5.396695e-03
-4.049241e-02
-7.761232e-02
3.310854e-02
6.181784e-03
-6.696923e-02
-8.353300e-02
-1.699203e-01
-6.074936e-02
-9.800924e-03
2.874495e-02
7.224751e-02
-1.340727e-01
-4.149630e-02
-6.075032e-02
4.300928e-02
1.438187e-02
-5.876284e-03
5.638134e-02
-4.031412e-02
-5.723038e-02
-7.306174e-02
5.954652e-02
2.499520e-02
-9.083956e-02
4.800284e-05
-1.064135e-01
1.584382e-02
5.090724e-02
-3.565964e-02
-3.218131e-02
4.761728e-02
-3.837167e-02
8.709636e-02
-7.549184e-02
1.507999e-02
4.764906e-02
-1.101011e-01
8.416825e-02
-4.625203e-03
-8.706189e-02
-5.220920e-02
3.938225e-02
-9.531112e-02
2.616793e-02
-1.660780e-02
1.155058e-02
-5.349347e-02
1.174123e-02
-7.998809e-02
-4.644775e-02
-3.023812e-02
-3.989693e-02
-1.467876e-02
2.869543e-02
2.383693e-02
-2.333463e-02
2.931828e-02
-3.450488e-02
-1.316934e-01
9.470926e-02
-4.234396e-02
-1.316688e-01
-1.786355e-01
1.106838e-01
7.205512e-02
-3.854211e-02
-1.840752e-02
-1.460915e-01
-1.311962e-01
-4.822029e-02
-2.039733e-02
6.362776e-02
-4.312390e-02
5.968181e-02
-5.909301e-02
4.405524e-02
-1.085980e-01
-6.544780e-02
1.505487e-02
-4.077084e-02
-3.272437e-02
5.006044e-02
-3.012020e-02
-8.493760e-03
-9.168957e-02
-1.191478e-01
-8.539610e-02
-1.181158e-02
2.318214e-02
2.407596e-02
-9.143432e-02
5.687230e-02
-6.445948e-03
1.103198e-02
5.930110e-02
-9.562753e-02
6.335096e-03
-5.790186e-02
1.011274e-01
1.955304e-02
-7.130657e-02
-1.903455e-03
-3.887148e-02
3.123807e-02
3.803041e-02
-7.726333e-03
7.385370e-03
-8.808558e-02
3.839640e-03
1.795198e-02
6.784404e-02
-2.518274e-02
-6.158929e-02
-8.551761e-02
7.636287e-02
-3.685318e-02
-2.742576e-02
-1.102289e-01
6.317403e-05
-9.281243e-02
1.991940e-02
-7.238937e-02
-3.795336e-02
-4.692271e-03
-7.501283e-02
1.758360e-02
5.519872e-02
3.518666e-03
-3.896216e-02
-1.280087e-01
3.575730e-02
9.526636e-02
2.349225e-02
-3.760747e-02
-1.292901e-02
9.723010e-02
-8.783548e-02
-1.024373e-01
-5.316141e-02
6.393173e-02
1.838581e-02
2.440684e-02
-1.612073e-02
7.479136e-03
3.010463e-02
6.952100e-02
-1.195039e-02
-4.989618e-02
-2.557530e-02
-6.576543e-02
-9.454562e-02
4.502390e-02
-1.135790e-01
-1.380220e-01
3.748581e-02
4.571154e-02
3.977696e-02
3.818080e-02
8.828770e-02
-2.368449e-02
-5.167323e-02
7.503392e-03
6.887821e-02
-5.982023e-02
-1.115118e-02
8.415846e-03
-1.398626e-01
4.152358e-02
1.297357e-01
-1.138982e-01
-8.126867e-03
5.985267e-02
3.764978e-02
7.425638e-02
-2.530447e-02
-1.476274e-02
1.924402e-02
5.104084e-02
-3.675876e-02
-6.867190e-02
-6.114868e-02
-4.965251e-02
-1.883186e-01
-7.357154e-02
2.315102e-02
1.269045e-01
4.938142e-03
-1.881750e-02
-5.080295e-02
-7.463021e-02
5.655707e-02
5.508340e-02
-8.551197e-03
-9.660026e-02
-8.712066e-02
4.689601e-02
5.794197e-02
-9.469614e-03
7.211668e-03
6.595062e-02
-2.911003e-02
3.461891e-02
4.290455e-03
3.116937e-02
9.867667e-02
-8.127300e-03
4.995096e-02
-4.169178e-02
-1.039653e-01
-5.068517e-03
-2.662528e-02
-7.671319e-02
-1.646267e-03
-5.495301e-03
-7.848678e-03
-1.590036e-01
-4.588291e-02
9.363709e-02
1.904306e-04
8.886981e-02
6.229684e-02
-8.134114e-03
-7.956212e-02
-3.604724e-02
3.875113e-02
6.488506e-02
9.352370e-03
1.961491e-02
2.826516e-02
-3.534173e-02
-1.523519e-02
-3.063895e-02
-4.851417e-02
-7.486464e-02
-1.100308e-01
1.125258e-02
-3.115047e-02
-7.733885e-02
-4.376269e-02
-1.177858e-01
-1.398691e-01
6.645063e-02
5.562457e-03
-1.730595e-02
-6.939978e-02
3.509003e-02
-7.350989e-02
7.305737e-02
-3.496804e-02
6.234011e-02
-1.301242e-02
4.074488e-02
5.561426e-02
-1.024125e-01
-1.090331e-01
-3.996636e-02
-2.888099e-02
6.076352e-02
6.508919e-03
-1.992319e-01
8.353956e-02
9.136755e-03
4.779242e-02
-8.850826e-02
-5.174967e-02
-2.745145e-02
5.088779e-03
3.762230e-02
-1.407484e-01
1.186367e-02
-7.415616e-02
-2.154308e-02
-8.844751e-02
-1.067832e-02
1.070756e-02
-1.154245e-02
3.951347e-03
-3.301453e-02
-8.328383e-03
-7.231932e-03
-3.487530e-02
-1.783684e-01
1.047175e-02
-5.130691e-02
-2.697117e-02
1.445652e-02
2.078998e-02
5.669814e-02
-4.695087e-02
-6.435478e-02
-1.634581e-02
-7.102767e-02
2.977604e-02
-5.110577e-03
2.492656e-03
-1.628354e-01
-1.162779e-01
-9.471063e-02
5.499186e-02
-1.778345e-03
-2.180418e-04
1.123944e-04
-5.275070e-02
-1.067372e-02
-2.567945e-02
1.591701e-02
2.242607e-02
-2.498793e-02
1.232211e-01
-1.114841e-01
-1.485152e-01
-5.851451e-03
-2.851154e-02
-6.100475e-02
2.701577e-02
-8.301827e-02
2.092211e-02
-5.324003e-02
-6.530321e-02
3.169968e-02
4.332876e-02
-6.271815e-02
-9.550752e-02
-1.486127e-01
2.207140e-02
4.072584e-02
1.123366e-02
-2.377934e-02
-6.360532e-02
-2.803419e-02
2.885870e-02
-1.604457e-01
-3.924879e-02
-3.659572e-02
-6.040335e-02
-2.718344e-02
-1.871599e-02
-7.980102e-02
8.678111e-02
-3.423503e-02
1.085230e-02
-7.076690e-02
-4.760185e-02
-6.890893e-02
2.970542e-02
-1.220684e-01
-2.076950e-02
3.628509e-02
-3.744602e-02
-3.247062e-02
-4.247592e-02
8.649447e-02
6.637686e-02
3.664535e-02
1.546309e-03
7.257006e-03
-1.215976e-01
1.188363e-01
-4.095383e-02
-7.040101e-02
-1.479885e-01
5.309260e-02
-2.409942e-02
-6.971051e-03
-4.047499e-03
8.625625e-03
-7.433604e-03
3.522401e-02
-1.113899e-01
2.744784e-03
-1.492635e-01
5.767219e-02
2.847794e-02
-4.919569e-02
-1.571450e-01
-7.898732e-02
4.482139e-02
3.209124e-02
-2.502504e-02
1.570938e-02
1.382086e-01
1.680234e-02
6.706356e-03
-5.797158e-02
9.592618e-02
-7.131628e-02
1.437824e-02
-1.383380e-02
-6.475357e-02
-5.315171e-02
-1.173350e-01
-1.514605e-01
5.460938e-02
-2.225218e-02
9.710484e-03
3.486382e-02
-1.250558e-01
1.760974e-02
-3.192947e-02
-8.876359e-02
-4.061994e-02
6.327886e-02
-4.972591e-02
-7.306242e-02
7.724235e-02
2.194218e-02
-1.718044e-01
-1.867764e-01
7.709482e-02
1.356944e-02
-1.701376e-02
1.082341e-01
-1.103256e-01
6.202535e-02
3.921628e-02
-1.954716e-02
1.082833e-02
6.767172e-02
-6.752045e-02
-1.274481e-01
8.553040e-03
-5.063871e-02
-1.712423e-02
-5.061765e-02
1.819706e-02
-3.830758e-02
-4.072885e-02
-1.360609e-02
-3.348645e-02
8.169325e-02
-1.029040e-01
1.747836e-02
-2.808252e-02
2.233092e-02
-5.438083e-02
-1.096187e-02
-9.051702e-02
7.198716e-03
3.249510e-02
-2.026835e-02
1.842978e-02
5.281017e-02
5.588485e-02
6.307840e-02
-7.721940e-02
3.435209e-02
-8.374132e-02
-4.762684e-02
3.331264e-02
4.046174e-02
1.460161e-02
-1.008385e-01
-1.624061e-02
-2.343024e-02
-2.020976e-02
-4.759537e-02
-9.233454e-03
9.069764e-02
-5.885184e-02
-1.476650e-02
-5.808093e-02
3.399643e-02
4.244274e-03
1.908525e-02
-5.726500e-02
1.898995e-02
3.276361e-02
8.737627e-03
5.092440e-02
4.372869e-02
-5.575122e-02
2.361448e-02
1.444401e-02
-5.606097e-03
2.321354e-02
1.179160e-02
-6.938029e-02
-2.337488e-02
5.648583e-02
-1.417729e-02
9.149610e-02
-1.093695e-01
2.147622e-02
-5.526810e-03
-1.232360e-02
3.800248e-02
-4.583055e-02
8.187183e-02
-2.322741e-02
-7.664806e-02
-5.570051e-03
-8.240519e-02
-1.142340e-01
-8.810687e-03
-4.368026e-02
9.214857e-02
6.523441e-02
-1.639074e-02
7.146064e-02
-4.067893e-02
3.700924e-02
-1.000485e-01
-1.596874e-01
5.663947e-02
-3.083766e-02
6.942288e-02
-9.860739e-03
4.870598e-02
9.032430e-02
4.942751e-02
2.223654e-02
6.571329e-02
2.482698e-02
6.722026e-02
2.228116e-02
-1.037372e-01
-1.463616e-02
-1.571577e-01
-6.841218e-02
-5.948758e-03
2.488506e-02
-1.723128e-02
5.348447e-02
4.924865e-02
-9.249752e-02
-6.467824e-02
4.732204e-02
6.696694e-02
1.268322e-02
-6.669361e-02
-4.146090e-02
3.082898e-02
3.470566e-02
-4.358249e-03
8.284142e-03
9.397569e-02
-5.044401e-02
-1.503945e-01
3.697328e-02
-1.093223e-01
1.277318e-02
2.610301e-02
-4.831050e-02
-1.625910e-03
2.155284e-02
-8.524216e-02
-1.099796e-01
1.568575e-01
-7.913514e-02
-5.733878e-02
1.281420e-01
-1.076779e-03
3.997283e-02
3.768801e-02
2.692197e-02
-3.180801e-02
3.883494e-02
1.090941e-02
-7.477779e-02
-6.765297e-02
4.311827e-02
-2.760905e-02
-9.378216e-02
-3.170955e-02
-1.206256e-02
3.562103e-02
6.374901e-02
-1.365649e-02
6.723382e-02
-2.673635e-02
4.682268e-03
5.431306e-02
2.904336e-02
4.434527e-02
1.348623e-02
2.446900e-02
1.222846e-02
-1.605065e-01
-1.595418e-01
6.187022e-02
7.902496e-02
-3.415613e-02
-1.708894e-02
-5.759569e-02
4.004128e-02
-6.585063e-03
-1.476656e-02
1.592258e-02
-4.072336e-02
-5.947112e-02
9.702281e-02
5.358173e-02
-5.130328e-02
5.098092e-02
2.136520e-02
8.776361e-02
8.044347e-02
-1.898452e-01
-2.187396e-02
4.144767e-02
6.713834e-03
-3.852331e-02
-7.516304e-02
-5.624507e-03
-1.952415e-01
2.493215e-02
-1.063456e-01
-6.732649e-02
5.271785e-02
4.731746e-02
-1.080420e-03
1.078259e-02
-8.805500e-03
1.084101e-01
-1.252599e-01
7.601328e-02
4.704038e-02
-3.960355e-02
8.494133e-02
1.416580e-02
-8.749330e-02
-4.015981e-02
3.564783e-02
-1.024603e-02
-8.598588e-02
-5.481150e-02
2.474573e-02
-2.318208e-02
1.140057e-01
-2.547104e-02
5.144500e-02
-3.307686e-02
-1.136870e-02
-1.084448e-01
-8.083952e-02
-5.387355e-03
-1.676338e-02
2.971971e-02
2.726375e-03
4.842480e-02
2.063368e-02
4.071384e-03
-2.574311e-02
7.219919e-02
-6.066500e-02
4.884430e-02
-5.417598e-02
-9.918819e-03
-2.335779e-02
6.534071e-02
-9.468322e-02
-1.230960e-01
-4.028682e-02
-5.381304e-02
4.719239e-02
7.910390e-02
4.181322e-02
-3.714945e-03
3.335737e-02
6.813950e-02
-4.470234e-02
-9.974102e-03
-1.715629e-01
6.215813e-02
-6.817134e-02
1.244111e-01
-5.290729e-03
-2.054511e-02
7.727330e-03
5.180301e-02
-6.261887e-03
5.703544e-02
2.813604e-02
4.150002e-02
-2.659977e-02
6.817700e-02
5.641701e-03
-4.479224e-02
1.366718e-02
-6.460231e-02
-5.593011e-02
-3.023220e-03
7.439370e-02
-4.382300e-02
-2.097083e-02
-8.178119e-02
-3.736976e-02
-4.845350e-02
-4.453154e-02
9.934544e-03
-1.150753e-01
2.913796e-02
6.353417e-05
3.230868e-02
7.478536e-02
4.749414e-02
-1.694037e-02
-1.654818e-02
2.010766e-03
-7.185894e-02
-7.864976e-03
3.508917e-02
-1.381384e-02
-7.546853e-02
-7.144503e-02
3.760456e-02
3.733286e-02
-6.805641e-02
2.814597e-02
4.341072e-03
-2.763277e-02
-1.536164e-01
-7.192045e-02
3.437262e-02
-8.884373e-02
5.287560e-02
-6.085252e-02
1.295360e-01
3.968570e-03
-5.967404e-02
7.132795e-02
-3.478559e-03
4.242200e-02
1.537098e-02
-1.185664e-01
-5.655338e-02
-6.818419e-03
-1.950200e-02
7.246190e-02
-4.465899e-02
5.084855e-02
-3.635835e-02
-1.402880e-01
-6.515322e-02
-8.470970e-02
-1.436394e-01
-1.083218e-01
-1.044198e-01
-2.151323e-02
1.203609e-01
-1.139011e-01
-9.810599e-02
1.661536e-02
6.501099e-02
4.912874e-02
-8.467482e-03
1.174674e-02
1.342833e-02
6.484482e-02
6.077236e-02
1.541883e-02
9.081028e-02
9.720071e-03
-2.326132e-02
1.000624e-02
2.279280e-02
2.453623e-02
