-3.399248e-01
5.015907e-01
1.849303e+00
1.080494e+00
-2.217840e-01
-3.714039e-03
-9.484089e-02
-1.318847e+00
3.191777e-01
-9.656110e-01
4.800728e-01
1.988176e+00
-1.243994e+00
9.623531e-01
-2.645665e-01
-4.794622e-01
9.345716e-01
-6.032722e-01
3.363534e-01
9.417599e-01
6.925590e-01
4.875928e-01
1.091912e+00
3.893664e-01
-2.804720e-01
6.192087e-02
2.074238e-02
5.310392e-01
1.318173e+00
-2.189154e+00
8.224828e-01
2.792083e+00
-1.491042e+00
-5.843679e-01
1.048894e+00
-4.167514e-03
-1.237268e+00
2.308708e-01
1.816530e+00
4.829364e-01
1.409418e+00
-1.016778e+00
1.073736e+00
-3.332568e-01
-7.971673e-01
-1.303754e-01
-1.390869e+00
-5.401709e-01
-6.499211e-01
-4.504029e-01
-4.909931e-01
-8.398362e-01
-1.834213e-01
7.014058e-01
9.050612e-01
-8.071454e-01
3.896226e-01
1.544881e+00
1.388690e+00
-1.599135e-01
-1.230477e+00
-8.077112e-01
-2.435544e-01
3.051623e-01
4.987400e-02
7.528285e-01
-8.298727e-01
1.431741e+00
3.751580e-01
-1.616171e+00
-1.546930e+00
-1.427897e+00
