-1.231244e-01
-3.469054e-01
3.540817e-01
-1.033682e+00
-8.970477e-01
-2.533444e-01
3.501110e-01
-2.357291e-01
-4.710732e-01
-1.785042e-01
5.089036e-02
-1.179603e+00
-1.383132e-02
-1.047423e-01
-5.973665e-01
5.293874e-01
4.687431e-01
2.746744e-01
2.640828e-01
7.739427e-01
-1.496437e-01
-8.874863e-01
9.494339e-01
6.542122e-01
4.550121e-01
-3.363107e-01
-1.326180e+00
1.274065e-01
3.730770e-01
-3.870188e-01
3.175418e-01
9.187112e-02
-6.437742e-01
5.858519e-02
-3.351872e-01
-1.511851e-01
1.202001e-02
3.396565e-01
7.142186e-01
-3.421439e-01
5.843347e-01
1.024925e-01
-5.393362e-01
-6.258445e-01
-7.827619e-01
-7.164207e-01
-1.999905e+00
-1.226247e+00
-4.428045e-01
-9.911247e-01
-9.099954e-02
4.007257e-01
5.675398e-01
-2.612170e-01
2.359025e-01
-5.580951e-01
-1.032378e-01
1.505228e-01
4.470900e-01
2.619415e-01
5.369797e-01
7.620727e-01
2.688020e-01
5.737602e-01
4.114926e-01
5.210046e-01
2.450094e+00
7.765217e-01
-8.455157e-01
-1.013542e+00
-1.104504e+00
-8.871163e-02
