4.666404e-01
9.853308e-01
9.427063e-01
2.142835e-01
-5.379245e-01
-7.834557e-01
-1.921456e-01
7.776912e-01
7.908763e-01
-1.642160e-01
-3.671070e-01
-9.220352e-01
-1.427169e+00
3.156361e-01
-6.563923e-02
5.839637e-01
-5.124207e-01
6.895327e-01
-2.551436e-02
-3.468643e-01
3.507058e-01
-2.095062e-01
4.190514e-01
-2.638800e-02
2.300874e-02
-5.479738e-01
-2.818277e-01
5.165721e-01
1.661577e-02
-1.829293e-01
-7.300341e-01
7.388780e-01
-2.972218e-01
-1.231209e-01
6.485643e-01
-6.503046e-02
-3.066041e-01
4.958014e-01
-2.276741e-01
3.420497e-01
-1.672310e+00
-2.293407e-01
-4.759678e-01
-7.203996e-01
1.209704e+00
4.316905e-01
-1.166117e-01
-2.242305e-02
2.602385e-01
-6.148029e-01
-3.908488e-01
-8.561270e-01
4.086688e-01
1.102017e+00
-6.549759e-02
7.718209e-01
-9.751828e-02
-7.924780e-02
-4.367298e-01
3.251763e-01
-9.178517e-01
2.254751e-01
-3.454798e-01
-2.686766e-01
