-1.839824e-01
-3.193223e-01
1.002931e-01
-8.760616e-01
8.393027e-03
3.141333e-01
-1.819405e-01
-4.932311e-02
1.933619e-01
3.164919e-01
-1.780987e-01
1.352500e+00
-6.571494e-01
-5.891202e-02
2.431198e-01
6.252744e-01
1.706288e+00
4.124139e-01
-2.166768e-01
6.062343e-02
3.269904e-01
6.739263e-01
-1.311458e-01
-9.353201e-01
-1.599913e-01
-1.069282e+00
-2.928507e-01
-4.239371e-01
5.523909e-01
9.683580e-01
4.563291e-01
4.846756e-01
7.873046e-01
7.745384e-01
2.614281e-01
1.120882e-01
-4.153776e-01
2.441705e-01
-3.824292e-01
-1.679471e-01
-6.801740e-01
7.141010e-01
4.685666e-01
-5.945492e-01
-7.582425e-01
-2.891205e-02
3.158138e-01
2.648111e-01
8.894129e-01
3.125533e-01
9.399336e-02
-3.813936e-01
1.526380e-02
-2.794139e-01
-2.045391e-01
1.943339e-01
1.439767e-02
-2.918805e-01
-2.416218e-01
4.400583e-01
2.240350e-01
6.310344e-01
4.357150e-01
1.698215e+00
-1.476388e-01
4.245947e-01
-2.802856e-01
-1.663768e-01
3.746446e-01
-9.213990e-01
-1.930101e+00
-7.841303e-01
