6.426531e-01
-1.243819e-02
1.335836e+00
-2.476748e-01
5.372591e-01
-3.061325e-01
6.488925e-01
1.837416e-01
-5.466300e-01
-2.501316e-02
2.677863e-01
-6.348056e-01
3.858514e-01
2.069642e-01
1.275608e-02
3.422431e-02
-1.487992e-01
3.202141e-01
-3.313202e-02
-3.048877e-01
2.046603e-01
3.308694e-01
7.514695e-01
-1.194069e-01
1.466278e-01
-1.090989e-01
-6.345920e-02
-2.434188e-01
2.639397e-01
-5.879970e-01
-4.033499e-01
-2.011579e-01
-2.213562e-01
-5.715300e-01
-8.691037e-02
-4.379179e-01
-3.793640e-01
1.967836e-01
-1.928632e-01
1.694417e-01
-1.270206e-01
-4.917322e-01
-2.831137e-01
-8.305766e-02
2.918442e-01
7.849708e-02
7.387589e-01
5.077822e-01
-1.017056e+00
3.557852e-02
-1.795741e+00
-6.095774e-01
1.126049e+00
6.682211e-01
2.878176e-02
-6.794214e-01
-9.109437e-01
-3.603479e-01
1.523966e-01
4.801131e-01
6.737770e-01
-6.785288e-02
5.819367e-01
-6.667809e-01
