5.086080e-02
8.577648e-01
5.801761e-01
1.962969e-01
4.980141e-01
3.563337e-01
-2.140702e-01
-5.710226e-01
4.605334e-02
-1.061172e+00
-1.086990e+00
-7.207896e-01
1.906123e-01
5.658069e-01
3.410139e-01
8.140703e-01
9.720731e-01
5.924484e-01
-2.114469e-01
1.016454e-01
-8.041489e-01
-2.584759e-01
2.249966e-01
-6.455033e-01
-2.482701e-01
-2.411860e-02
-3.046526e-01
6.234580e-01
7.310554e-03
1.357584e-01
1.123460e+00
5.948713e-01
6.563811e-01
8.000814e-01
3.720648e-01
-2.695023e-01
5.719315e-01
5.064496e-01
4.125832e-02
7.242352e-01
5.835705e-01
6.890938e-02
4.649615e-01
3.879602e-01
1.621414e-01
1.090645e-01
2.383718e-01
2.474882e-01
1.348562e-01
4.379531e-01
2.767009e-01
6.399126e-02
1.080243e-01
2.418517e-01
3.758073e-01
2.875538e-01
-2.186391e-02
3.917364e-01
4.921880e-01
2.373010e-01
2.511050e-02
4.819356e-01
3.150924e-01
1.489842e-01
2.893775e-01
1.616141e-01
2.559154e-01
4.405778e-01
-1.730620e-01
3.066282e-01
9.204897e-02
-1.026255e-01
