-2.540587e-02
7.801314e-02
-4.155833e-01
-1.493647e+00
-3.542396e-01
-1.013019e+00
-6.415538e-02
-9.824195e-01
2.394571e-02
-7.937858e-03
3.092452e-01
2.328748e-01
-1.961053e-02
-4.536487e-01
-1.189937e-01
-2.780170e-02
1.459177e-01
2.673993e-01
5.675736e-01
-1.629039e-02
-3.017256e-01
-4.579448e-01
-3.784804e-01
-7.691837e-02
-1.640742e-01
1.777189e-01
8.878288e-02
2.340584e-01
3.250813e-01
-3.008815e-01
-6.837216e-02
-3.823760e-01
4.240969e-02
4.106771e-01
-1.671121e-01
-3.532686e-01
5.001057e-01
5.361935e-01
-4.834225e-03
2.769817e-01
-3.167846e-02
2.851579e-02
-1.853864e-01
2.015597e-02
3.928617e-01
-4.270985e-02
6.487306e-01
-2.996388e-02
3.159651e-01
3.534121e-01
-3.166451e-02
-5.511124e-01
2.984577e-01
-7.406057e-01
-3.984493e-01
-3.957754e-01
-2.603979e-02
2.765547e-01
1.187569e-01
-4.996650e-01
-3.502037e-02
3.748902e-01
6.420777e-01
-5.018992e-01
-1.205399e-01
-1.196375e-02
-2.982370e-02
-1.446235e-01
-1.180054e-01
2.620777e-01
-2.475488e-01
6.345383e-02
-2.163613e-03
1.572809e-01
-5.648304e-01
1.446725e-01
-1.058153e-01
4.341960e-01
1.048424e-01
-2.448124e-01
4.914756e-02
2.971644e-01
3.229066e-01
-5.251357e-01
-4.868017e-01
-6.743715e-01
-7.092373e-02
5.171077e-01
2.326698e-01
3.075539e-01
-2.754614e-01
-3.130916e-01
-2.592475e-01
2.598152e-01
4.445339e-03
3.950227e-02
7.819905e-01
-9.218934e-01
-4.778834e-01
2.628430e-01
-1.558982e-02
2.847284e-02
5.493439e-01
-1.816332e-01
3.497480e-01
-1.822974e-01
-5.260046e-01
-1.042543e-01
1.176469e-01
5.191355e-01
-5.710077e-02
2.766754e-01
-3.040725e-01
8.699766e-02
1.950514e-01
1.149017e-01
-1.209242e-01
-4.825093e-01
3.183202e-01
-1.347365e-01
2.004579e-01
-4.698035e-01
1.942537e-01
6.244545e-02
-5.530902e-02
-9.288012e-01
5.221804e-01
5.153809e-01
