7.427464e-01
-2.968038e-01
-5.247604e-01
2.866739e-01
-6.226869e-01
1.857106e-01
3.781427e-01
-3.179303e-01
-2.328728e-01
-1.177441e-01
2.906260e-01
4.434285e-01
-4.194581e-01
2.615553e-01
1.336696e+00
2.689440e-01
1.054203e-01
8.424311e-01
-1.570968e+00
-1.837374e+00
8.820199e-01
2.118215e-01
-7.332956e-01
-1.001958e-01
-8.536233e-01
1.325049e-01
-6.557209e-01
1.024204e+00
8.429212e-01
-5.655605e-01
1.171244e-01
-3.283561e-01
-1.029051e+00
-3.436067e-01
-5.470341e-01
-7.004851e-01
9.396699e-01
2.632810e-01
1.122221e-01
1.730379e-01
-5.209652e-01
-4.077575e-02
1.196852e-03
5.998150e-02
-9.176138e-01
3.158127e-01
3.211775e-01
-3.651225e-01
5.968761e-01
5.725925e-01
5.588350e-01
-4.249911e-01
-1.179362e-01
1.728957e-01
-6.626909e-01
-3.573636e-01
-6.137831e-01
3.106977e-01
3.080036e-01
-8.769327e-01
1.074396e+00
3.261039e-02
-7.615737e-01
-7.620978e-02
3.717695e-01
4.796213e-01
2.265927e-01
4.977881e-01
2.218044e-02
9.372909e-02
1.162606e-01
2.162927e-01
4.850681e-03
-6.436438e-02
-1.420591e+00
4.162872e-01
4.214803e-01
-3.514000e-01
-1.376206e-02
1.540675e+00
1.294960e+00
5.985035e-01
8.176897e-01
-1.050223e+00
-7.712490e-02
2.411527e-01
3.606677e-02
8.333884e-01
5.413401e-01
3.140475e-01
-7.320185e-01
-4.645942e-01
-1.265974e+00
6.808621e-02
3.086126e-01
-1.170985e+00
3.636402e-01
7.370846e-01
-1.433903e+00
-1.852376e-01
1.802115e-01
-1.014020e-02
4.365523e-01
6.548830e-01
-8.004846e-02
5.557286e-01
5.957820e-01
-8.228523e-02
8.841351e-02
-3.875275e-01
-6.179473e-01
-7.728669e-01
-1.517364e-01
-1.696703e-01
-1.994882e-01
3.447491e-01
1.483460e-01
-5.244431e-01
2.222970e-01
-7.221781e-02
1.083948e-01
1.907970e-01
4.531682e-01
-3.899449e-01
-6.114514e-01
-1.682094e-01
-9.425708e-01
8.071808e-01
1.564796e+00
-1.011812e-01
6.464475e-01
6.325106e-01
-1.050843e+00
-3.144155e-01
2.940259e-02
-1.039932e+00
1.668452e-02
-1.197851e+00
2.447006e-01
-9.379447e-02
-6.181856e-01
2.075035e-01
-3.483072e-01
-1.919410e-01
