-3.532288e-01
1.621294e-01
4.330612e-01
-2.844926e-01
9.041635e-02
-2.832577e-02
1.685316e-01
-1.418844e-01
-1.586591e-01
-9.029251e-02
1.467779e-01
3.683147e-03
-2.252592e-01
1.589888e-01
2.548297e-01
-3.179648e-01
-2.384683e-01
-3.407662e-01
1.363843e-01
3.228364e-01
-6.294797e-02
8.184034e-02
-8.316687e-02
6.952849e-02
-1.900537e-01
1.057341e-01
-1.543977e-01
-1.859595e-01
6.574515e-02
-3.001058e-02
-1.809577e-01
-1.075713e-02
3.115733e-01
6.287935e-01
9.887388e-02
-5.100516e-02
-8.681951e-01
3.087523e-01
1.090964e+00
2.925749e-01
-2.952984e-02
-1.885972e-01
-1.331844e-01
-3.953506e-01
-2.072501e-01
-4.467670e-01
-1.435351e-01
5.552222e-01
3.202930e-01
4.061959e-01
-3.042716e-01
-8.428987e-01
-3.268762e-01
-5.013916e-01
-1.264393e-01
2.627347e-01
2.265170e-01
7.457418e-01
-2.745340e-02
3.263055e-01
-4.586542e-01
-3.600150e-01
-2.673385e-02
1.334063e-01
4.185961e-01
4.614429e-01
-1.543020e-01
-4.543321e-01
4.583322e-01
-3.359086e-01
-3.519901e-02
-1.633619e-01
3.583692e-01
5.998891e-02
2.083751e-01
-4.957041e-01
1.395597e-01
-2.344932e-01
1.417305e-01
-4.362140e-01
7.580141e-03
2.040350e-01
2.255989e-01
1.944089e-01
-3.091812e-02
1.126969e-01
1.318624e-01
2.732393e-01
-5.644796e-01
-1.320865e-01
2.976267e-01
-2.512452e-01
-8.035026e-02
5.265192e-02
3.813773e-02
-1.208523e-01
5.295164e-02
3.505992e-03
-4.579901e-02
7.958396e-03
1.295775e-01
8.970009e-02
-5.262808e-01
1.231537e-01
-3.393736e-01
-2.245345e-01
-2.865778e-01
-1.480449e-01
1.508460e-01
-1.479421e-01
-1.031064e-02
-3.646095e-02
8.211621e-02
1.303785e-01
-7.726973e-02
1.448305e-02
-9.054293e-03
-3.876526e-01
-1.148230e-01
1.405608e-01
-4.088299e-02
3.924961e-02
-2.079184e-01
-1.061412e-01
4.006980e-01
-3.037740e-01
-3.229162e-02
1.547829e-01
8.878357e-02
-1.002384e-02
3.395002e-01
-1.742730e-01
-9.783329e-03
2.670077e-01
7.584779e-02
1.368937e-01
-1.804061e-01
2.113662e-02
-3.089966e-01
3.338592e-01
-3.794274e-02
7.156416e-02
-8.304036e-02
-1.600583e-01
-4.437725e-01
3.495342e-01
1.783725e-02
4.559533e-01
-4.198650e-01
1.666369e-01
3.742172e-01
4.584870e-01
5.871472e-01
2.758790e-01
-2.281577e-02
-1.576059e-01
1.103797e-01
-1.253291e-01
2.191778e-01
3.914624e-01
3.122651e-02
-5.341733e-01
-7.872284e-02
-1.031679e-01
-4.712986e-02
-3.414998e-01
-1.961578e-01
-4.179063e-02
-2.150382e-01
-1.323557e-01
-2.797265e-01
4.075648e-01
-3.863940e-01
1.084841e-02
-3.241080e-01
2.771844e-02
2.165317e-01
-2.985987e-01
1.055953e-01
-3.620545e-01
-5.379250e-01
2.276818e-01
-2.579081e-02
2.269093e-01
9.931050e-02
5.105261e-02
3.027953e-01
-3.659592e-01
1.975844e-01
1.722650e-02
3.858487e-02
1.740223e-01
-4.449079e-01
1.724424e-01
-1.947462e-01
-3.715478e-02
-1.562549e-01
-2.137852e-01
6.087523e-02
-6.422547e-02
9.619991e-02
3.197721e-02
-2.050770e-01
5.332390e-02
-2.610425e-02
-1.204806e-01
1.575401e-01
3.591036e-01
4.003686e-02
-3.017310e-01
-4.257737e-01
7.064217e-01
6.441552e-01
-4.814806e-01
2.012753e-01
-7.702491e-02
-2.023332e-02
-4.644316e-01
6.475134e-01
-4.202124e-03
9.855042e-02
-1.609102e-01
-1.109816e-01
3.860385e-01
3.058021e-01
4.940583e-01
1.678183e-01
-1.086129e-01
-3.004250e-01
2.048590e-03
1.192193e-01
6.672053e-01
-8.806870e-02
-4.064355e-01
3.681492e-01
2.646042e-01
-1.314546e-01
2.309584e-01
4.611892e-01
-1.124784e-02
-2.637316e-02
-1.769376e-01
-1.476593e-01
-4.934398e-01
1.098832e-01
1.350315e-01
-4.549751e-01
1.219887e-01
8.133880e-03
4.627415e-01
7.829058e-03
-1.162877e-01
9.766880e-02
-5.647547e-01
2.046071e-01
-7.234599e-02
