1.077752e+00
5.221593e-01
4.569875e-02
-5.246760e-01
-6.426500e-01
-7.211157e-01
-1.027288e+00
-8.001194e-01
-8.087939e-01
1.086186e+00
9.860292e-01
8.848423e-02
7.388733e-01
2.937173e-01
-4.946259e-02
-2.874309e-01
-1.703754e-01
-7.737300e-01
1.918034e-01
6.673787e-01
4.787135e-01
3.078127e-01
5.728206e-01
2.046076e-01
5.711840e-01
9.330016e-02
1.534375e-01
6.318486e-01
-4.388958e-02
-4.064284e-01
5.064775e-01
4.104481e-01
2.276532e-01
-3.832319e-03
3.841693e-01
3.693814e-01
-4.303473e-01
-2.194600e-01
2.713174e-01
3.052132e-01
6.397839e-01
6.485126e-01
2.319989e-01
2.993807e-01
-3.146070e-02
-1.754819e-01
-4.775117e-01
-4.861004e-01
-7.787213e-01
-2.838865e-01
-7.817309e-02
-6.662112e-01
-2.516269e-01
7.604671e-02
6.587859e-01
6.059472e-01
3.336534e-01
1.416845e-01
-2.777464e-02
-3.333142e-01
-3.600909e-01
-6.235065e-01
-9.277489e-01
-3.369228e-01
-8.984069e-01
-5.733790e-01
4.727361e-01
9.634574e-01
3.430178e-01
-1.333683e+00
-7.840897e-01
4.584817e-01
5.431642e-01
2.754247e-01
6.322838e-01
-2.464403e-01
4.129147e-01
7.588862e-02
-8.102743e-02
1.236127e-01
1.564471e-01
8.616708e-02
3.500048e-01
5.110202e-01
3.632885e-01
2.592633e-01
2.799114e-01
5.355930e-01
-4.462766e-01
-4.341435e-01
5.535690e-01
-9.409462e-01
-1.513015e-01
-1.651402e+00
-5.991027e-01
-4.271739e-01
-9.732558e-01
-3.888280e-01
-5.004740e-01
4.370472e-01
4.584877e-01
8.407312e-01
5.491306e-01
5.732853e-01
3.934038e-01
1.769144e-01
5.962896e-01
-2.418345e-01
9.247955e-01
7.110943e-01
1.065391e+00
1.391468e+00
3.682508e-01
-2.166324e-01
2.210409e-01
-8.624395e-01
-9.417354e-01
1.432717e-01
8.849768e-02
7.673634e-01
-4.274220e-01
3.306408e-01
7.721185e-01
-6.092203e-01
4.516343e-01
2.673679e-01
-2.767576e-01
-7.748554e-02
-1.983101e-01
-2.725331e-01
-2.216029e-01
-1.880932e-01
-1.527068e+00
9.429637e-02
-2.500230e-01
-4.432031e-02
-2.578893e-01
-8.990398e-02
-4.986440e-02
2.248347e-01
-6.440936e-02
7.423879e-01
9.413062e-01
1.429929e-01
