-3.632671e-01
4.178602e-01
-2.833625e-01
3.773925e-02
-1.459176e-01
1.323980e-01
1.131425e-01
8.854555e-02
-3.104804e-01
1.873744e-01
-1.253932e-01
4.517378e-02
4.513751e-01
2.621785e-01
-2.903248e-01
-2.248873e-01
8.639435e-02
4.185328e-01
-4.475343e-01
4.861982e-02
6.266071e-01
1.260481e-01
9.868860e-02
-8.859604e-03
2.599295e-01
4.832170e-01
-3.626972e-01
-4.061555e-01
3.825250e-01
2.477740e-01
-2.942575e-01
3.057944e-01
-2.259510e-01
1.250184e-01
-7.764599e-02
-2.981425e-02
-6.426496e-02
5.561922e-01
1.581268e-01
-4.045933e-01
2.152577e-01
-5.345268e-01
-1.800316e-02
4.430996e-01
-4.492777e-01
-3.013279e-01
4.452440e-02
1.751945e-01
-5.855651e-01
-4.866818e-01
-1.223101e-01
4.453958e-01
-7.023304e-03
1.980557e-02
-1.785186e-01
2.793798e-01
2.188445e-01
8.858315e-03
9.478494e-03
6.823413e-02
4.224006e-01
-6.830546e-02
4.302273e-02
-3.257547e-01
6.102422e-02
-1.884568e-01
2.183191e-02
8.945259e-02
-2.528776e-01
-2.627278e-01
-5.156605e-01
-6.974837e-01
2.018248e-01
6.075400e-02
-4.856363e-01
-2.397853e-01
-4.793698e-01
2.820442e-01
1.824266e-01
-5.235417e-02
-3.490168e-01
4.749911e-01
-2.567005e-01
-1.448438e-01
-3.859040e-02
3.746422e-01
-1.941800e-01
-1.706275e-01
2.206722e-01
8.546121e-02
1.779027e-01
6.445303e-02
2.298165e-01
4.174361e-01
2.588598e-01
3.535283e-01
2.088247e-01
-3.572949e-02
-4.938392e-01
-2.039270e-02
-1.983066e-01
-3.439620e-01
-2.686148e-01
-1.216829e-01
-1.001714e-01
-5.115314e-01
-1.732380e-01
-2.559294e-01
7.011421e-02
-8.409686e-02
-1.054909e-01
-6.946771e-01
1.033760e-01
1.407823e-01
-8.584172e-02
1.783472e-01
-7.585667e-02
1.944401e-02
-2.157775e-01
1.819832e-01
4.278591e-02
5.042424e-02
-1.305965e-01
1.481074e-01
-3.569848e-02
-2.703636e-01
1.186336e-01
9.746856e-02
-6.179686e-01
1.922604e-01
3.784806e-01
-3.355767e-01
1.674180e-01
-6.409501e-02
1.339118e-03
-4.117985e-01
-3.256286e-01
-3.389435e-01
2.798423e-01
-5.537812e-01
2.030954e-01
-5.830878e-02
-3.265079e-02
2.710312e-01
3.714653e-01
3.886857e-02
3.414795e-01
1.985969e-01
1.374349e-01
-5.594115e-02
2.824768e-01
-2.713548e-02
-1.846433e-01
4.227279e-02
2.334044e-01
-4.257819e-03
-2.318751e-01
1.327434e-01
-2.519027e-01
1.157960e-01
-8.222932e-02
1.562916e-01
9.203988e-02
-2.726032e-01
3.567392e-02
-4.452553e-02
-6.328352e-02
-2.582387e-01
-2.170432e-02
-3.923651e-02
-9.292442e-02
1.024398e-01
3.315409e-01
-2.559142e-01
1.232011e-01
-2.073324e-01
3.302775e-01
-6.676632e-03
-5.357245e-02
-2.115161e-01
-4.333517e-01
2.762549e-01
-3.344546e-01
-4.167279e-01
9.256054e-01
1.305622e-01
-1.888876e-01
-6.362118e-01
2.959748e-02
-2.167684e-01
-4.794887e-01
2.456512e-01
9.884024e-02
9.315078e-02
-5.510193e-01
-4.573854e-02
-1.001180e-02
1.297475e-01
-7.966105e-01
-2.648288e-01
1.060444e-01
-3.460948e-01
-5.477340e-02
2.267921e-02
-1.812225e-01
4.576172e-01
6.179450e-02
-6.478524e-01
-5.045224e-01
3.350739e-01
-1.082992e-01
6.239312e-01
5.600177e-02
-4.878335e-01
2.385726e-01
-1.721295e-01
-1.632837e-01
-3.110468e-01
3.303287e-01
7.283569e-02
-7.914630e-03
-3.951488e-02
2.801617e-01
-7.326032e-03
-3.716582e-01
1.793129e-01
4.749932e-02
3.304975e-01
6.435969e-01
-6.922569e-01
-5.104505e-01
5.190750e-02
3.247096e-01
-3.186201e-01
-6.193569e-01
2.318222e-01
-9.794021e-02
-2.471520e-02
2.373132e-01
-3.264600e-01
-2.579376e-01
-8.303136e-02
-2.754232e-01
-3.126967e-01
1.979368e-01
4.637870e-01
-1.968950e-01
-6.842516e-02
-2.743340e-01
3.887356e-01
-8.348887e-02
-1.685781e-01
-6.009469e-02
4.963937e-01
-3.553260e-01
-1.350819e-01
-2.370254e-01
-1.429135e-01
-1.948892e-01
6.437472e-02
-5.179520e-01
-3.237998e-01
2.963718e-01
6.337446e-01
-2.937636e-01
-1.695285e-01
2.929902e-01
-5.463293e-01
-1.007226e-01
4.371267e-01
2.359135e-02
3.354007e-01
4.928637e-01
9.258373e-02
1.585428e-01
-1.473898e-01
3.165310e-02
1.527683e-02
2.120482e-01
-1.373481e-01
5.568689e-02
7.633029e-02
4.173955e-01
1.783493e-03
-1.538426e-01
-1.705606e-01
-1.463417e-01
1.822046e-01
2.077003e-01
-4.555629e-01
-5.277053e-01
1.408616e-01
-3.002321e-01
-5.252985e-01
2.189018e-01
1.882073e-01
-3.287040e-01
2.486693e-02
5.668902e-01
1.041892e-01
-3.432657e-03
-6.238192e-01
-3.838088e-01
1.325518e-01
1.793367e-01
-1.349287e-01
-2.801811e-01
-1.299536e-01
-2.463757e-01
2.906937e-02
-2.097343e-01
1.629769e-01
6.307221e-02
7.201174e-02
7.829688e-02
6.382769e-02
-3.683287e-01
1.207821e-01
1.444931e-01
1.005543e-01
1.475008e-01
4.135194e-01
-1.125507e-01
-2.336291e-01
-1.327002e-01
-1.329651e-01
-1.171896e-02
-1.138593e-01
-1.942907e-02
1.629890e-01
8.919659e-02
4.691332e-01
-3.454228e-02
-3.951135e-01
2.752653e-01
-4.845362e-02
8.467485e-02
4.653793e-01
-2.039455e-02
-1.789560e-01
-1.595809e-01
-1.118959e-01
1.202300e-01
-8.123086e-03
1.955702e-01
4.564413e-01
-1.637443e-01
2.698252e-01
-3.829877e-02
5.592732e-02
-2.962144e-01
2.653693e-01
-9.124931e-01
-4.051608e-01
-2.740134e-02
-3.601881e-01
-1.224927e-01
-2.396829e-01
-5.295840e-01
-1.558504e-01
-5.265003e-01
1.769487e-01
1.226592e-01
2.152294e-03
2.059063e-01
-1.413938e-01
2.118926e-01
6.966501e-02
3.142670e-01
-3.161073e-01
-4.311372e-01
2.901497e-01
4.838637e-01
-2.713828e-01
-3.055614e-01
4.337489e-01
-6.294343e-01
4.985629e-01
-1.135631e-01
1.591239e-01
2.914765e-01
4.043398e-01
2.948736e-02
3.975908e-02
