-4.660076e-01
-6.514232e-01
-6.442618e-01
-1.017362e+00
-9.040546e-01
-9.035030e-01
-3.167530e-01
-3.127939e-02
-5.960703e-02
-3.285841e-01
5.932247e-01
-4.337349e-01
-2.054243e-01
4.646969e-01
2.553099e-01
1.891294e-01
4.975843e-01
8.746648e-01
-8.163314e-01
2.918636e-03
6.216492e-01
-7.095904e-01
-5.871379e-01
9.931761e-03
9.776575e-01
1.175422e-01
-7.122893e-01
-1.188898e+00
-7.024397e-01
-6.570632e-01
1.160085e+00
1.217618e+00
1.263514e+00
1.145406e+00
2.476585e-01
1.414856e+00
-5.922409e-01
-5.357159e-01
-2.125831e+00
7.943692e-01
3.516880e-01
8.632429e-01
-1.256828e+00
2.898945e-01
3.858612e-02
4.546716e-01
5.190557e-01
1.540127e-01
-4.252014e-01
-5.452521e-01
-8.474950e-01
-3.316038e-01
-8.391068e-01
-1.202666e+00
8.373669e-02
1.633012e-01
-6.466487e-01
7.662432e-01
9.409232e-01
1.100309e+00
-1.204069e+00
-2.488598e-01
-9.668553e-02
-1.404452e-01
-3.482109e-01
2.857319e-01
6.915840e-01
1.156721e+00
3.807811e-01
-1.278671e+00
-1.878743e+00
-1.466952e+00
-1.700326e+00
-1.006458e-01
5.575421e-02
-4.934608e-01
-1.241408e-01
1.002883e+00
-3.862750e-01
-9.238032e-02
3.854444e-01
2.132518e-01
-9.961922e-01
-1.149769e+00
3.976922e-01
-2.591028e-01
-1.009917e+00
3.324998e-01
-5.201857e-01
-8.371354e-01
1.768086e+00
9.458084e-01
9.581925e-01
1.591911e+00
4.061027e-01
6.864631e-01
1.864834e+00
1.486033e+00
1.285246e+00
-5.914673e-03
-4.997877e-01
-5.014516e-01
-3.864807e-01
-3.754857e-01
-5.317901e-01
-4.488209e-01
-4.763802e-01
-4.618955e-01
3.352463e-01
-1.128386e-01
-1.047102e+00
-5.850486e-01
-1.518989e-01
-2.274184e-01
3.710901e-01
1.290605e+00
1.860200e+00
4.001409e-01
7.611818e-01
1.187517e-01
2.317910e-01
3.482435e-01
2.518097e-01
3.929767e-02
6.110470e-01
3.404576e-01
5.275387e-01
-1.869405e-01
1.296990e+00
6.924053e-01
3.051940e-01
2.417306e-01
7.527885e-01
3.671796e-01
5.292065e-01
-1.474278e+00
1.080257e+00
1.175309e+00
-6.346974e-01
9.122865e-01
2.159101e-01
3.966451e-01
6.625121e-01
-7.257481e-01
6.958272e-02
1.025086e-01
8.652579e-01
5.487897e-01
7.662686e-01
5.384346e-01
3.899394e-02
1.114784e+00
1.346424e-01
1.923615e+00
-6.678594e-02
5.312524e-01
5.473132e-01
5.376716e-02
-1.098391e+00
1.476509e+00
1.236524e+00
5.724295e-01
1.006155e+00
4.514608e-01
6.565351e-01
1.864190e-01
4.699687e-01
2.229004e-01
-4.673947e-01
6.962178e-01
5.939134e-01
-3.150651e-01
-8.563490e-01
-2.638084e-01
3.104588e-02
-1.174981e+00
-1.916015e+00
2.607697e-01
-1.132578e+00
-9.669986e-01
6.589919e-01
1.597225e-01
4.820546e-02
7.666702e-01
6.422043e-01
1.875746e-01
8.167838e-02
2.824268e-02
2.037768e-01
-1.121569e+00
-2.656330e-01
-4.205712e-01
-8.176949e-01
-4.074791e-03
-4.070193e-01
-6.769204e-01
-4.230077e-01
-1.587012e-01
7.806159e-01
4.456752e-01
4.169587e-01
5.528901e-01
5.004374e-02
1.032337e+00
-3.455110e-02
3.452775e-01
9.124835e-01
-1.395688e-01
9.596355e-01
1.705400e+00
2.846854e-01
-5.822295e-01
3.504868e-01
4.954273e-01
-9.327978e-02
1.778813e-01
