-3.406506e-01
-1.893802e-01
3.228123e-01
-8.839858e-01
1.387693e-01
-6.524965e-01
7.031987e-02
8.630349e-01
-9.082025e-01
2.105933e-01
4.757222e-02
-5.988093e-01
4.551418e-01
4.943423e-01
-6.269868e-01
1.203425e-01
5.781016e-01
-4.076481e-01
1.374040e+00
-4.950224e-01
-5.691923e-01
-9.118504e-01
-4.450372e-01
6.839895e-01
-2.585756e-01
6.914298e-01
-1.858218e-01
2.774454e-01
-1.236439e+00
6.262537e-01
-1.706867e+00
2.005518e+00
-6.741596e-01
3.391690e-01
4.235162e-01
5.862811e-01
-1.752162e+00
2.664423e+00
-4.668267e-02
-3.675015e-01
-5.146631e-01
9.963156e-02
-7.810087e-01
2.051448e-01
2.337825e-01
-1.510875e-02
5.615404e-02
-9.642897e-02
-2.907149e+00
-4.013556e-01
-2.330009e+00
5.095110e-02
-5.447652e-01
-1.209461e+00
-5.581964e-01
2.040067e-01
8.048289e-01
1.641670e-01
-1.045595e+00
-5.304063e-01
1.118518e-02
5.233871e-01
-1.242311e-01
4.732555e-01
7.680574e-01
1.375966e-02
-1.856130e+00
-3.111114e+00
-1.133125e+00
2.717469e+00
-1.446748e-01
-4.803329e-02
1.289980e+00
5.045773e-01
1.268926e+00
-1.261958e+00
1.606134e+00
4.001626e-01
-2.201287e-01
-1.159361e+00
3.619546e-01
2.629692e-01
-4.477063e-01
7.559197e-02
-3.859428e-01
-1.028837e+00
2.273395e+00
-7.110166e-01
-8.971775e-01
-2.299913e-01
1.140040e-01
-3.056430e-02
6.824440e-01
-1.092898e+00
1.185389e-01
6.157308e-01
5.918314e-01
2.964514e-01
1.211541e+00
-5.294207e-01
-2.854554e-01
7.169344e-01
-6.761682e-01
1.164992e+00
-7.075142e-01
1.043588e+00
-2.265379e-01
1.238598e+00
-2.889459e-01
3.336238e-01
5.215774e-01
2.791386e-01
1.315992e+00
1.033894e-01
3.837551e-01
3.699703e-01
9.698733e-01
5.351840e-01
1.805259e+00
3.189925e-01
-2.148794e+00
-7.573687e-01
-7.334430e-01
1.195138e+00
-1.412335e+00
1.000868e+00
1.729545e+00
2.596095e-01
1.127672e+00
-3.958688e-01
6.641092e-01
-2.203956e-01
-2.309489e-02
-2.128054e-01
4.265506e-01
1.323039e-01
-5.760009e-01
-1.317373e-01
-5.092556e-01
1.541524e-01
-1.098737e+00
9.335333e-01
1.135595e+00
2.090728e-01
1.304633e+00
6.852855e-01
7.908758e-01
-3.705725e-01
3.584868e-01
8.999290e-01
-4.042758e-04
-4.683324e-01
-1.404222e-01
1.118023e+00
9.492361e-01
-2.583844e-01
-9.627740e-01
-8.992800e-01
8.746473e-01
1.536782e+00
1.813271e-01
-3.704887e-01
8.015389e-01
4.625113e-01
5.780759e-01
-4.571577e-01
4.577300e-01
1.987222e+00
-7.455763e-01
-1.045417e+00
-2.039040e-01
7.927394e-02
-5.831058e-01
6.308666e-01
1.394461e+00
-5.878391e-01
1.405806e+00
2.429637e-01
-4.981281e-01
-1.073007e+00
6.435317e-01
2.200056e-01
2.049369e+00
3.205017e-01
1.330322e+00
1.128738e-01
2.784099e-01
-1.070562e+00
9.711790e-03
-6.047010e-01
-4.049696e-01
-5.133265e-01
3.476261e-01
-1.084851e+00
-8.866758e-03
3.392628e-01
5.404289e-01
-2.005076e+00
6.333192e-02
5.167858e-01
-3.682277e-01
-9.708863e-01
-4.050486e-01
-6.439549e-01
6.654939e-01
2.812219e-01
-3.027353e-01
-2.301524e-01
1.600648e+00
1.538266e+00
6.196046e-01
3.567430e-01
-3.375317e-02
3.934112e-01
-1.095617e-01
-6.299326e-01
-5.198416e-02
1.091414e+00
-1.034676e+00
9.462430e-02
-7.383409e-02
5.293743e-01
-9.809318e-01
1.579056e+00
-1.560617e+00
-1.257439e+00
2.364641e-01
-1.081994e+00
-3.460519e-01
4.929292e-01
-1.074263e+00
6.557826e-01
-1.365562e-01
-5.435303e-01
-4.953007e-01
3.381426e-01
-1.319423e+00
7.755051e-01
-3.076929e-02
7.505839e-01
9.047588e-01
-1.256360e-01
-5.792359e-01
-1.030324e+00
-7.613121e-01
-3.158700e-01
-2.347274e+00
1.387438e+00
-5.265983e-01
-6.788957e-01
-4.133582e-01
-6.751987e-01
-1.352633e+00
6.695313e-01
3.079755e-02
-1.372016e+00
3.360059e-01
2.212169e-01
-9.885586e-01
-1.985554e+00
6.314015e-01
2.547193e-01
-1.311154e+00
6.765317e-01
-2.072195e-01
-4.391829e-01
-2.055250e-01
-2.448506e-01
-1.683278e+00
-1.011619e+00
7.263957e-01
-5.384585e-01
1.412744e+00
2.953505e-01
1.780371e+00
-6.867672e-01
5.486025e-03
5.464213e-01
-3.715625e-01
-1.283835e+00
-7.988452e-01
-1.818012e-01
-9.965041e-02
-7.567903e-01
8.033952e-01
-8.567084e-01
-1.258543e+00
-2.933202e-01
-4.447141e-01
7.878544e-01
-1.357906e+00
-1.642032e-01
1.444544e+00
1.820909e+00
-1.504033e+00
-1.345426e+00
-6.143135e-01
9.964051e-01
-1.263444e+00
-1.227304e+00
-1.401401e+00
1.026071e+00
4.479159e-01
-7.954965e-01
8.768032e-01
6.121925e-01
-1.641895e+00
-1.469537e-01
6.179041e-01
1.174454e+00
-4.334371e-01
-1.015431e+00
3.006372e-01
-4.038639e-01
-8.945790e-01
8.094879e-01
-2.372502e-01
1.824313e+00
1.495750e+00
-1.469793e+00
4.515451e-01
-3.745471e-01
-5.359024e-01
-2.005927e+00
-4.502946e-01
3.038838e-01
7.243524e-01
1.264827e-01
2.789450e-01
-9.542694e-01
-2.391242e-01
4.778861e-01
-1.325400e+00
-1.925522e+00
-1.103420e-01
-8.724757e-01
1.163352e+00
8.040690e-01
-6.994663e-01
-6.992142e-01
1.672959e+00
-1.787070e+00
-7.391810e-01
2.062313e+00
-1.812422e+00
6.396581e-01
-5.561963e-01
1.639499e-01
4.005283e-01
3.194547e-02
-3.310282e-01
-4.983601e-01
-1.337592e+00
8.700677e-01
-1.121683e+00
1.591820e+00
-6.970972e-02
-5.556479e-01
4.755014e-01
7.525479e-01
-1.902782e+00
-3.556620e-01
-1.137533e+00
-2.241698e-01
-1.378473e+00
-2.097813e+00
-1.748821e-01
2.222075e+00
-5.088845e-02
-1.663126e+00
2.323743e+00
2.474447e+00
4.117812e-01
-8.402140e-02
-5.032282e-01
-5.339652e-01
-4.426154e-01
7.280626e-01
-1.017249e+00
-3.156053e-01
-3.474607e-01
7.235360e-01
-3.493688e-01
9.653085e-01
-8.004136e-01
-4.294171e-01
-3.519031e-01
-2.655113e-01
1.467378e+00
-2.272720e-01
5.921124e-01
1.592309e-01
1.989123e-01
2.462501e-01
-1.893947e-01
-4.405819e-01
1.254057e+00
-1.439829e-01
3.203294e-01
1.657157e+00
5.257404e-01
-5.663752e-01
4.681535e-03
-4.622490e-02
-3.516892e-01
-4.378480e-02
3.661065e-01
1.245464e+00
6.716590e-01
-9.237503e-02
8.857252e-02
-7.655314e-01
1.291215e+00
1.630649e+00
1.546966e+00
-7.404127e-01
-2.994528e-01
-5.264728e-01
-5.954574e-01
-7.746260e-01
1.357617e+00
-3.333299e-01
4.093063e-01
-4.977908e-01
-2.689561e-01
9.106567e-01
1.202193e+00
6.450080e-01
4.215968e-01
-7.887940e-01
1.898032e+00
-1.072837e+00
-1.198059e-01
-8.513508e-01
5.852821e-01
4.845997e-01
-5.113097e-01
4.290594e-01
1.159509e+00
-1.064424e+00
1.262533e+00
3.319058e+00
1.475399e+00
-1.667711e+00
1.164517e-01
-3.841432e-02
-3.046557e-01
2.141546e-01
-7.915339e-01
-9.683304e-01
2.214621e-01
1.487725e+00
8.484450e-01
1.316953e+00
-2.626938e-01
4.232204e-01
6.321605e-02
3.302330e-01
6.801600e-01
-1.158800e-01
-1.162375e+00
-7.069847e-02
-7.926058e-01
5.208554e-01
-2.119893e-01
3.938841e-01
6.953082e-02
4.466020e-01
-2.986575e-02
1.051727e-01
2.335740e-01
-6.576647e-01
-5.583851e-01
3.399063e-01
5.525418e-01
-1.872808e-01
1.175747e+00
-1.918432e+00
-3.134795e-01
-3.784626e-01
9.001988e-01
8.824273e-01
2.424197e+00
-5.436801e-01
-2.214469e-01
1.763336e+00
1.120128e-01
-2.229992e-02
-1.426368e+00
2.711869e+00
9.726646e-02
-8.419745e-02
-1.151517e+00
1.018205e+00
-1.979727e-01
5.036568e-01
7.737928e-01
-5.324706e-01
7.538740e-01
8.984401e-01
6.112833e-01
-9.880016e-01
6.872831e-01
8.450958e-01
2.627172e-01
-4.410168e-01
-4.643085e-01
-4.037819e-01
2.819542e+00
3.661801e-01
1.162611e+00
1.082473e-01
2.735093e-01
-6.486883e-01
1.690025e-02
-1.269019e+00
1.742982e+00
-9.904751e-01
3.672179e-01
-1.000729e-01
7.540682e-02
3.342914e-01
4.117098e-01
6.101959e-01
-4.726831e-01
-9.506870e-01
1.530969e-01
4.423006e-02
8.757659e-01
7.537151e-01
-2.324731e-01
7.884482e-01
-7.586931e-01
-2.069663e+00
5.381336e-02
1.939332e+00
-6.516436e-01
-1.273835e+00
2.507034e-01
2.916584e-01
1.270192e+00
-8.960321e-02
-1.602996e+00
-3.432819e-01
-9.600884e-01
9.416842e-01
1.036902e+00
1.483544e+00
2.438063e-01
-1.749963e+00
1.078964e-01
-2.903315e-01
9.154694e-01
1.712838e+00
-1.651190e-01
1.115986e+00
5.854844e-01
1.908449e+00
9.215567e-01
-8.527883e-01
-2.397742e-01
-9.368271e-01
-1.409359e-02
-2.830502e-01
-3.224118e-01
-8.582121e-01
6.209472e-01
-2.911299e-01
3.088316e-01
-2.752976e-01
9.198108e-01
1.006148e+00
-1.512605e+00
-2.626367e+00
-3.445350e-01
-3.275058e-01
