5.278276e-01
6.318783e-01
-8.665308e-01
-4.859250e-01
-2.338659e-01
-8.288307e-01
-2.922593e-01
-1.126262e+00
-1.466664e-01
-6.121845e-01
-7.931606e-02
8.719962e-01
-1.262924e+00
-1.109369e+00
4.906888e-01
8.727286e-01
-1.067042e+00
-6.983818e-01
3.431077e-01
1.001845e+00
3.316547e-01
-7.431930e-01
1.352277e+00
-2.118401e-01
-6.151722e-01
7.201717e-01
1.099948e+00
-1.977671e-01
7.225065e-01
8.702427e-01
-1.951815e-02
-1.932113e-01
6.563346e-02
1.081738e-01
-1.742198e-01
-1.168491e+00
-3.847937e-01
-7.051092e-01
-4.814567e-01
1.055563e+00
5.318997e-02
3.190585e-01
-1.229194e+00
-8.822889e-01
-1.023667e+00
-1.072715e+00
-8.182587e-01
-3.884485e-01
3.113241e-01
-7.450032e-01
8.306472e-01
-9.283674e-02
-7.473088e-01
-8.778215e-01
-3.834554e-02
-6.024714e-01
6.162432e-01
7.066409e-01
9.185321e-01
-1.363591e-01
-9.840981e-03
-3.324666e-01
9.452440e-01
3.110186e-01
6.843402e-01
-1.128042e+00
-6.763808e-01
-4.744504e-01
-7.477079e-01
3.846516e-01
4.117630e-01
-5.244292e-02
-6.719702e-01
8.496596e-01
7.169325e-01
-1.268560e+00
-9.550020e-01
2.617287e-01
-1.549248e+00
-1.295598e-01
-1.177098e-02
6.063164e-01
2.540198e-01
-4.186540e-01
1.244358e+00
8.035346e-01
-3.857729e-01
-9.663846e-01
-1.094646e+00
-8.097482e-01
3.318287e-01
-2.367444e-01
-2.059661e-01
-6.624799e-01
-4.203933e-01
6.226460e-01
6.626903e-01
-1.370823e+00
-2.466758e-01
-6.864840e-01
4.137411e-01
3.722675e-01
8.262929e-02
5.718085e-01
1.187509e+00
-8.527083e-01
-5.691431e-01
-1.840407e-01
-1.371640e+00
5.531463e-01
-1.113394e+00
-5.567389e-01
8.730862e-01
8.537482e-01
-8.971518e-01
-3.212678e-01
3.580854e-01
2.906246e-01
4.047636e-02
-1.252899e-01
3.523378e-01
4.934932e-01
-1.160197e+00
-1.633356e-01
-4.045737e-01
2.771045e-01
1.258956e+00
-6.981910e-01
-1.103373e+00
4.240748e-01
-3.913746e-01
-4.791754e-01
-2.144424e-02
5.649329e-01
-7.977614e-02
-4.676856e-01
1.688799e-01
-6.941189e-01
3.605808e-01
-1.250436e-01
1.122051e+00
-2.203220e-01
-2.408943e-01
9.954063e-01
-3.565886e-01
2.707978e-01
-1.034084e+00
3.492295e-01
7.467992e-01
-6.226263e-01
2.430146e-01
-1.612495e+00
-9.105442e-02
-3.295618e-01
-1.155635e-01
-1.084240e+00
7.307869e-01
-1.405885e+00
1.068396e+00
-9.105899e-01
-2.851818e-01
8.386042e-01
3.778413e-01
3.108249e-01
6.591668e-01
6.224471e-02
2.277396e-01
-7.466550e-01
-1.693930e-01
-9.344438e-01
6.512093e-01
6.347786e-02
-1.314978e+00
9.383088e-01
3.465476e-01
6.762646e-01
-4.488300e-01
-6.247653e-01
-8.029240e-01
7.872472e-01
-1.885906e-01
-1.176945e-02
-3.660434e-01
6.139767e-01
3.129117e-01
-2.449177e-01
1.298096e+00
-8.908325e-01
-1.018411e+00
2.336349e-01
-9.389136e-01
-1.173508e+00
5.944938e-02
5.286670e-01
-1.386884e-01
8.570293e-01
3.819941e-01
-8.096094e-01
1.561505e-01
7.605637e-01
-6.391274e-01
-6.294819e-01
1.065806e+00
3.626069e-01
5.278021e-01
2.252011e-02
-4.848526e-01
-6.541722e-01
-7.107648e-01
-7.307264e-01
-5.626204e-01
7.464447e-01
4.812156e-01
-9.861469e-01
-9.370052e-01
-3.783713e-01
-4.039463e-01
-8.349192e-01
-1.475032e+00
8.649180e-01
-1.046611e+00
-4.465435e-02
-5.084731e-01
6.560929e-01
9.846686e-02
-1.091021e-01
-6.830273e-01
5.151277e-01
9.657692e-02
7.648854e-01
1.952165e-02
-1.327767e-01
-1.562306e-01
4.953944e-01
-1.643541e-01
-2.293335e-01
-8.668202e-01
1.074970e+00
5.374589e-01
9.052852e-01
