-1.609509e-03
-1.677776e-02
-6.116716e-05
-1.289405e-02
-2.977647e-02
-7.369641e-03
-3.977451e-03
-1.553215e-02
-1.489365e-02
-1.408887e-02
-5.696756e-03
-2.266151e-02
-1.096685e-02
-1.221091e-02
-3.801614e-02
-5.084408e-03
1.794822e-02
-1.318335e-02
-9.703193e-03
8.104574e-03
-1.850282e-02
4.328551e-03
-1.363054e-02
-1.398047e-02
-1.976264e-02
6.797640e-03
-2.378266e-02
-2.357589e-02
-8.643778e-03
-2.068210e-02
2.075817e-02
-1.429108e-02
-1.372799e-02
-1.841445e-02
-1.387158e-02
3.636085e-03
-4.014411e-03
-8.234770e-03
-1.046883e-02
-1.185264e-02
-8.627621e-03
-1.264608e-02
-2.684008e-02
-1.887934e-02
-1.982803e-02
6.856605e-03
-1.188683e-02
5.033853e-03
-1.052830e-02
-3.127717e-02
1.183699e-02
-5.802661e-03
-2.984185e-02
-2.069681e-02
-6.466614e-03
-1.240774e-02
7.557168e-03
1.742531e-02
-6.163859e-03
-3.921758e-03
-1.738500e-03
1.379431e-02
-1.910235e-02
2.203004e-02
