-2.624522e-02
1.602245e-02
-3.503161e-02
-1.756688e-02
4.793477e-02
1.398208e-02
-1.201851e-02
-3.443348e-02
-1.585843e-02
3.854355e-02
8.642280e-03
2.124220e-02
-2.768240e-02
1.915560e-02
-6.600671e-03
-2.921567e-02
-2.352975e-02
2.752106e-02
-2.209827e-02
-4.282364e-02
2.095921e-02
3.938102e-02
-8.255467e-03
-4.333422e-02
-1.625769e-02
-4.390866e-02
2.201240e-02
2.228442e-02
-1.825363e-02
4.137456e-02
-2.771408e-03
-4.834618e-02
1.033245e-02
-2.048201e-02
3.185579e-02
-2.192349e-02
-2.594239e-02
3.114240e-02
2.992094e-02
-5.933432e-04
-2.473921e-02
-3.709542e-02
2.289453e-02
-4.630476e-03
1.037849e-02
8.896394e-03
2.328130e-02
2.764068e-02
4.979416e-02
2.631807e-02
-6.334081e-02
1.179201e-02
-7.029212e-03
-8.575274e-03
-1.997059e-02
-2.215937e-02
-1.706343e-02
-2.298026e-02
-7.305890e-03
1.085173e-02
-6.982774e-02
-6.423146e-03
1.725953e-02
1.448220e-03
-4.323010e-02
-3.136459e-02
2.024613e-02
-2.486376e-02
-7.865865e-03
-1.616603e-02
-1.515688e-02
4.274994e-02
2.944966e-02
-1.068749e-02
-1.878803e-02
-4.618151e-02
-3.077802e-02
2.603395e-02
-8.435147e-03
-1.077248e-03
2.366116e-02
-3.700978e-03
-1.663303e-03
-2.369842e-02
-2.975145e-02
-4.597304e-02
2.936020e-02
4.238080e-03
-4.735474e-02
-9.528258e-03
-4.455904e-02
4.180918e-02
3.429524e-02
-3.712319e-02
-4.836955e-03
-4.061611e-02
2.941174e-02
1.565566e-03
-3.828769e-03
-4.246806e-02
-3.278238e-02
-1.751766e-02
2.978354e-02
2.437917e-02
-3.124102e-02
-2.320518e-02
4.089527e-02
-1.858378e-02
9.821155e-04
-4.023597e-02
1.264884e-02
2.633118e-02
1.751088e-02
-3.743356e-02
-1.664108e-02
-4.866275e-02
-1.807707e-02
3.169087e-02
2.604875e-02
-3.809727e-02
1.557531e-02
-3.829412e-02
1.893140e-02
4.018955e-02
3.425280e-02
2.094193e-02
4.081861e-02
-3.643655e-02
2.739804e-02
3.265203e-02
-7.581220e-03
3.550469e-02
-3.125044e-02
-5.258298e-03
-1.345992e-02
2.257532e-02
6.809174e-03
1.324057e-02
4.590418e-02
-4.311902e-02
-2.156698e-02
-4.891335e-03
3.364692e-02
2.642075e-02
-1.731642e-02
-2.121368e-02
1.525227e-02
1.917506e-02
-1.408312e-02
-2.687326e-02
6.598243e-03
1.706260e-02
5.215381e-03
4.791383e-02
4.577306e-03
1.606644e-02
-6.282137e-03
-3.269393e-02
4.600873e-02
-2.398845e-02
-2.037177e-02
-2.858663e-02
3.162039e-02
4.539668e-02
-6.412588e-03
1.521299e-02
-3.664721e-02
-1.420750e-02
-1.816823e-02
-5.032822e-04
-1.304356e-02
1.356115e-02
3.524600e-03
-2.266807e-02
1.649387e-02
5.745275e-02
2.864193e-02
9.219707e-04
-6.966356e-03
-2.936631e-02
-4.116736e-02
-1.670934e-02
-1.921024e-02
-2.656691e-02
9.094831e-03
2.933477e-02
-2.420404e-02
-3.253078e-02
3.128476e-02
-7.138621e-03
1.076938e-02
3.356956e-02
2.552707e-02
-2.299421e-02
-6.525148e-03
1.421839e-02
-4.118494e-02
-4.008001e-02
1.282234e-02
1.962445e-02
4.954334e-02
-2.083642e-02
-3.295083e-02
-3.946539e-02
3.345171e-03
-3.208147e-02
-2.656977e-03
2.036365e-02
-4.262504e-02
1.762573e-02
-3.755740e-03
2.453203e-02
-6.456719e-03
-1.879550e-02
-3.905889e-02
-3.720270e-02
2.674642e-02
-1.418125e-02
8.098112e-03
1.431940e-02
-2.238095e-02
-3.406974e-02
-5.123906e-02
1.326524e-02
3.561370e-02
2.240340e-02
4.610658e-02
-2.605172e-02
-1.804791e-02
-1.836388e-02
1.439489e-02
-4.894926e-02
-4.324008e-02
3.453340e-02
-3.806564e-03
3.997737e-02
6.397715e-03
1.234542e-02
6.242092e-03
2.701806e-03
-1.360248e-02
-1.156169e-02
-1.037360e-02
-4.404729e-02
-2.595072e-02
-5.528608e-02
-6.889522e-03
-4.266970e-02
-4.192868e-02
-2.943077e-02
-2.522523e-02
2.877990e-02
-2.761172e-02
7.600972e-03
-1.176302e-02
3.422532e-02
1.106542e-02
-2.352828e-02
1.195947e-02
2.083842e-02
1.796956e-02
1.985574e-02
-4.192873e-03
2.137936e-02
1.830004e-02
1.504033e-02
3.370744e-02
2.480542e-02
3.061829e-02
-2.503593e-03
-2.885885e-02
-4.515933e-02
5.045238e-02
-1.353479e-02
1.394891e-02
-2.767000e-02
-3.941058e-03
-2.394051e-02
-3.547676e-02
1.958946e-03
7.883670e-03
1.015546e-02
2.644202e-02
1.321464e-02
-3.300508e-02
-3.170597e-02
4.137322e-02
1.404599e-02
-1.919409e-02
2.613281e-02
-3.028417e-02
-3.396695e-02
2.703000e-02
1.618148e-02
-4.769483e-02
-5.847249e-03
-2.595482e-02
-2.912952e-02
-2.550129e-02
-1.331152e-02
-3.628055e-02
3.054703e-03
-2.659224e-02
3.293359e-02
-4.393978e-02
4.070775e-05
2.538395e-02
4.033180e-02
-9.465217e-03
3.025291e-02
4.404214e-02
2.869856e-02
2.657439e-02
4.983944e-02
-2.231302e-02
1.646336e-02
7.272459e-03
-1.265660e-02
4.683288e-03
-2.351679e-02
-2.264727e-02
-4.252010e-03
3.692354e-02
-3.121871e-02
-1.900571e-02
1.316107e-03
2.882180e-02
-4.159237e-02
-1.678071e-02
-1.325036e-02
-1.356311e-02
-1.594310e-02
-2.838743e-02
-4.427294e-02
2.125715e-02
-9.642563e-03
-7.247377e-03
-1.256404e-02
5.343623e-02
1.378269e-02
1.096025e-02
2.040639e-02
2.176066e-02
-6.377757e-02
-1.642911e-02
-7.706348e-03
2.159000e-03
-7.509890e-03
2.650201e-03
3.284187e-02
2.122885e-02
-1.268887e-02
4.405729e-02
-3.276719e-02
2.935686e-02
3.575945e-02
-2.268961e-02
-5.433152e-03
-2.353409e-02
1.221948e-02
5.975682e-03
1.605701e-03
-1.709664e-02
3.711361e-02
-5.715969e-03
2.321223e-02
-3.379199e-02
3.739370e-02
5.057094e-02
1.706236e-02
-2.050426e-02
-1.868994e-03
2.532655e-02
-2.777350e-02
-1.436541e-03
1.576903e-02
-1.587768e-02
2.058461e-02
3.553586e-02
-1.059549e-02
-1.748774e-02
-1.740362e-02
-1.695987e-02
-3.299507e-02
-7.834186e-03
1.425005e-02
2.266620e-02
-1.310226e-02
3.772384e-02
1.987671e-02
-6.703425e-02
6.551876e-03
1.575311e-02
2.123398e-02
6.159396e-02
3.586943e-02
-6.394698e-03
-4.582698e-02
1.395565e-02
-2.526261e-02
2.336898e-02
3.422043e-02
3.622588e-02
-1.729305e-02
4.402529e-03
-1.969944e-02
3.156049e-02
4.328672e-03
2.935313e-02
4.572745e-03
-1.198713e-02
-7.610634e-03
-4.202012e-02
1.788314e-02
-9.583199e-03
-6.112297e-02
-1.250607e-02
2.409065e-02
-1.020365e-02
8.576523e-04
1.187820e-02
2.129689e-02
3.362892e-04
-2.702909e-02
-4.627056e-02
-4.419788e-02
1.038942e-02
-7.899559e-03
-6.569231e-02
1.711753e-02
-3.232755e-02
-2.496321e-02
1.756686e-02
1.615763e-02
-2.950387e-02
-1.140975e-02
-4.964263e-02
4.790400e-03
-1.529089e-02
2.163797e-02
-3.630301e-02
4.011325e-02
3.966946e-02
-3.636095e-02
-1.700235e-02
1.369876e-02
-2.172950e-03
-8.799580e-02
-9.786954e-03
1.229450e-02
-3.127182e-02
2.982111e-02
1.982204e-02
-3.974481e-02
2.171254e-02
2.464111e-02
-3.704656e-02
8.604578e-03
-2.137891e-03
-4.352023e-02
-4.677485e-02
4.077240e-02
-1.507546e-02
6.005026e-02
5.696484e-02
-4.375296e-02
-1.029627e-02
1.251964e-02
-4.394775e-03
3.276736e-02
-4.257775e-02
2.071826e-02
-3.599368e-02
2.285539e-02
5.185011e-03
-3.099698e-02
4.006989e-02
-8.314152e-03
-2.495933e-03
7.894496e-03
-1.552795e-02
-2.211286e-02
3.481228e-02
3.576602e-02
3.495169e-02
-4.463622e-02
-2.085118e-02
3.005391e-02
1.268794e-02
4.330293e-03
-3.016592e-02
-8.262131e-03
1.850702e-02
-1.925746e-02
4.696457e-03
1.396561e-03
2.437159e-02
-2.049662e-02
3.217261e-02
4.129245e-02
3.197078e-02
1.615639e-02
3.449868e-02
3.459749e-02
-1.098955e-02
1.006936e-02
1.843445e-02
-7.236409e-03
-3.805545e-02
5.025421e-02
-3.022921e-02
-4.317378e-02
-9.329155e-04
3.839734e-02
2.020159e-02
-2.686056e-02
-6.399489e-03
-3.952681e-02
-2.649022e-02
-3.758365e-03
-5.520572e-02
-3.982596e-03
4.024961e-02
-2.849431e-03
-1.739139e-02
-3.020422e-03
2.532723e-02
-4.031972e-02
2.900053e-03
-2.332139e-02
-3.311375e-04
-2.570056e-02
-2.949771e-02
7.358621e-03
-3.797060e-02
7.535782e-03
2.863544e-02
-1.463162e-02
3.425847e-02
-2.051686e-02
1.730191e-02
-1.666681e-02
-4.254181e-02
1.863667e-02
6.281038e-03
-2.438771e-04
1.118575e-02
-2.902014e-02
-5.901985e-03
-2.345048e-02
3.124298e-02
2.536938e-02
-1.114715e-02
-2.492140e-03
2.116654e-02
3.372078e-02
-1.705725e-02
-2.285607e-02
2.438265e-02
-3.065291e-03
-2.358631e-02
2.655314e-02
-1.530658e-02
-4.038030e-02
-2.679205e-02
-2.682134e-02
4.501922e-02
8.200613e-05
-1.229794e-02
-3.850361e-02
-1.835103e-02
-5.756143e-02
-9.828985e-03
2.217648e-02
1.237500e-02
-2.484034e-03
-4.936801e-02
-4.010360e-03
-3.158345e-02
3.205931e-03
1.505428e-02
-3.734390e-02
-1.332347e-02
9.154815e-03
4.331413e-02
-1.608883e-02
1.162549e-02
-1.697162e-02
-6.426118e-03
-2.305217e-02
-2.588857e-02
-1.685159e-02
-3.260550e-02
-4.424300e-02
4.268576e-02
-4.707424e-02
-3.860363e-02
-1.490855e-02
1.063301e-02
1.523395e-02
-3.214725e-02
2.440056e-02
2.788629e-02
-1.702862e-02
2.953980e-02
4.383328e-02
-8.629005e-03
2.381638e-02
6.469447e-03
-6.035356e-03
-1.464949e-02
2.210934e-03
2.803784e-02
-4.590730e-02
-1.813440e-02
-3.415633e-02
1.908988e-02
2.100668e-02
1.522594e-02
-1.884999e-02
2.070858e-02
-2.397229e-02
1.435399e-02
1.968889e-02
-2.265209e-02
-1.348839e-02
3.900773e-02
6.386461e-03
4.077428e-02
-2.307338e-02
4.782777e-02
-2.370701e-02
2.153946e-02
-3.672132e-03
-3.167549e-02
-2.420993e-02
-6.353376e-03
-2.674411e-02
-4.960835e-03
1.227300e-02
