-1.850508e-02
-1.054589e-01
1.535239e-01
-5.144896e-02
1.162441e-01
-1.763162e-01
1.355450e-02
5.206482e-02
-9.000451e-04
3.227589e-01
3.088294e-01
1.235331e-01
5.058910e-02
-2.014502e-01
-3.698770e-02
1.237522e-01
-7.176251e-02
7.639051e-02
7.279227e-02
-1.332429e-01
9.454259e-02
-1.033872e-01
1.911011e-01
-4.640644e-02
7.751492e-02
3.077450e-02
-1.570229e-01
-9.378724e-02
-1.160263e-01
-4.050441e-02
-1.022622e-01
-6.361607e-02
-9.297635e-02
-5.685282e-02
-1.122395e-01
-1.018093e-01
2.854904e-01
2.198261e-01
-4.478953e-02
3.962796e-03
2.503128e-01
2.245361e-01
2.462583e-01
2.518483e-01
6.046697e-02
9.693974e-02
7.478205e-03
-5.693902e-02
5.547693e-02
-1.366468e-01
-7.208069e-02
-9.650009e-02
6.323164e-03
1.576384e-01
3.912846e-02
-6.834092e-02
-3.993796e-02
4.781444e-02
-4.992809e-02
-3.180090e-02
1.916487e-01
2.239219e-01
2.040215e-01
1.951527e-01
-1.996562e-01
-1.486888e-01
1.672519e-01
7.042880e-02
1.849872e-01
-1.647567e-01
-1.648428e-01
6.260014e-02
-9.458906e-04
2.242219e-01
4.852395e-02
4.262914e-01
6.681353e-01
1.214910e-01
2.471464e-01
2.013018e-01
-3.382638e-02
1.518714e-03
7.242567e-02
3.845129e-02
2.852096e-02
-2.292323e-01
1.536288e-01
3.299171e-04
1.271632e-01
5.075511e-02
8.234680e-04
-6.086934e-02
1.338014e-01
-8.702625e-02
3.202445e-01
4.438440e-01
-1.024762e-01
3.019398e-01
3.532897e-01
-1.575259e-01
1.773511e-01
-6.681389e-02
2.940082e-02
1.845316e-01
1.679174e-01
-6.371425e-03
-1.225251e-01
-1.165757e-01
3.230731e-01
4.175254e-01
3.606064e-01
3.331547e-01
-1.440264e-01
-1.724427e-01
1.355471e-01
-2.225589e-01
-1.722644e-01
4.767234e-01
3.669487e-01
-1.151968e-01
5.627211e-01
2.352087e-01
-2.626259e-01
-2.858392e-02
1.338317e-01
-7.806290e-03
1.558245e-01
5.622359e-01
2.275050e-01
-6.010194e-02
3.337783e-01
2.512659e-01
-1.966311e-01
1.037920e-02
5.722107e-02
-1.199823e-01
2.686119e-01
3.075789e-02
-5.039986e-02
2.178329e-02
-1.255981e-01
-1.081654e-01
-6.001097e-02
4.367754e-02
