1.673315e-01
2.695815e-01
1.350192e-03
1.248667e-01
4.401237e-03
1.724985e-01
-2.685781e-01
-8.220016e-02
-1.194500e-01
2.557178e-01
1.662245e-01
5.753434e-01
4.630191e-02
1.490657e-01
-2.348161e-02
-2.392260e-02
-3.656350e-02
1.774072e-01
1.603924e-01
-7.330063e-02
6.214673e-02
1.097215e-01
2.176778e-02
2.295361e-01
1.010332e-01
6.058130e-02
-2.354724e-01
-2.403139e-02
3.082035e-02
-1.348257e-01
1.083549e-02
-1.971059e-01
-1.784244e-01
-1.059598e-01
-2.281344e-01
-3.711450e-02
-3.407263e-02
-9.402004e-02
4.372773e-02
4.881088e-02
1.628724e-01
6.610636e-02
-1.834038e-01
-2.030858e-01
-2.215122e-01
1.658429e-01
1.142643e-01
4.577938e-02
1.376729e-01
1.372069e-01
-1.221946e-01
-3.295720e-01
-1.713730e-02
1.782280e-01
9.473862e-02
2.656974e-01
-9.388405e-02
1.606784e-01
6.245196e-02
9.851528e-02
-4.246553e-01
-3.702248e-01
-1.869363e-01
-1.587948e-02
-2.600981e-01
-2.327371e-01
8.319540e-03
-4.544737e-02
-1.462564e-01
-1.163721e-01
2.250253e-01
1.475451e-01
-7.776315e-01
-8.614846e-01
-3.373644e-01
-4.754775e-01
-1.830494e-01
-4.246893e-01
-4.589164e-01
-1.682817e-01
-2.940128e-01
1.338020e-01
1.081443e-01
3.040258e-01
2.450301e-01
1.995982e-01
-6.708220e-03
-1.819466e-01
-1.804803e-01
-2.435272e-01
-2.882621e-01
-2.189430e-01
1.073115e-01
3.919737e-02
-8.022313e-02
-1.384279e-01
-2.733615e-01
-2.288676e-01
-3.980294e-01
-2.014784e-01
-1.004095e-01
2.381575e-02
3.182264e-01
2.010844e-01
-1.330048e-01
-9.104162e-03
1.611613e-01
-1.813765e-02
-9.620329e-02
2.344981e-02
-1.476882e-01
-9.252992e-02
-1.671504e-01
-1.181774e-01
-1.622796e-01
-6.787615e-03
-2.701335e-01
-3.046632e-01
-2.470397e-01
-3.241620e-01
-4.143478e-01
-9.069212e-02
-7.773326e-02
-2.433398e-01
9.536048e-02
1.667343e-01
-1.136787e-01
-2.387455e-01
8.226009e-02
-1.814398e-01
-3.679623e-01
-6.489435e-01
-4.900637e-02
-2.478637e-01
-2.577262e-01
9.219610e-02
4.190991e-01
1.537443e-02
2.515398e-01
9.993960e-02
-1.509523e-01
2.341559e-02
-5.513118e-02
9.068592e-02
-3.954396e-02
5.875121e-02
1.261595e-01
-4.161667e-02
8.416742e-03
1.212661e-01
-1.408748e-01
6.911170e-02
-2.169314e-02
1.953670e-01
1.486062e-01
-1.469841e-01
9.742894e-02
7.239681e-02
-1.190151e-01
1.008004e-01
-6.145285e-02
-1.445425e-01
1.224664e-01
1.252501e-01
1.540001e-01
-1.015732e-02
1.868243e-01
-8.715628e-02
1.306031e-02
3.515477e-04
-2.598308e-01
1.082884e-01
-6.093807e-02
-2.160047e-01
2.409752e-01
5.800256e-01
-2.976981e-01
6.355320e-02
-1.025586e-01
-4.160276e-02
-4.665948e-02
6.018430e-02
-2.462300e-02
7.522377e-02
-2.618487e-01
1.444678e-01
-5.004720e-02
-1.352545e-01
1.771222e-01
1.141848e-01
1.136340e-01
-5.337338e-02
7.564383e-02
-3.695762e-02
1.401912e-01
-1.137149e-01
1.388021e-01
-5.112732e-02
8.822160e-02
-3.834559e-02
5.368201e-02
3.999109e-01
2.317490e-01
-1.814872e-02
-4.058641e-02
5.794656e-02
-1.477334e-01
1.390298e-01
4.061852e-01
8.803596e-03
1.141718e-01
-8.177524e-02
2.074579e-01
-3.594142e-01
2.430012e-02
-4.878512e-02
1.020346e-01
1.970060e-02
-9.230825e-02
-3.830924e-01
-3.436086e-01
2.109389e-01
-3.355919e-01
-3.242038e-01
8.111598e-03
4.308559e-02
-6.162460e-02
1.359250e-01
3.712948e-02
1.065721e-01
-7.067593e-02
2.756049e-02
2.071203e-01
-2.336635e-02
-1.015295e-01
1.402758e-01
-1.090036e-01
-1.996789e-01
-1.522628e-01
1.107731e-01
-3.365317e-01
9.429790e-02
-7.210792e-02
2.434818e-01
1.116180e-01
-9.098487e-02
-2.365463e-01
-2.793977e-02
2.973555e-02
2.346510e-01
-3.728803e-01
-1.028542e-01
-7.713468e-02
-2.593953e-01
-1.009274e-01
-3.543333e-01
-7.609390e-03
1.046794e-01
-4.513843e-01
-3.707971e-01
-1.821584e-02
2.824970e-02
1.094118e-01
2.447585e-01
-1.939927e-01
-1.595661e-01
3.871474e-01
-4.460667e-02
-3.599997e-01
1.884093e-01
2.210781e-03
3.897710e-01
3.479245e-02
-1.454156e-01
9.607729e-02
9.388432e-02
-6.043690e-01
-6.790733e-02
1.960267e-01
1.423624e-02
4.005774e-02
2.276493e-02
-1.896005e-01
-6.111393e-02
1.347831e-01
2.070910e-01
-1.480075e-01
1.442489e-01
2.218013e-01
1.153359e-01
7.978293e-02
-5.346008e-02
4.466653e-01
-7.279978e-03
2.619739e-01
-2.965094e-02
-5.538356e-02
2.396016e-01
-2.135787e-03
-2.107798e-01
-8.849359e-02
1.716375e-01
2.057339e-01
1.783078e-01
3.314361e-01
-3.455870e-01
2.321529e-01
2.044953e-01
1.489234e-01
-6.531711e-02
3.190771e-01
1.327275e-01
1.626237e-01
-1.275467e-01
6.122870e-02
5.033517e-01
1.348716e-01
-9.297786e-02
-1.875650e-01
1.652215e-01
4.077101e-01
-4.194803e-01
-1.391988e-01
-4.266948e-02
-3.243103e-02
3.126048e-03
7.395928e-02
9.823283e-02
-1.768591e-01
-7.921086e-02
-4.891900e-03
1.798064e-01
-6.406274e-02
-5.507890e-02
9.234573e-02
-1.063255e-01
2.831499e-01
6.465978e-03
7.671908e-02
1.426796e-01
3.614635e-01
-1.034867e-01
2.439757e-01
-3.133285e-03
2.855573e-01
3.863336e-01
2.009213e-01
1.586939e-01
-2.558587e-01
1.319319e-01
9.957618e-02
1.027635e-01
1.500755e-01
-2.096803e-01
4.358721e-01
-8.810468e-02
-2.606369e-01
5.605960e-02
1.925772e-01
-2.375018e-01
-3.807851e-02
-1.359642e-01
1.188100e-01
-1.770418e-01
2.847403e-01
-2.447099e-01
8.329991e-02
5.144822e-02
1.179090e-01
1.974103e-01
9.836125e-02
9.545478e-02
2.650348e-01
-8.203442e-02
1.927050e-01
8.029137e-02
1.868377e-01
-9.052969e-02
-2.194349e-01
-1.413554e-02
2.369752e-01
2.554112e-01
-3.761937e-01
1.806870e-02
9.931652e-02
-9.002628e-02
1.743296e-01
2.795777e-01
2.898958e-01
1.011979e-01
1.999422e-01
4.432603e-02
2.559638e-01
1.285987e-01
-1.882200e-01
1.721935e-01
7.222874e-02
5.231255e-03
-1.814918e-02
-3.346997e-01
3.947042e-01
-2.008132e-01
-1.282576e-02
5.431722e-02
-7.630934e-02
1.471993e-01
-8.442404e-02
1.108787e-01
-8.722056e-02
1.483952e-01
-9.804341e-02
-1.113413e-02
1.986309e-01
-1.192367e-01
-1.714697e-01
8.855561e-02
-1.253176e-01
1.329652e-01
-5.403761e-01
5.139100e-02
-4.797687e-02
1.996828e-01
8.937960e-03
1.740247e-01
3.825205e-01
1.036241e-01
5.911338e-02
2.816574e-01
2.680719e-01
6.656944e-02
-7.458501e-02
2.651546e-01
6.123251e-03
1.383754e-01
1.227650e-01
3.387553e-01
1.376952e-01
1.336658e-01
3.056826e-02
-3.497486e-02
1.154658e-01
-1.489246e-01
-8.312359e-02
7.104933e-02
4.108330e-01
2.746685e-01
4.658701e-02
-4.850392e-02
-7.001181e-02
9.467062e-02
-2.536340e-02
2.884373e-01
1.779729e-01
2.441653e-01
2.363780e-01
2.600009e-01
7.365551e-02
-8.536865e-02
1.582602e-01
-4.435694e-01
-4.881604e-01
-3.676129e-02
5.427166e-01
3.066147e-01
9.711848e-02
1.570311e-01
-5.197843e-01
-2.740371e-01
3.166136e-01
-2.832655e-02
-1.028456e-01
-5.851224e-02
-3.899512e-02
-5.349367e-02
7.429973e-02
1.777679e-01
-9.811896e-03
8.792801e-02
4.702401e-02
5.603248e-02
1.685156e-01
3.253854e-01
-3.288062e-02
1.689956e-01
1.267363e-01
7.356005e-02
2.149826e-01
6.913093e-02
3.657223e-02
1.557007e-01
3.262845e-01
6.977505e-02
3.054731e-01
8.224830e-02
-7.502289e-02
1.315084e-01
-2.546335e-02
-2.278315e-01
-5.963609e-02
-1.190331e-01
1.926645e-02
2.618241e-01
9.949891e-02
-1.182566e-02
1.565159e-01
9.184954e-02
-2.658100e-01
-6.475190e-02
-3.831438e-01
-9.878565e-02
-1.488241e-01
2.605736e-01
-5.557322e-02
1.630999e-01
-1.517987e-01
3.209534e-01
1.285865e-02
3.863473e-01
4.327546e-02
9.025011e-02
-1.064473e-01
-5.754699e-03
1.998292e-01
8.734769e-02
-4.789634e-02
-3.391262e-01
-1.844025e-01
-8.292941e-02
1.405168e-02
2.145026e-01
6.233375e-02
1.594501e-01
1.830220e-01
-1.892985e-02
7.960288e-02
4.805289e-02
2.772939e-01
1.258881e-01
5.666565e-01
-6.284003e-02
3.988525e-02
3.280860e-02
-2.225672e-01
1.697690e-01
-2.086835e-01
1.486849e-02
-5.139357e-03
1.731257e-01
-1.433880e-01
8.335611e-02
2.758462e-01
-1.123839e-01
2.922321e-01
-5.130409e-02
-1.954253e-01
3.132764e-02
1.565176e-01
6.731112e-02
8.407637e-02
-5.628905e-02
3.817266e-02
-1.176710e-01
-8.128719e-02
-6.514779e-02
-1.978921e-01
1.842164e-01
-1.979750e-02
-8.563432e-03
1.100506e-01
3.331059e-01
2.893634e-01
1.462197e-01
2.244601e-01
1.550474e-02
3.468749e-01
-6.611493e-02
3.706139e-01
3.881398e-02
1.028890e-01
3.764573e-01
4.226739e-02
1.401844e-01
6.931738e-02
1.379981e-01
-1.834761e-02
4.761426e-01
-5.862651e-01
2.009236e-01
3.900400e-01
-1.086614e-01
5.348367e-01
3.677748e-01
-1.621257e-03
1.739809e-01
4.606733e-01
1.183469e-01
3.713863e-01
4.409849e-01
-2.330685e-01
3.326902e-01
9.512410e-02
1.240428e-01
8.731175e-02
8.669621e-01
-1.124990e-01
6.597484e-01
1.148991e+00
-4.612763e-01
1.890784e-01
8.348266e-01
-5.901436e-02
1.455828e-02
-2.206210e-02
2.209430e-01
-5.885723e-02
-6.596933e-02
2.200271e-01
1.687216e-01
5.262336e-03
1.603813e-01
2.176735e-02
1.317398e-02
2.879733e-01
3.162849e-02
2.869974e-01
1.385915e-01
-3.564106e-02
1.205984e-01
-2.393154e-01
1.494043e-01
2.108372e-01
5.189263e-01
1.851475e-01
2.497661e-01
-6.003995e-02
-2.844998e-02
3.480493e-01
-6.334706e-02
-4.893196e-02
3.363530e-01
2.665793e-01
2.632836e-01
1.010505e-01
-1.227001e-01
1.606301e-01
6.709151e-02
-9.570025e-02
7.376340e-02
6.599000e-02
1.630882e-01
1.642523e-01
3.330019e-02
3.478587e-01
9.443371e-02
-6.315232e-02
1.750367e-01
1.343211e-01
2.101877e-01
4.622133e-01
3.278300e-01
3.377602e-01
1.405809e-01
-3.093804e-02
2.764735e-01
8.161797e-02
-3.275833e-02
1.228264e-01
3.991217e-01
-1.803649e-01
1.093241e-01
3.377108e-01
-3.896872e-02
1.645990e-02
2.066893e-01
-2.387629e-03
6.402787e-01
1.946287e-01
2.559722e-01
1.378736e-01
2.511828e-01
-3.966270e-01
-2.509923e-02
3.517433e-01
-7.240645e-02
-1.318762e-01
-3.372941e-01
1.937796e-01
1.087214e-01
8.813814e-02
-6.055033e-02
1.112353e-01
3.920063e-02
-9.475206e-03
6.807011e-02
1.553860e-01
1.432841e-02
5.175042e-02
3.437224e-01
2.937032e-02
4.375017e-02
2.153763e-01
2.071549e-01
2.825308e-02
3.066180e-01
-1.873843e-01
-1.748966e-01
2.898107e-01
1.586923e-01
4.420460e-02
2.365793e-02
1.027351e-01
3.411390e-01
-1.189243e-01
4.166365e-04
3.589748e-01
3.060061e-01
-3.604131e-01
7.277618e-02
2.015008e-01
6.692144e-02
3.134218e-02
1.169101e-01
3.606971e-03
1.010462e-01
1.041368e-01
9.574660e-02
1.721081e-02
2.203153e-01
-1.542241e-01
2.958791e-03
-6.737357e-02
-7.173694e-02
4.078064e-02
4.064018e-01
-5.626857e-01
-1.336028e-01
-3.794991e-02
-1.073205e-01
-1.110346e-01
2.245732e-01
1.867900e-02
2.143044e-01
1.418017e-01
1.042233e-01
1.974092e-01
1.466155e-01
6.168314e-02
-2.141531e-01
-3.998708e-01
4.100297e-02
9.160239e-02
5.389459e-01
4.463305e-01
-1.220407e-01
1.884476e-01
-3.684771e-01
6.128686e-02
1.249005e-01
2.483610e-02
-1.433116e-01
-2.833180e-02
5.578089e-02
9.331816e-02
-9.907522e-02
-7.237096e-02
2.972341e-01
-8.521546e-02
1.221908e-01
1.218085e-01
3.397703e-01
-6.634779e-02
-9.917147e-02
2.752335e-01
5.271350e-02
7.461114e-02
1.659820e-01
7.680442e-03
2.863417e-01
3.082785e-01
3.230101e-01
8.865000e-02
1.823221e-01
-1.727161e-01
3.855756e-01
4.419485e-01
2.938893e-01
1.247823e-01
1.826439e-01
-7.307410e-02
2.926375e-01
1.784220e-03
-2.884241e-01
-4.127914e-02
2.962696e-01
1.500067e-01
-1.426094e-01
-1.736454e-01
-8.623324e-02
-1.189778e-01
-1.737994e-01
3.908604e-02
1.984408e-01
5.504155e-02
4.232995e-02
3.261278e-01
1.127679e-01
8.583072e-02
1.671238e-02
3.117559e-02
-1.316932e-01
1.211151e-01
6.116460e-03
-1.068393e-01
3.128763e-02
-3.746475e-01
9.884194e-02
-3.147710e-02
-1.917517e-01
7.236875e-02
4.879520e-02
2.662591e-01
6.755886e-03
-6.061269e-02
5.536709e-02
9.924579e-02
2.320831e-01
-1.547368e-01
3.235817e-02
-5.687123e-02
1.777768e-02
2.978458e-02
1.323162e-01
2.279436e-01
-2.146268e-01
-2.042118e-01
5.895753e-02
-2.994530e-02
-2.110666e-01
1.568711e-01
1.811639e-01
-1.863680e-01
4.891371e-02
-1.031367e-03
5.372532e-02
3.401015e-02
1.968843e-02
1.449376e-01
-1.535671e-01
1.609652e-01
-2.053424e-01
-1.123786e-01
-3.942562e-02
1.209828e-01
-1.797254e-01
-2.954358e-02
1.234914e-01
-2.582500e-01
8.017207e-02
-9.000197e-02
-5.067713e-02
1.211878e-01
-2.318949e-02
1.058125e-01
2.902995e-01
-8.502590e-03
-1.419159e-01
1.182748e-01
1.672271e-01
1.628809e-01
8.730421e-02
-8.943966e-02
1.190508e-02
7.308656e-02
-2.542938e-01
1.481450e-01
-1.774320e-01
-7.510839e-03
6.312986e-01
1.637905e-02
3.298183e-02
-2.876993e-01
-2.101980e-01
6.840004e-03
6.145454e-02
-2.065782e-03
1.663658e-01
1.339761e-01
1.208819e-01
-1.377162e-01
8.208308e-02
-8.463895e-02
-4.130179e-01
5.616741e-01
-1.856811e-01
-6.445614e-01
2.277979e-01
4.930432e-01
-2.187595e-01
5.771295e-01
3.146383e-02
2.057760e-01
8.820531e-02
1.542419e-02
2.525898e-01
-3.024036e-01
1.437120e-01
-3.962163e-02
4.446018e-02
-8.653408e-02
-1.020710e-01
1.323946e-02
9.039005e-02
-1.916355e-01
3.006244e-01
1.818156e-01
-6.875830e-02
1.072698e-01
-2.528604e-03
3.098231e-01
1.041940e-01
2.937454e-01
-2.101976e-01
3.165186e-01
2.171976e-01
1.053930e-01
1.254101e-01
1.830379e-01
-1.529166e-02
3.276148e-01
6.755182e-02
-2.374369e-02
-1.157328e-01
3.157043e-01
-1.998282e-01
7.277282e-02
-6.637575e-02
1.091859e-01
1.889056e-01
1.702025e-01
3.256173e-01
-2.963608e-01
4.288081e-02
-7.098910e-02
-1.517776e-01
-7.498103e-03
1.598404e-01
3.475009e-02
2.046570e-01
-2.806991e-01
4.143912e-01
-3.469935e-02
3.458132e-02
-1.950362e-02
1.108357e-01
2.832755e-01
9.767755e-02
1.126401e-02
1.972556e-01
-2.233874e-01
1.315510e-02
-1.505929e-02
-1.433452e-01
-4.565668e-02
-9.528436e-02
3.411420e-01
-2.744597e-01
3.848063e-01
-3.433263e-01
4.133504e-02
1.191953e-01
-4.743401e-02
3.423242e-02
-4.661036e-02
6.426455e-03
1.458182e-01
2.237065e-01
1.435669e-01
4.920497e-02
4.496836e-02
4.749497e-02
-7.193132e-02
1.801687e-02
-2.088332e-01
1.346892e-01
2.022042e-01
-2.138799e-01
1.344074e-01
-5.738364e-02
-1.037912e-01
-7.191828e-02
1.325526e-01
-6.938059e-02
-1.501168e-01
3.412086e-01
-2.110555e-01
9.341232e-03
-9.891647e-02
-5.744964e-02
-1.769433e-01
-8.694454e-02
-1.777883e-01
2.967778e-02
1.182394e-01
8.416632e-02
-7.809010e-02
-5.830310e-02
-2.296891e-02
3.137612e-03
1.884231e-01
1.002893e-01
6.099708e-02
5.204151e-02
1.435817e-01
2.053287e-01
2.288860e-01
1.868458e-01
8.506365e-02
-6.876761e-02
3.199573e-01
2.848054e-01
2.257280e-02
-3.952003e-01
-1.670303e-01
1.659528e-01
1.234535e-01
2.143992e-02
2.975287e-01
1.651744e-01
7.247200e-03
7.294293e-02
2.870233e-01
8.759416e-02
5.063699e-02
-4.230523e-02
6.693106e-02
-9.524952e-02
6.826304e-03
-3.055693e-03
-9.398743e-02
-5.874849e-02
-6.582332e-02
-3.627279e-02
-3.498904e-01
-1.077942e-01
6.667631e-02
-2.010196e-02
4.866659e-02
-4.181692e-02
-1.654125e-01
-1.550944e-01
5.525071e-02
-6.203613e-02
3.579944e-02
-1.136744e-01
2.211446e-01
2.684019e-01
2.319825e-01
-6.867184e-02
-2.100306e-02
1.151829e-01
2.887926e-01
2.372383e-01
1.326293e-01
9.816735e-02
8.035845e-02
2.328202e-01
1.967693e-01
8.513230e-02
-9.664554e-03
1.505149e-01
9.856641e-02
-9.793287e-02
1.841815e-01
3.938009e-01
3.544339e-02
1.218803e-02
1.418314e-01
7.156038e-02
1.150582e-01
-1.738128e-01
8.127920e-02
-2.350982e-01
9.752037e-03
4.576357e-02
-1.615079e-01
-1.423062e-01
-1.166595e-02
-6.147300e-02
-6.227633e-02
-7.297469e-02
2.177355e-01
1.192362e-01
1.968322e-01
3.928810e-02
1.340637e-01
7.038742e-02
4.442807e-02
9.259942e-02
-1.299215e-01
-2.854815e-03
-2.326798e-02
1.678588e-02
5.200262e-02
-1.122047e-01
-8.573383e-02
-9.833341e-02
-3.241791e-02
3.730873e-01
3.918259e-02
1.470994e-01
9.310138e-02
3.611419e-01
-4.014654e-02
1.060260e-01
5.726035e-02
-8.493602e-02
3.391340e-02
-9.201561e-02
1.692004e-01
-3.458497e-02
-5.284853e-02
-1.030802e-01
-9.332881e-02
2.329499e-02
2.334581e-02
6.677247e-02
-1.921047e-01
1.542481e-01
8.199435e-02
-1.155630e-01
-2.638218e-01
2.736626e-02
1.535694e-01
6.781752e-02
5.263563e-04
1.633919e-01
-9.406538e-03
1.967117e-02
-1.195826e-01
-7.397027e-02
7.521243e-02
-1.196129e-02
-1.050711e-01
2.723117e-01
2.019404e-02
-5.410469e-03
1.793778e-01
3.492930e-01
2.793597e-02
2.644428e-01
2.981070e-01
3.195343e-01
-8.807923e-02
3.265326e-02
-2.513202e-01
9.847068e-02
1.900081e-02
-1.127609e-01
-1.915341e-01
4.044598e-02
-1.376980e-01
-7.901652e-02
4.574156e-01
3.060882e-02
1.187080e-01
1.946019e-01
-4.605092e-02
2.001174e-01
-2.823590e-01
-3.176107e-01
4.279696e-02
-9.354430e-02
-8.100171e-02
1.235167e-02
1.222192e-01
-1.599006e-01
8.488388e-02
-3.975964e-02
-3.274104e-01
1.068278e-01
3.932277e-01
5.418090e-02
9.234587e-02
2.683590e-01
3.231913e-02
-4.419595e-01
4.052395e-01
1.596580e-01
1.177845e-01
-1.313372e-01
-6.578846e-02
7.782889e-02
-7.690744e-02
-1.427861e-01
9.608278e-02
1.973753e-01
7.739011e-03
-3.773541e-02
5.721044e-02
-2.235865e-01
2.331774e-03
1.347906e-01
-2.522072e-02
-2.030831e-01
-1.943558e-01
-7.105794e-02
4.395637e-02
-1.053490e-01
-1.593219e-01
2.970430e-01
2.248217e-01
3.853350e-03
-1.391307e-01
1.735604e-01
9.385625e-02
-2.560726e-02
1.000780e-02
-3.118138e-01
-4.781036e-02
2.121859e-01
-2.017912e-02
5.846548e-02
5.314487e-01
-2.019155e-01
-2.798254e-02
5.686783e-02
-2.295416e-01
6.660149e-02
-7.011023e-02
-1.370583e-01
-5.529219e-02
3.480060e-01
6.711585e-02
2.052554e-01
-2.602018e-02
5.472375e-02
2.265629e-02
1.401543e-01
-1.612092e-01
1.246245e-01
-1.459770e-01
-2.603926e-01
3.035011e-01
-1.813279e-01
7.048623e-02
3.149920e-01
-1.921434e-01
-1.209000e-01
1.452553e-01
1.964982e-01
-3.513247e-02
9.407888e-02
-9.214997e-02
-1.037651e-01
2.106629e-01
-2.134445e-01
-1.455408e-01
3.567877e-01
-2.561433e-01
-5.419808e-02
-2.201279e-01
-6.963031e-02
-2.689804e-01
-3.383464e-01
-2.910074e-02
-1.708356e-01
-1.709248e-01
-5.028372e-02
-1.751594e-01
2.477614e-02
1.970008e-02
-1.818356e-02
4.155379e-02
3.569748e-04
-1.812548e-01
4.424250e-04
1.961574e-01
-1.200555e-01
2.377848e-01
-1.939856e-04
3.155246e-02
3.237957e-01
3.695852e-02
-1.309769e-01
2.435449e-01
1.371031e-01
9.393991e-02
-1.966033e-01
-7.180478e-02
-9.776456e-02
-5.081898e-03
-2.576506e-01
7.255837e-02
-1.415624e-01
-7.641692e-01
-1.667132e-01
5.400434e-02
3.213273e-01
2.232188e-01
1.083165e-02
6.686428e-02
2.838255e-01
1.548543e-01
2.361407e-01
1.634871e-01
-2.172880e-01
3.154939e-01
4.513266e-01
-1.062846e-01
1.454266e-01
6.744828e-02
2.691090e-01
4.760296e-01
2.222022e-01
-1.705395e-01
2.463189e-01
1.547346e-01
-3.124264e-01
1.103080e-01
2.165813e-01
2.608405e-01
6.133446e-02
1.869067e-01
1.054742e-01
7.204125e-01
6.190014e-01
-1.869377e-01
-2.655899e-01
4.510615e-01
6.190701e-01
4.456792e-01
2.509301e-01
1.779520e-01
-3.614208e-03
1.147165e-02
3.166611e-01
4.248587e-01
8.058109e-02
1.049273e-01
2.376121e-01
2.815256e-01
1.999802e-01
2.898216e-02
2.350999e-01
2.751330e-01
2.014465e-02
2.331838e-01
1.639740e-01
2.829148e-01
1.491803e-01
4.674110e-01
4.439643e-01
3.939580e-01
2.750685e-01
2.887371e-01
2.317699e-01
-7.977351e-02
1.256147e-01
1.581306e-01
-8.046262e-02
-4.490585e-01
-3.462969e-02
-1.632285e-01
2.896141e-01
1.806341e-01
-1.273142e-02
-5.110085e-02
-1.376365e-02
8.535329e-02
3.588769e-01
8.696994e-02
3.158047e-01
3.873949e-01
2.504877e-01
2.338897e-01
2.678469e-01
1.984249e-01
3.819628e-01
1.323915e-01
3.240099e-01
2.630475e-01
-1.074674e-01
2.567118e-01
8.049906e-02
2.371213e-01
3.031037e-01
3.328867e-01
-1.018474e-01
1.340836e-01
4.045714e-01
2.934802e-01
3.087252e-01
1.422952e-01
2.641714e-01
1.517657e-01
-1.840855e-01
-1.305379e-01
3.832622e-01
-1.823184e-01
-1.384585e-01
3.208528e-01
1.314528e-01
-1.616913e-01
2.190292e-01
-1.416440e-01
1.965512e-01
1.706169e-01
1.690740e-01
2.809701e-01
1.365045e-01
1.604356e-01
2.788329e-01
1.281901e-01
-3.843737e-02
2.291013e-01
5.586763e-02
1.727464e-01
3.901462e-01
2.400879e-01
-5.642905e-02
2.866060e-01
2.222434e-01
1.282181e-01
-2.951144e-01
4.495285e-02
3.018672e-01
3.760610e-01
2.367985e-01
5.488762e-02
2.535429e-01
1.122457e-01
-5.019739e-02
1.905802e-01
2.507672e-01
7.342857e-02
-3.273390e-01
3.471808e-01
2.522475e-01
7.736819e-02
1.929935e-01
-2.820798e-03
-1.523026e-03
1.464475e-01
1.283821e-01
1.660326e-02
-3.525383e-02
1.517458e-01
-5.003143e-02
-6.607174e-02
2.284591e-01
-1.592638e-01
2.186895e-01
-1.137345e-01
1.249199e-01
-2.956976e-02
-4.855051e-02
-7.717576e-02
-2.484557e-01
1.255221e-01
5.211284e-03
1.290217e-01
1.796881e-01
1.841436e-01
5.760685e-02
-2.091018e-02
1.662898e-02
7.912757e-02
1.079917e-01
7.422980e-02
-8.227489e-02
7.398054e-02
-1.372693e-01
-4.488457e-02
2.019311e-01
2.864334e-02
-1.428367e-01
1.959446e-02
4.852905e-02
-1.535249e-01
1.528305e-03
1.228984e-01
-1.015569e-01
-7.908564e-02
6.432771e-03
8.386940e-02
-8.106424e-03
7.298999e-03
-1.190963e-01
-5.544852e-02
-6.451941e-02
2.699199e-01
-1.126539e-01
4.937541e-02
-6.416113e-02
1.151349e-01
1.841281e-01
4.167593e-02
-6.994026e-02
4.445979e-02
3.261742e-02
3.972839e-01
3.659220e-01
-9.019881e-02
-6.069303e-02
1.393149e-01
-2.098809e-01
6.426847e-02
-8.420151e-02
3.580931e-01
-4.273954e-01
-7.001999e-02
-4.710837e-02
-3.620961e-01
-5.604718e-01
-3.639834e-01
-7.654936e-01
-5.875493e-01
-5.272257e-01
-1.416709e-01
-1.221012e-01
1.189336e-01
1.096678e-01
1.532920e-01
4.415933e-01
6.464128e-02
-1.301913e-01
1.078661e-01
2.157503e-01
1.267566e-01
1.447636e-01
-4.661603e-02
-1.577885e-01
1.613115e-01
6.714400e-02
-8.704380e-02
3.043709e-01
-1.024223e-01
6.163433e-03
7.770225e-02
-9.376751e-02
1.821546e-01
1.037004e-01
1.838242e-01
2.405814e-01
-1.628449e-01
9.249750e-02
-3.432382e-02
6.861404e-02
1.981612e-01
-4.123078e-01
7.760045e-02
-2.713777e-01
-1.560209e-01
-2.952260e-01
1.612133e-01
-3.380999e-01
-2.252686e-02
9.696600e-02
-1.950524e-01
-4.609316e-01
-2.680921e-01
1.692947e-02
-5.345291e-01
-1.514222e-01
-1.800912e-01
-2.148877e-01
-4.441804e-01
-4.625739e-01
-3.403931e-02
-4.198748e-01
-3.642868e-01
-9.566490e-03
-8.582770e-01
-4.769717e-01
-1.189772e-01
-5.461081e-02
-4.439946e-02
-5.506406e-02
1.732623e-01
-4.286870e-03
-3.045905e-01
3.381479e-02
2.352216e-01
-3.672007e-03
1.432010e-01
4.360296e-02
2.634591e-01
2.907653e-01
1.403226e-01
4.740602e-02
1.668231e-02
-7.595810e-02
-4.754081e-02
4.719679e-02
1.687277e-01
5.344486e-02
7.843752e-02
4.380817e-02
8.696949e-02
-1.031016e-01
-1.216530e-01
1.184154e-02
9.407121e-02
-1.183369e-02
1.667370e-01
9.373275e-02
6.804752e-02
4.029059e-02
-2.325829e-01
-6.493173e-02
-7.442502e-02
2.092852e-02
3.505948e-01
4.871712e-02
-3.281762e-02
-6.591859e-02
-2.724423e-01
-2.895299e-01
3.174531e-01
4.772424e-02
-9.191815e-03
2.567431e-02
-1.093584e-01
6.118307e-02
-9.015385e-02
3.865146e-02
1.386281e-01
-1.695834e-01
-3.838078e-02
1.925606e-02
1.672384e-01
-7.272421e-02
-8.424603e-03
2.058138e-01
9.603887e-04
-1.130825e-01
-2.363326e-01
2.840520e-01
-3.024189e-02
1.710604e-01
6.056143e-02
-2.930979e-03
1.980748e-01
2.061973e-01
7.834975e-02
3.934822e-02
2.367159e-02
3.613152e-03
6.505019e-02
-1.183253e-02
1.543275e-02
-6.476300e-03
-1.349022e-01
-2.045892e-02
-5.699584e-01
6.194079e-02
-9.427836e-02
-2.010132e-01
-6.502842e-01
3.477054e-02
-4.417413e-01
-7.539496e-01
2.444688e-02
-3.267422e-01
-3.199251e-01
7.803487e-02
2.857764e-01
1.768652e-01
5.256014e-02
2.382046e-01
5.300846e-02
-2.067219e-01
2.340565e-01
-6.526009e-03
5.219191e-02
-1.995417e-01
-8.127771e-02
-3.352894e-02
-1.695556e-01
-2.272432e-01
3.214706e-01
-1.483012e-01
4.749433e-02
8.209601e-02
1.324938e-01
1.737339e-01
-1.168729e-01
9.331450e-02
5.843954e-02
-1.732317e-01
-1.770784e-01
-1.793916e-01
-9.935364e-02
1.401918e-01
-1.460133e-01
-2.283445e-01
-3.493111e-01
-3.398320e-01
-2.882804e-01
-1.501918e-01
-6.046627e-01
1.016094e-01
-1.768373e-02
-1.255875e-01
1.808260e-01
-4.042481e-01
9.399101e-02
1.434324e-01
-2.541832e-01
-1.544526e-01
1.079223e-01
-2.195950e-01
-4.151464e-01
1.318575e-01
-4.484009e-01
-5.626397e-01
2.809872e-01
-1.103191e+00
-2.174161e-01
8.219027e-02
1.287257e-01
1.996478e-02
1.003036e-01
2.114508e-01
-1.419581e-02
6.459871e-02
6.415691e-02
-8.052079e-02
3.554580e-02
7.266935e-02
-6.180135e-02
-2.475770e-01
-5.983347e-02
-1.643830e-02
-1.759804e-03
3.792066e-02
1.015608e-01
7.791623e-02
4.844034e-01
4.722889e-01
1.588959e-01
-3.472106e-01
8.486945e-03
-7.277010e-02
-1.077265e-01
-1.592243e-01
1.571652e-01
-1.021317e-02
8.742197e-02
-8.746056e-02
8.304199e-04
-1.594344e-01
-1.214174e-02
-3.083678e-02
4.063781e-02
-3.719352e-01
1.200456e-01
1.468052e-01
1.260493e-03
-5.265855e-02
2.146423e-01
-1.158272e-01
1.591412e-01
1.771834e-01
1.238099e-02
-7.767397e-03
8.311184e-02
-3.913078e-02
-6.057617e-02
-8.050220e-02
-9.025376e-02
-5.853807e-02
2.118728e-01
-9.598278e-02
1.418174e-01
-1.478245e-01
-2.064409e-02
3.792710e-03
-1.301930e-02
2.711675e-02
5.660419e-02
5.314197e-02
-1.215511e-01
-1.192328e-01
-1.556081e-01
1.451079e-02
2.606739e-02
-2.520818e-02
9.716136e-03
3.117374e-01
1.990848e-01
6.203479e-02
-3.363959e-01
-3.803864e-01
2.540875e-01
1.044842e-01
2.016099e-01
2.563496e-01
2.428280e-01
-1.457535e-02
2.192601e-01
2.360036e-02
5.954498e-02
-7.530889e-02
-4.004990e-01
-8.319197e-02
-1.508204e-01
-6.572191e-03
3.422439e-02
-1.505740e-01
1.013698e-01
1.006719e-01
1.383789e-01
-4.430837e-02
-5.803008e-02
-1.865859e-02
9.964626e-02
1.362183e-01
2.081685e-02
-6.941354e-02
-1.566187e-01
-3.334134e-01
-5.172833e-02
-1.372985e-01
8.359870e-02
3.674030e-02
1.458828e-01
1.195437e-01
4.365311e-02
-2.533877e-02
1.698246e-01
3.282208e-01
-1.757249e-01
5.747872e-02
-1.316497e-01
-1.199919e-01
1.818603e-01
2.811428e-01
2.923782e-01
5.363204e-02
-2.664722e-01
-3.070408e-01
2.246688e-01
-2.534710e-01
-9.514005e-02
-1.019457e-01
2.685809e-02
-1.125595e-01
6.416976e-02
-4.148458e-01
-3.845645e-01
-2.818143e-01
-1.771513e-01
-1.082931e-01
-8.852980e-02
3.180931e-02
1.537112e-01
-1.584776e-01
-6.035478e-01
-4.429455e-01
-1.707580e-01
-2.949701e-01
-1.370285e-03
-9.206636e-02
3.896089e-01
4.424050e-02
-1.002905e-01
-4.984422e-02
-3.987283e-02
-1.159095e-01
9.450472e-02
-1.367685e-01
1.284510e-01
1.662459e-01
-7.535358e-02
3.863480e-02
-1.412418e-02
8.599168e-02
-6.431613e-02
-1.953992e-02
8.229125e-02
2.958763e-01
2.681086e-01
-1.293303e-01
1.950825e-01
1.041738e-01
8.887349e-02
-9.268367e-02
-2.337316e-01
9.406684e-02
-2.862949e-02
-3.056069e-02
2.002823e-03
9.323520e-02
-1.253202e-01
2.244089e-02
-1.583271e-01
1.343394e-01
2.618774e-01
3.264888e-01
3.270268e-01
-3.181590e-01
-2.867651e-02
3.324310e-02
1.847833e-01
5.620729e-02
-3.497530e-01
2.672165e-01
-9.925020e-02
-1.778114e-01
-3.977613e-03
-2.052789e-01
-1.850532e-01
1.652857e-03
8.217032e-03
6.089745e-02
2.515082e-02
3.889862e-01
1.823951e-01
5.715851e-02
-1.751938e-01
2.527655e-01
9.154307e-02
2.121729e-01
6.756824e-02
3.701343e-02
3.848698e-01
-3.554065e-02
8.046197e-02
8.775611e-03
1.083175e-01
8.955780e-02
2.120160e-01
-4.155094e-03
-1.235087e-01
6.523675e-02
-2.202344e-01
4.421037e-02
-5.531969e-02
4.020604e-01
-1.601130e-02
1.036467e-01
-2.073135e-02
1.222844e-02
-3.189771e-01
-2.492981e-01
1.292140e-01
-5.763570e-01
-4.398019e-01
-1.243050e-02
1.314445e-02
-5.190918e-02
-4.384578e-02
9.724095e-02
1.894934e-01
-7.879504e-02
6.566256e-02
2.255704e-01
1.335689e-01
-2.483989e-02
1.271544e-01
8.509854e-02
-2.832764e-01
-1.889969e-01
-1.442754e-02
-2.992558e-01
1.363159e-01
-5.231956e-02
5.072082e-02
1.103755e-01
-3.305939e-02
-2.798464e-01
1.160686e-01
5.111096e-02
3.263120e-01
-2.827685e-01
6.326463e-02
-9.735530e-02
5.289455e-03
-2.266288e-01
-1.043177e-01
-4.531157e-02
-4.658990e-02
-3.643953e-01
-4.477239e-01
9.688097e-02
1.440450e-02
-1.770905e-01
-2.499686e-01
-1.111713e-01
-2.342668e-01
4.088166e-01
-2.102431e-01
-5.582568e-01
2.875007e-01
-1.949635e-03
4.667559e-02
-7.460626e-05
-1.226344e-01
-1.129174e-01
-9.650262e-02
-6.809083e-01
-1.105449e-01
-1.397463e-01
-7.975031e-02
-6.324800e-02
3.234557e-02
6.975181e-02
2.406896e-01
-7.986446e-02
2.680727e-01
-1.833428e-01
-2.458867e-04
-1.154685e-01
7.176412e-02
-9.681083e-02
-4.600027e-02
1.712463e-01
7.527089e-02
9.004333e-02
2.425538e-01
1.554575e-02
-3.661367e-02
-6.038928e-02
-2.248192e-01
5.340948e-02
6.379408e-02
-1.809436e-01
2.737106e-01
1.290801e-02
8.383040e-02
-1.146930e-02
1.954024e-01
-2.172820e-02
5.340096e-02
1.112074e-01
-9.488980e-02
1.124274e-01
3.463704e-02
1.134543e-01
-1.219143e-01
2.061125e-02
-1.198335e-02
9.398134e-02
1.637530e-01
-5.019706e-01
2.594504e-01
1.534081e-01
1.917858e-01
-1.923809e-01
-3.381068e-01
-5.169384e-02
-3.313506e-02
5.398227e-02
4.687643e-02
-3.912027e-03
5.420538e-02
-1.218086e-01
-7.752654e-02
-9.144880e-02
-1.998730e-01
8.547600e-02
9.155685e-02
1.090891e-01
2.229661e-01
3.036155e-01
9.615722e-02
-1.039464e-01
-1.375840e-01
2.772282e-02
-2.127836e-02
7.685276e-02
1.292636e-01
3.012427e-01
3.845341e-01
2.552765e-01
-2.047193e-02
-2.929447e-01
-1.112614e-01
2.282097e-01
2.058408e-01
2.685762e-01
1.223582e-01
-1.186194e-01
-1.256191e-01
-2.337229e-01
-9.687769e-02
2.376349e-01
2.548273e-02
4.710496e-02
1.894631e-02
-4.107601e-01
-6.091397e-01
-2.436477e-01
-5.511678e-01
-7.395637e-01
-3.579306e-01
4.150382e-02
-3.587209e-02
-3.354593e-02
3.090331e-01
1.107980e-01
3.480480e-01
-4.164368e-02
1.572129e-02
-9.615364e-02
8.300117e-02
-8.853865e-03
1.032206e-01
-1.589629e-01
-1.799526e-01
1.406267e-01
-2.100603e-01
-1.178514e-01
-9.937640e-02
1.926902e-01
1.255919e-01
-2.076309e-02
-1.617974e-05
-1.683510e-02
1.055372e-01
-5.830391e-02
2.813424e-01
-4.966636e-01
-9.214192e-03
-2.642641e-01
-2.005506e-01
3.203217e-02
-1.441902e-01
9.000370e-02
-2.915495e-01
-3.879302e-01
-3.473425e-01
6.058017e-03
1.666696e-02
1.819758e-01
-6.902165e-02
-2.613702e-01
-4.354751e-01
-2.471731e-01
-1.324995e-01
-6.022664e-01
2.215271e-02
2.192836e-01
1.358883e-01
-1.137183e-01
-3.162576e-01
1.866864e-01
-5.113319e-01
-4.317349e-01
7.582255e-02
8.809312e-02
5.207090e-02
2.187084e-03
6.547390e-02
1.427525e-01
-1.800714e-01
-5.215413e-02
-1.063964e-02
-3.235593e-01
2.931409e-01
1.310064e-01
9.054535e-02
1.494177e-01
2.434148e-01
3.052255e-02
1.424892e-01
1.792101e-01
-6.878395e-03
2.483846e-01
2.304404e-01
1.873441e-01
-1.587181e-02
4.139726e-01
-3.092831e-01
1.350117e-01
-3.910666e-01
1.778956e-01
3.872377e-02
2.506083e-01
7.796027e-02
2.567657e-01
-1.631368e-01
1.480134e-01
1.236722e-02
3.065435e-01
-7.920415e-02
1.582129e-01
1.733787e-01
-6.769951e-02
-3.553572e-01
7.918207e-02
-5.397916e-02
1.493352e-01
-4.056806e-01
-4.863097e-01
-1.132902e-01
-1.829233e-01
9.325001e-02
-7.991455e-03
-2.772080e-01
-7.031532e-03
-6.089166e-02
5.497910e-02
1.806076e-02
2.464712e-01
9.854790e-02
2.904580e-01
-3.755460e-02
4.655885e-01
-1.587042e-01
1.337660e-01
-4.930209e-04
2.227535e-01
3.748847e-01
1.543773e-01
1.513627e-01
-1.652095e-01
3.810818e-01
1.180943e-01
2.551284e-01
-4.069345e-02
-3.078234e-01
2.801836e-02
-1.150671e-01
-7.810543e-02
2.856633e-01
1.722434e-01
-3.009421e-01
3.138418e-02
3.802130e-02
1.945641e-01
-6.380206e-02
-8.057069e-02
-2.621775e-03
1.183535e-02
-1.809251e-01
-8.023511e-02
-4.032080e-02
-2.828681e-02
2.472417e-01
1.496048e-01
1.981550e-02
1.733276e-01
7.779507e-02
2.431973e-01
5.010411e-02
1.252506e-01
-4.501586e-02
3.352832e-02
-2.780048e-02
-1.488504e-01
8.481657e-02
1.547823e-01
-3.080710e-01
6.478708e-02
-4.021624e-02
2.782819e-01
-3.363702e-02
-2.833941e-02
2.755814e-01
-3.873882e-02
4.777734e-01
-2.071078e-01
3.066959e-01
4.421484e-02
5.839761e-01
-1.093292e-01
2.225191e-02
4.620853e-02
4.636334e-02
-7.951042e-02
-1.728356e-02
-4.843238e-02
1.103573e-02
2.888564e-02
2.150617e-01
6.067222e-02
-1.209535e-01
2.481198e-02
-7.273205e-02
1.877645e-01
-1.128764e-01
1.099575e-02
-1.630466e-01
1.758887e-01
-4.740207e-02
-1.409184e-01
-5.081437e-02
-1.629678e-02
3.724516e-02
-1.394063e-01
-1.844714e-01
-3.665785e-02
1.169470e-01
3.660336e-01
4.909560e-01
1.694398e-01
4.184156e-02
3.257065e-01
2.135228e-01
2.399130e-01
1.887595e-01
8.517838e-02
-1.256364e-01
1.446920e-01
-4.191706e-02
2.725529e-02
1.579633e-01
4.336898e-02
5.961454e-02
-9.779455e-02
-5.807519e-02
-1.298625e-02
3.535289e-02
4.375861e-02
7.006443e-02
1.524431e-01
-2.969634e-01
-1.181455e-02
2.493461e-01
-1.547258e-01
1.426440e-01
1.306339e-01
-2.078034e-02
2.168547e-02
1.573036e-01
1.778150e-02
1.426677e-01
-8.677168e-02
7.602744e-03
1.099190e-01
3.930342e-02
-7.744317e-02
5.148642e-02
7.952617e-03
-2.555170e-01
2.051790e-02
2.567525e-01
1.461465e-01
2.691673e-03
-2.714290e-01
-4.137430e-02
-6.067422e-02
-4.184368e-02
-7.477545e-02
-2.320601e-01
-1.556618e-01
6.650181e-02
8.237825e-02
2.572500e-02
3.362286e-02
-2.106436e-02
1.033317e-01
3.916170e-02
-1.818219e-02
3.157613e-01
-3.997311e-02
2.463822e-01
4.889537e-02
-1.470497e-02
1.176646e-01
-4.748968e-03
5.443173e-02
-3.155734e-01
-1.344758e-01
-7.724915e-02
2.482160e-01
-2.436732e-01
-1.454091e-01
-1.159485e-01
-2.442069e-01
-2.047346e-01
4.063741e-02
2.679899e-01
-3.293522e-01
-5.093885e-01
-4.028755e-01
2.293566e-02
-5.789544e-01
-5.652915e-01
-8.599564e-03
-6.116561e-01
-5.811767e-01
6.069454e-02
7.600300e-02
9.605123e-02
2.967026e-02
4.520395e-02
4.725124e-02
-4.100324e-04
5.391880e-02
-6.410482e-02
-2.709196e-02
-8.752521e-02
-3.186511e-01
2.619275e-01
-3.485372e-02
-3.198446e-01
3.817493e-01
-1.823833e-01
-2.692501e-01
1.906613e-01
1.521702e-01
-9.520229e-02
2.216917e-01
1.169646e-02
1.451858e-01
-7.079092e-03
2.147360e-01
-1.652471e-01
1.133796e-01
-3.531654e-01
-2.121017e-01
-8.058775e-02
-1.399761e-01
-2.625647e-01
-1.270360e-01
-2.400315e-01
-5.392765e-01
-1.096449e-01
-1.874469e-01
1.204310e-01
3.906682e-01
-2.530126e-01
2.394895e-01
1.361465e-01
-2.582797e-01
5.194110e-02
8.230323e-02
-1.676355e-01
-5.475616e-01
5.401092e-02
-3.588222e-01
-7.086024e-01
2.347624e-01
-1.323905e-01
-2.294430e-01
1.187624e-01
-7.689550e-02
6.582324e-02
1.598055e-01
1.732869e-01
1.190018e-01
2.092895e-01
-2.021426e-01
1.342284e-01
2.318153e-01
6.318214e-02
-1.011535e-01
8.614396e-02
2.055950e-01
3.891631e-01
-7.168060e-02
1.119030e-01
-1.296716e-01
2.075650e-01
-9.740511e-02
-2.973791e-03
-2.135396e-01
1.866301e-01
1.207734e-01
5.544226e-01
1.384720e-01
-2.308984e-01
-2.251866e-01
1.209499e-01
-8.756208e-02
4.375164e-02
1.701331e-01
4.925146e-01
-1.750365e-01
-3.544478e-02
1.255178e-02
9.127343e-02
2.067386e-01
7.479581e-02
-3.791108e-01
-1.510379e-01
1.490703e-01
1.805481e-01
1.191778e-01
4.062443e-02
-2.627741e-01
1.465455e-01
-3.623391e-02
2.981493e-01
-2.203607e-02
-1.608564e-01
-1.145258e-01
2.196099e-02
3.227634e-02
-6.819293e-02
-5.475335e-02
3.284737e-01
-3.371391e-02
1.205148e-02
9.990773e-02
2.439608e-01
2.525976e-01
2.057738e-02
-7.787923e-02
2.979415e-02
1.966659e-01
1.146842e-01
1.803949e-01
3.730089e-02
1.323976e-01
3.551689e-01
2.269835e-01
-2.159047e-01
1.934142e-01
3.036348e-01
8.897246e-02
-1.648396e-01
-5.300212e-02
-1.319850e-01
2.122563e-02
1.169045e-02
5.178770e-02
4.326623e-02
5.538583e-02
3.435422e-01
1.269247e-01
-2.871331e-01
-3.245240e-01
-1.964789e-02
-2.257258e-02
2.822787e-01
4.996726e-02
3.267934e-01
-1.005218e-01
3.820478e-02
3.439416e-02
4.993400e-01
2.107032e-02
2.685317e-01
-1.151799e-02
1.761737e-01
6.486087e-02
2.839914e-01
-2.221555e-01
-1.436048e-01
-9.944198e-02
-1.319492e-02
1.476349e-02
1.049946e-01
2.568366e-01
-6.292951e-03
7.907687e-02
1.236352e-01
7.343953e-02
-1.232475e-01
-3.277728e-04
2.847900e-01
1.770358e-01
-6.049690e-02
1.488947e-01
-1.692364e-02
3.441304e-01
1.369148e-01
-1.168468e-01
1.046422e-01
-6.920269e-02
1.209629e-01
-1.134795e-01
1.767419e-02
2.145355e-01
3.104424e-02
5.163471e-02
-8.310421e-02
1.101109e-01
-1.620820e-01
-3.846572e-02
-4.618409e-03
-8.039204e-02
4.801008e-02
-1.498015e-01
-1.221269e-02
1.158829e-01
6.748528e-02
-1.289970e-01
-5.084514e-02
-1.197748e-01
2.689930e-01
-3.799613e-02
1.592945e-01
2.100240e-01
1.049569e-01
1.503297e-01
1.535270e-01
1.120054e-02
1.367260e-01
2.265203e-01
-7.914030e-02
2.219198e-02
-1.308986e-01
-1.111864e-01
-3.924944e-02
6.614839e-02
-8.914545e-03
-6.177653e-02
3.431320e-01
1.157064e-01
-3.315149e-02
-1.480926e-01
-1.752913e-01
1.674902e-01
2.271614e-01
-2.153501e-01
1.125218e-01
1.567253e-01
-6.224282e-02
-5.308914e-02
-3.761907e-03
-9.309740e-02
-1.667690e-01
-1.375524e-01
5.692889e-02
-3.143022e-02
-9.520584e-02
4.749563e-02
2.598190e-01
1.498502e-01
2.753952e-01
2.411585e-01
-1.294046e-01
-2.615475e-01
1.114924e-03
-2.489670e-02
-1.082371e-01
-1.340222e-01
-1.145728e-02
-7.843985e-02
5.591363e-02
4.820539e-02
6.714239e-02
-5.414540e-02
1.404864e-01
1.227970e-01
-4.882588e-02
-9.402851e-02
1.558473e-01
-5.986471e-02
1.015313e-01
1.376747e-01
-1.498174e-01
-2.406137e-01
-1.000820e-01
-1.935815e-02
3.115532e-01
3.767961e-02
3.373131e-01
1.416962e-01
7.809626e-02
-6.442319e-02
1.676348e-01
2.300604e-01
-1.168832e-01
1.054889e-01
1.403065e-01
-2.481609e-01
4.915732e-02
-1.194728e-01
1.224445e-01
5.220475e-02
-1.053483e-01
-1.474564e-01
-8.717349e-01
-2.852320e-01
1.642420e-01
-4.021121e-01
3.371335e-02
3.300422e-02
-5.073193e-02
6.652879e-02
-9.491130e-02
1.964608e-01
6.230742e-02
1.399344e-01
1.120016e-01
1.233066e-01
2.497464e-01
-1.310314e-01
-1.175534e-01
-1.212803e-01
-2.761286e-01
1.934675e-01
-1.890444e-01
-2.166020e-02
1.399798e-01
3.148457e-01
5.531532e-02
-1.886994e-02
1.267687e-01
2.331766e-01
1.148179e-01
1.235622e-01
-2.031107e-01
1.154048e-02
1.909176e-02
2.622829e-01
-1.208902e-01
-6.862289e-02
-3.865626e-01
4.099718e-02
1.931474e-01
-1.626259e-01
-1.107752e-01
-9.842076e-02
7.342833e-02
-2.035682e-01
4.309610e-02
-5.368999e-01
-2.312166e-01
7.082256e-02
-2.030195e-01
-4.013302e-01
1.722738e-01
2.006396e-01
4.272118e-05
-3.326992e-01
-3.881190e-01
-7.595433e-02
-5.964848e-01
-5.686095e-01
-2.514476e-01
1.166160e-01
7.596985e-02
-7.808027e-02
9.723952e-02
-2.909287e-02
-7.138275e-02
-1.358884e-01
5.175852e-02
-1.156390e-01
3.336343e-01
3.711168e-01
1.553931e-01
1.796323e-01
8.477223e-02
8.205394e-02
-2.676903e-02
-2.274154e-02
3.479319e-03
3.337809e-01
2.582613e-01
2.126019e-01
1.142246e-01
1.569162e-01
1.627697e-01
-5.076601e-02
-1.713245e-01
-3.357627e-01
4.038916e-01
2.837788e-01
2.233660e-01
3.253166e-01
4.269195e-01
3.688680e-02
4.937126e-02
-6.774980e-02
-2.149692e-01
4.295021e-01
3.764432e-01
2.549980e-01
-1.083395e-02
-2.610566e-01
-3.355837e-01
1.178612e-03
-1.757017e-01
-2.179444e-01
-9.778877e-03
-1.371390e-01
-9.600257e-02
-3.611853e-02
4.357292e-02
-2.301060e-02
-4.098897e-02
-1.645654e-01
-9.127007e-02
1.856791e-01
5.057956e-01
2.132873e-01
3.287647e-01
3.220663e-01
9.259142e-02
-3.000625e-02
4.947884e-02
-2.611245e-01
3.165876e-01
2.737589e-01
2.066556e-01
3.107950e-01
9.231137e-02
5.674219e-02
-2.321030e-02
-3.772269e-02
-1.017209e-02
4.129872e-01
9.900743e-02
-4.645726e-02
2.267299e-01
3.085477e-01
2.214471e-01
2.203001e-02
1.831740e-02
-1.108276e-01
-6.710935e-02
-1.744193e-01
-1.694614e-01
-8.468275e-02
5.143851e-02
5.522491e-02
-8.268404e-02
-1.715995e-01
-1.157751e-01
2.969928e-01
2.659118e-01
1.569114e-01
2.823407e-01
1.417024e-01
3.285156e-02
-2.156863e-02
8.217914e-02
-9.185707e-02
-9.043948e-02
-1.048659e-01
-3.625683e-03
4.717932e-02
1.981845e-03
-1.150544e-01
4.229864e-02
-1.428341e-01
-6.743211e-02
3.754820e-01
2.412939e-01
1.761698e-01
2.584553e-01
3.805344e-01
1.701347e-01
-7.157727e-02
5.873036e-02
-6.622145e-02
-9.444217e-02
-1.625913e-03
5.741266e-03
4.021331e-02
-3.350002e-02
-3.702169e-02
-4.405981e-02
-1.428137e-01
-1.652445e-01
8.226139e-02
1.138022e-02
-6.468930e-02
-5.481417e-02
1.583133e-01
2.360926e-01
-1.170711e-02
-1.070155e-02
-1.664330e-01
-3.327075e-02
-1.139882e-01
-1.386897e-01
2.603946e-02
2.140109e-01
2.347839e-01
1.413593e-02
-7.386010e-02
-1.865627e-01
3.970169e-01
5.001614e-01
2.349052e-01
3.606575e-01
1.222299e-01
1.975174e-01
-1.511551e-01
-7.179684e-02
-6.058414e-02
-2.201400e-02
6.863076e-02
1.383509e-01
-8.223152e-02
2.006401e-01
-1.130092e-01
5.208814e-01
-1.401969e-01
5.903723e-02
-7.387593e-02
5.108190e-01
1.508861e-01
-8.233596e-02
-5.018141e-01
-7.420080e-02
2.862568e-01
3.880813e-01
1.985284e-01
1.822789e-01
2.170023e-01
5.366990e-02
1.063555e-01
1.146878e-01
3.056486e-02
3.300974e-01
3.761294e-02
2.235303e-01
-3.933604e-02
7.263089e-01
7.851509e-01
4.004914e-01
-2.169151e-01
-4.034460e-01
4.370821e-01
-6.837029e-01
1.444494e-01
1.821242e-01
-2.049645e-01
3.391140e-02
1.837657e-01
2.034877e-01
-5.234106e-02
-1.469252e-01
2.113986e-02
-1.591842e-02
1.218021e-01
6.828757e-03
7.260461e-02
2.718597e-02
2.241203e-01
2.738500e-02
1.888127e-01
6.507108e-02
-1.054043e-01
2.817025e-01
-3.377170e-02
1.087478e-02
1.820468e-01
5.477087e-01
-9.147926e-02
8.688110e-02
-3.662662e-01
2.413517e-02
3.845438e-01
6.981227e-01
1.244349e-01
3.703690e-01
4.677608e-01
2.917622e-03
-4.068531e-02
-1.385054e-01
1.931213e-01
8.797347e-03
-1.566503e-01
-2.108178e-02
-1.031583e-01
1.339387e-01
6.135901e-02
-1.218561e-01
3.758068e-02
-1.345423e-01
3.271149e-01
3.041102e-02
-7.332634e-02
3.549409e-01
2.583137e-01
1.434772e-01
5.889999e-02
1.231209e-01
-3.466419e-02
2.606180e-03
-3.837429e-01
1.699469e-02
1.555554e-01
1.451488e-01
-1.793834e-01
-6.344071e-02
9.755581e-02
-8.256950e-03
2.828735e-01
4.062478e-01
2.795531e-01
3.081983e-01
-2.486708e-01
1.904110e-01
-3.010064e-01
2.705595e-01
-2.264882e-01
-1.605692e-01
2.842872e-01
1.842689e-02
-3.433851e-01
-4.669877e-01
-4.440077e-03
3.945029e-02
1.134648e-01
-1.110716e-01
-1.660666e-01
-1.569808e-01
3.199485e-02
-3.856304e-02
2.549354e-02
-1.375613e-01
2.208984e-02
1.164587e-01
1.123935e-01
2.625779e-01
-5.863147e-02
-1.254569e-01
4.512310e-02
-1.987851e-01
-1.618108e-01
-2.325511e-01
2.086338e-01
1.672388e-01
-3.260270e-01
-2.507079e-02
1.436335e-01
-9.328578e-02
-4.081492e-01
-1.414126e-01
3.649808e-01
2.972606e-01
-2.146569e-02
1.191352e-01
2.635995e-01
2.976126e-02
1.052114e-01
-1.130559e-01
1.023419e-01
7.736003e-02
2.305927e-01
-1.280359e-01
-2.119916e-02
4.763945e-02
3.024743e-01
1.166612e-03
1.397924e-01
-4.233238e-01
2.172507e-01
1.407600e-01
1.697695e-02
7.610463e-02
1.400394e-01
2.925174e-02
4.528626e-02
1.725231e-01
8.001427e-02
7.234346e-02
3.356599e-01
-1.128198e-01
-1.180059e-01
1.158311e-01
-1.966387e-01
-1.452941e-01
3.317768e-01
-2.197461e-01
-3.733660e-01
4.652244e-01
-2.619185e-01
4.734824e-02
-6.270561e-02
-1.590166e-01
3.333372e-02
-2.409311e-01
1.880877e-01
1.110756e-01
-1.659325e-01
1.743528e-01
7.987534e-02
1.047360e-01
9.220582e-02
2.442292e-01
4.337209e-02
1.233345e-01
1.656136e-01
1.117983e-01
6.647308e-03
9.716535e-02
-1.259502e-02
5.452882e-02
3.176977e-01
1.756736e-01
1.857744e-01
6.649813e-02
3.582129e-01
-1.018769e-01
9.851241e-02
1.593498e-01
-1.372654e-02
8.526576e-02
7.095848e-02
1.647284e-01
6.698741e-02
-7.606246e-02
2.145400e-01
5.633600e-02
-1.104356e-01
-1.244450e-01
3.341794e-02
-2.969295e-01
2.861151e-01
2.376132e-02
-1.840613e-01
6.368306e-02
1.985613e-02
-3.350529e-02
1.073491e-01
1.077962e-01
3.548037e-01
-4.030703e-02
1.198147e-01
2.856964e-01
-1.444033e-01
-7.136071e-02
-6.468368e-02
-4.892502e-02
1.286666e-01
-4.848270e-02
2.382325e-01
-4.550708e-02
-2.703576e-02
-3.410785e-03
2.571146e-01
2.573119e-01
1.638043e-02
2.141550e-01
3.440273e-01
4.366445e-02
1.462596e-01
-3.874361e-01
1.211959e-01
6.573836e-02
8.061206e-02
-1.393788e-01
3.895927e-02
-1.022586e-01
-1.610588e-02
1.537750e-01
-5.659702e-02
4.047498e-02
-8.985291e-02
8.718859e-02
-1.022771e-01
1.559885e-03
-2.213659e-01
3.061244e-01
2.680777e-02
-4.930280e-02
2.209401e-01
4.060645e-02
-6.626014e-02
8.935668e-02
-6.906279e-03
-3.100873e-01
-1.275679e-01
1.067734e-01
-2.590992e-01
1.592365e-01
-4.774188e-02
1.820333e-01
1.716589e-01
2.056012e-01
1.192814e-01
-1.817909e-02
2.542535e-01
-2.234361e-02
2.046860e-02
2.100755e-01
-5.924755e-02
1.348047e-03
1.844705e-01
2.996348e-01
-1.497165e-01
-3.440221e-02
2.102971e-01
1.174344e-02
4.148673e-02
6.408024e-02
-6.493966e-02
1.584763e-01
-1.960479e-02
1.285324e-01
-2.492422e-01
7.974624e-02
1.361103e-01
8.489454e-02
3.474369e-02
1.577328e-01
2.081596e-01
2.425355e-01
2.508571e-02
1.171851e-01
2.095725e-02
4.820863e-02
1.043747e-01
2.040875e-01
1.398810e-01
4.011960e-01
3.173855e-01
4.023438e-02
1.606701e-01
7.473223e-02
-7.645289e-02
-5.825859e-02
-6.075673e-02
2.570223e-02
-1.580918e-01
6.759609e-02
1.577689e-01
1.801208e-01
2.226030e-01
1.924255e-01
7.615315e-02
2.737693e-01
1.035417e-01
1.816398e-01
1.672006e-01
6.990766e-02
-2.230828e-02
9.465554e-02
4.299313e-02
1.939931e-01
2.441358e-01
1.865267e-01
2.055381e-01
3.248020e-01
2.113068e-01
-5.357838e-02
-6.133637e-02
-2.053544e-01
1.546607e-01
2.419614e-02
1.337628e-01
2.980474e-02
-3.299447e-02
1.284350e-01
3.055062e-01
9.879252e-02
2.894078e-02
-1.241337e-01
-2.803275e-01
2.955644e-01
-2.242834e-01
6.055154e-03
1.311445e-01
3.874586e-02
4.361403e-01
1.432741e-01
1.338312e-01
4.083984e-01
1.441652e-02
1.502429e-01
2.595454e-01
1.173714e-01
1.844848e-02
-7.119378e-02
1.333539e-02
-6.947005e-02
2.309539e-01
8.943904e-02
-2.789324e-01
3.629025e-01
1.337580e-01
1.235451e-01
1.460166e-01
6.012420e-02
2.063802e-01
3.104348e-02
8.725836e-02
2.544703e-01
1.309096e-01
-1.446919e-01
3.297619e-01
1.913271e-02
-1.197090e-01
2.006655e-01
-6.590981e-02
8.972958e-02
1.971589e-01
-1.213550e-01
1.629788e-01
-8.173720e-02
1.998349e-01
5.555653e-02
-7.569797e-03
-2.710097e-02
1.329598e-01
-7.566516e-02
-1.692810e-01
2.145459e-01
-1.672705e-01
1.418435e-01
1.284069e-01
-7.944036e-02
1.194354e-01
-1.886437e-02
-2.175352e-01
1.066122e-01
-1.204527e-01
4.188088e-02
2.638961e-01
1.931544e-01
2.839507e-01
3.777171e-02
-9.068105e-02
2.867844e-01
1.236081e-01
-3.595710e-01
2.226068e-01
5.610660e-02
-1.533540e-01
8.346370e-02
8.683204e-02
-5.124875e-02
3.017346e-01
-1.857303e-02
1.020061e-01
-3.644468e-02
-4.111595e-02
-2.498927e-01
1.564175e-01
-2.210038e-01
2.955482e-02
-1.429681e-02
2.050859e-01
-4.159098e-01
8.409288e-02
-1.048646e-01
1.401093e-01
1.459534e-01
2.337000e-01
1.190050e-01
5.436430e-02
9.111583e-02
1.183282e-02
1.172813e-02
-1.728529e-03
6.612045e-02
2.575755e-01
1.664186e-02
3.285623e-01
3.363737e-01
-1.641057e-01
-2.986175e-01
-1.633531e-01
-2.414490e-01
2.042727e-01
-1.319120e-01
4.883393e-02
-1.092453e-01
-2.377548e-01
-1.344726e-01
5.123258e-02
1.311076e-01
-9.484351e-02
-7.645174e-03
1.825124e-01
-3.361006e-02
1.415154e-01
1.133362e-01
2.379849e-01
-1.315909e-01
7.515954e-02
2.075287e-01
-1.299615e-02
-3.923631e-02
4.909842e-02
-1.619001e-01
2.397913e-01
1.332014e-01
3.250407e-02
-7.488880e-02
-1.393047e-02
-2.137339e-02
1.794762e-01
1.791715e-01
2.139118e-02
-2.074604e-01
1.661602e-01
-3.078521e-01
1.569954e-01
-1.289703e-01
8.477093e-02
-1.895033e-01
-7.370953e-01
-1.971559e-01
8.514947e-02
-1.941063e-01
1.514018e-01
1.216163e-01
4.258492e-02
-3.722558e-02
2.493412e-01
-1.042981e-01
3.254435e-01
1.740940e-01
1.399039e-01
1.673825e-01
-7.793775e-02
1.249148e-01
1.181979e-01
-3.118511e-01
-2.498115e-01
2.502307e-01
-2.593746e-01
-3.283243e-02
3.385262e-02
7.142307e-02
1.732381e-02
6.640532e-02
1.881395e-01
2.877140e-01
1.219766e-01
-1.123813e-02
1.459635e-01
-4.064336e-02
-6.277087e-02
1.724492e-02
-9.770681e-02
-7.557707e-02
-3.167083e-01
2.225563e-01
2.322054e-01
-2.850777e-01
4.808406e-02
1.628102e-01
9.049574e-02
-8.528335e-02
-1.433150e-01
-1.875842e-01
-5.506718e-01
-8.224738e-02
-3.817762e-01
-2.117767e-01
-7.656895e-02
-1.562985e-02
1.367889e-01
-3.517974e-01
-3.015434e-01
1.921174e-03
-1.044982e+00
-2.571376e-01
-3.924164e-02
1.647299e-01
1.145435e-01
2.215544e-01
-5.360306e-02
-1.474186e-02
-5.089312e-02
1.019749e-01
3.013187e-01
1.170615e-01
8.689423e-02
1.282015e-01
-3.065515e-01
1.077363e-01
3.337679e-02
2.207907e-01
-1.914991e-02
1.154103e-03
-1.703121e-02
4.824700e-03
1.301106e-01
5.488563e-02
1.658248e-01
7.704648e-03
-1.624396e-01
1.487062e-02
1.751733e-01
1.837103e-01
1.973550e-01
-2.231728e-01
-3.197885e-01
1.077583e-01
-9.605745e-03
2.331826e-01
-3.947518e-02
2.295667e-02
-1.829206e-01
-8.335111e-03
8.758720e-02
4.480616e-02
1.790671e-01
-1.401074e-01
-7.895727e-02
3.700982e-01
4.069260e-02
2.406574e-01
-1.950944e-02
-8.563872e-02
-4.228303e-02
-2.835402e-02
2.877795e-02
-6.053336e-02
-8.200150e-02
-2.474375e-01
-1.277470e-01
1.667227e-01
6.595472e-02
7.099787e-02
1.003249e-01
5.227121e-02
-1.701744e-01
2.159883e-01
-9.779733e-02
4.545092e-01
-4.759344e-02
4.994877e-02
3.762033e-02
1.328710e-01
1.355325e-01
2.217370e-01
2.276900e-01
5.497807e-02
2.524760e-01
-1.237801e-02
1.481418e-01
-1.549473e-02
-5.238819e-02
1.622185e-01
-2.814571e-01
3.269692e-01
-2.087892e-01
3.594114e-01
2.237887e-01
3.367220e-01
-1.233375e-01
6.414407e-02
-5.065683e-01
-7.845200e-01
7.747328e-02
-4.626569e-01
-5.166291e-01
3.493581e-02
1.007827e-01
-6.216314e-02
5.096599e-03
1.509995e-01
1.092080e-01
-3.091171e-02
1.984708e-01
5.456783e-02
4.259766e-02
-7.156698e-02
7.595818e-03
-2.262384e-01
-3.097012e-01
-3.947845e-01
-2.632455e-02
-4.003270e-01
-2.065102e-01
9.630129e-04
9.851106e-03
1.284074e-01
1.363366e-02
-2.047714e-01
1.334128e-02
8.256662e-02
-7.508964e-02
-1.176139e-01
7.578998e-02
-4.460546e-02
5.811084e-02
-1.758144e-01
-3.176432e-01
-2.510288e-01
-1.849318e-01
-2.861265e-01
-5.467663e-01
1.007772e-01
-1.341918e-01
2.495821e-01
7.164832e-02
-2.760878e-01
-6.903697e-02
6.526712e-02
-1.911912e-01
-1.641548e-01
-8.622731e-02
1.330497e-01
-2.175375e-02
1.105218e-01
-4.408789e-01
-5.947486e-01
1.474929e-01
-1.067334e+00
-2.151741e-01
1.386874e-02
2.451545e-01
-1.177916e-02
4.670894e-02
-2.320155e-02
-1.826973e-01
-3.138681e-02
1.203505e-01
1.222278e-01
9.954458e-02
2.924755e-03
-4.296763e-02
-3.381804e-02
1.078377e-01
7.639294e-02
1.754801e-01
6.642356e-02
-5.997279e-02
-1.776351e-01
1.012741e-01
1.687466e-01
-2.438504e-01
-2.858582e-01
-3.139851e-01
-8.204084e-02
1.031557e-01
1.149989e-01
8.373796e-02
2.347795e-01
-9.870644e-03
1.517840e-01
4.649724e-02
3.544754e-01
2.373672e-01
1.354431e-01
2.528164e-02
1.282213e-02
-1.235042e-01
5.546910e-02
6.448565e-02
-9.290789e-02
1.894987e-01
-8.579855e-02
-1.022726e-01
-1.514404e-01
6.043994e-02
-2.827336e-01
6.296629e-02
8.648393e-02
-2.463627e-02
-4.578679e-02
9.756368e-02
6.687722e-02
-2.415458e-02
-1.962457e-01
-1.324780e-01
5.668675e-02
-7.639817e-03
-3.642911e-02
-9.757074e-02
7.093758e-02
-7.016290e-02
2.194372e-01
-2.026097e-01
3.641554e-02
2.044978e-01
2.173725e-01
2.660809e-01
5.765514e-02
9.938670e-02
6.497672e-02
1.327099e-01
1.397470e-01
5.048414e-03
2.352105e-01
1.429530e-01
2.718005e-01
-1.335461e-01
-3.194737e-01
2.736560e-03
-1.241459e-01
-3.240234e-01
2.212724e-02
-1.441814e-01
-6.700656e-01
-3.276833e-01
-4.193504e-01
-5.169801e-01
-3.268439e-01
-3.917353e-01
-3.391707e-01
-5.901276e-01
-2.913561e-01
1.430306e-01
1.186309e-01
2.693000e-02
1.670321e-01
-1.895080e-02
1.056297e-02
3.173465e-02
2.589469e-02
1.494071e-01
9.983464e-02
1.015595e-02
-2.534424e-01
6.776725e-02
-7.725719e-02
-2.933154e-01
-2.899996e-01
-5.933883e-02
1.143602e-01
1.482820e-01
2.652260e-01
4.150751e-02
2.374944e-01
8.176345e-02
1.070684e-01
3.713830e-01
-6.202638e-02
-1.327801e-01
-7.290258e-01
-4.289814e-01
-3.951658e-01
-3.200968e-01
-1.535427e-01
-3.030506e-01
-2.015830e-01
-8.442380e-02
-4.264655e-01
-4.849347e-01
-2.293122e-01
1.958768e-01
-4.735583e-01
-2.329504e-02
2.186799e-01
-3.052390e-01
-1.411630e-02
-2.662425e-01
-2.246850e-01
-5.805261e-01
-4.115556e-01
-2.481261e-01
-3.264057e-01
-4.058380e-01
-5.929828e-01
-4.191389e-01
-1.549223e-01
-5.125461e-02
-1.705264e-02
-6.836035e-02
2.525896e-01
-6.666673e-02
2.219583e-01
1.978649e-01
-1.755527e-02
-7.680065e-02
8.581522e-03
1.609807e-01
9.260712e-02
3.786998e-01
2.415168e-02
-2.568083e-02
9.212283e-02
9.507523e-02
5.310414e-02
1.691914e-01
-2.349302e-01
1.310384e-01
-1.416841e-01
2.407766e-01
1.922728e-01
3.133224e-01
1.663706e-01
-8.671746e-02
1.570196e-01
1.900404e-01
-4.241084e-03
2.061907e-01
2.097958e-01
8.819993e-02
1.402505e-01
1.689828e-02
4.846710e-02
1.643040e-01
-1.330925e-01
-6.056596e-02
2.127598e-01
3.369739e-01
5.202352e-01
-1.303795e-01
2.690860e-02
-9.046109e-02
-1.732186e-01
1.564952e-01
-4.904605e-02
-1.166533e-01
-5.449961e-02
-1.415783e-01
-5.856436e-02
8.810487e-02
-1.217461e-02
1.284546e-01
2.407385e-01
2.327560e-01
3.299915e-01
2.022763e-01
2.288639e-01
2.687678e-02
3.997805e-02
1.499195e-01
4.924019e-02
1.985859e-01
1.482147e-01
2.225277e-01
2.950855e-01
1.203723e-01
-1.588702e-01
-6.856475e-02
2.049325e-01
4.662468e-01
2.066986e-01
-1.511945e-01
-8.896375e-02
-2.579393e-01
1.938963e-01
-1.121796e-01
2.038911e-01
6.847215e-02
-2.374971e-01
1.304238e-01
-1.237701e-01
-1.139686e-01
-2.326051e-01
-1.556967e-01
1.485771e-01
4.138320e-02
-4.328352e-02
2.043854e-01
1.052776e-01
1.611883e-01
2.821870e-01
4.080653e-01
1.926912e-01
9.408723e-02
1.392639e-01
1.735868e-01
-1.957978e-01
1.452017e-01
-1.209565e-01
5.002501e-02
-1.022426e-01
-1.444852e-01
7.509188e-02
1.110846e-01
-4.775213e-02
2.183987e-01
1.506516e-01
-8.647510e-02
-2.308997e-02
8.231693e-02
2.380922e-01
1.497189e-01
9.182774e-02
-3.026450e-01
-7.150365e-02
2.196763e-02
-8.784969e-02
-5.070633e-02
-4.810760e-02
7.323115e-02
1.410362e-02
-9.929513e-02
9.120053e-03
-2.988821e-01
1.508298e-01
-2.093499e-01
6.207017e-03
-1.020113e-01
6.540445e-03
6.923142e-02
-8.577677e-03
-2.033713e-02
6.099136e-02
-9.544395e-02
-7.678279e-02
-1.444315e-01
-6.335443e-02
-1.303868e-01
1.442975e-01
1.960928e-01
-2.095638e-01
2.248279e-01
4.790317e-02
1.027554e-01
5.283717e-01
2.239483e-01
1.418940e-02
5.014376e-01
1.403322e-01
-6.305914e-02
1.222417e-01
4.690185e-02
1.934769e-01
-6.177692e-02
9.591190e-02
7.187037e-02
6.751328e-02
2.896821e-02
6.712165e-02
1.440724e-01
4.922233e-02
2.167893e-02
1.855350e-01
3.306240e-02
-7.996523e-02
6.160126e-02
2.192339e-01
8.192760e-02
6.191552e-02
1.192616e-01
1.209347e-01
-1.204823e-01
1.827925e-03
2.571179e-01
5.392152e-02
6.625407e-02
-3.010111e-01
-1.816746e-03
1.361901e-02
5.803108e-02
-1.689757e-02
-7.815118e-02
5.081500e-02
-5.570929e-02
-1.322501e-01
-1.026381e-01
-1.977297e-01
-4.331049e-02
-6.453238e-02
-2.113137e-01
1.355376e-01
-2.359372e-02
-6.609625e-03
-1.526937e-01
-1.429532e-01
9.788896e-02
2.074513e-01
-1.294717e-01
2.114194e-01
1.386075e-01
-9.422000e-02
-7.309141e-02
-5.671318e-02
1.057672e-01
-1.145135e-02
1.053300e-01
4.214942e-02
1.918370e-01
1.669994e-01
3.141198e-02
2.531203e-01
-5.418934e-02
2.469868e-02
-6.220684e-02
1.469990e-01
-1.959876e-01
2.724527e-01
-5.828849e-03
-2.171004e-01
-1.016504e-02
4.447216e-02
7.066868e-02
1.447829e-01
-3.688128e-01
-3.928080e-01
-1.491362e-01
-4.701289e-01
-4.789756e-01
-8.760839e-02
-4.358859e-01
-5.384963e-01
8.878928e-02
1.546000e-01
2.021900e-01
3.445500e-02
1.236623e-01
-8.096599e-02
1.809700e-01
-4.483728e-02
-1.382853e-01
-1.837031e-01
-1.456951e-01
-3.200553e-01
-6.281928e-01
-2.561342e-03
-4.709774e-01
-4.352144e-01
-3.553951e-01
-4.257960e-01
7.758973e-03
2.051711e-01
-2.667848e-02
1.694231e-03
1.632738e-01
6.436342e-02
-2.977482e-01
7.129009e-02
-2.621001e-02
1.960757e-01
-8.654405e-03
-1.998830e-01
1.649262e-01
-2.247219e-01
-2.377159e-01
8.055523e-03
-2.457991e-01
-2.133983e-01
2.410836e-02
-8.658676e-02
-3.749972e-02
2.031503e-01
-4.136744e-02
3.272892e-01
2.201307e-01
-2.296869e-01
7.466482e-02
-1.953522e-01
-2.044104e-01
-4.494894e-01
-4.740811e-01
-5.324727e-01
-4.831539e-01
-7.960039e-01
-5.276764e-01
-3.598033e-01
2.389707e-02
2.045636e-02
4.915752e-02
-1.128259e-01
1.371413e-01
1.499222e-01
-3.469058e-01
6.788456e-02
2.420053e-01
1.402114e-01
6.680554e-02
1.209526e-01
-6.215623e-02
-2.122026e-02
-4.318912e-02
6.265411e-03
1.003363e-01
7.353329e-02
2.362197e-01
2.624538e-01
3.239852e-01
3.054593e-02
-1.154211e-01
-9.339251e-02
-2.934524e-02
1.497757e-02
-1.290156e-02
2.942454e-02
1.367695e-02
-1.442515e-02
8.799352e-04
-2.368088e-02
-1.755749e-01
2.035326e-01
1.463311e-01
7.251933e-02
1.050796e-01
2.162336e-01
-2.166363e-01
1.269724e-02
-2.009460e-01
1.542814e-02
-4.217416e-04
1.986674e-02
6.537110e-02
-5.568337e-02
-1.506081e-01
-4.724785e-02
2.844300e-02
7.256333e-02
-1.403905e-01
-1.195513e-01
-1.586663e-01
-9.477992e-02
6.882209e-02
1.665801e-01
6.671184e-02
7.100976e-02
-2.820797e-04
4.442317e-02
-6.437054e-02
1.384618e-01
2.921091e-02
3.554552e-02
1.017722e-01
-6.268601e-02
1.299852e-01
8.501700e-02
1.969489e-01
-1.016078e-03
-1.807630e-01
4.877380e-02
5.978849e-02
-3.137954e-01
-1.439468e-01
1.802216e-01
6.045223e-02
1.861319e-03
5.266052e-02
9.589425e-02
3.165673e-01
-1.399622e-02
-2.018367e-01
-1.128560e-01
-7.053828e-01
-4.816223e-01
-3.575574e-01
-4.153468e-01
-4.658189e-01
-2.864206e-01
-8.596799e-02
1.594296e-01
1.892114e-01
5.310223e-02
1.768475e-01
2.321315e-01
8.288115e-02
4.299443e-02
5.552576e-02
-1.326692e-01
-1.777556e-01
3.183663e-01
-9.259792e-02
-7.382907e-02
1.480199e-02
-1.837412e-01
-1.590236e-01
1.462984e-01
-9.286409e-02
1.434776e-01
1.817897e-01
1.224529e-01
1.470980e-01
3.399704e-02
-9.574989e-02
1.662415e-01
-5.476188e-02
1.864624e-01
-2.930977e-02
-8.505458e-03
-2.865930e-01
-2.369871e-01
-2.582305e-01
-7.823315e-02
-1.415370e-01
-4.472838e-01
9.768623e-03
-1.444746e-01
-4.435686e-02
-4.884417e-01
-1.553642e-01
-4.869915e-01
-2.881518e-01
-4.447743e-02
-3.338264e-01
8.731488e-03
-1.976734e-02
2.469281e-01
-9.663128e-02
-4.900612e-01
-2.820301e-01
-3.781933e-01
-2.382458e-01
-1.333611e-01
1.016943e-01
1.719201e-01
1.929733e-01
3.075027e-02
1.943603e-03
-2.308662e-01
-8.311504e-02
3.509176e-02
-1.297302e-01
-6.045870e-02
7.823677e-02
-9.146231e-02
-2.143130e-01
1.228584e-01
1.421922e-01
6.932436e-02
-1.445470e-01
-8.370773e-02
-2.156652e-01
-4.370627e-01
-4.169120e-01
1.812904e-01
3.348608e-01
-4.004426e-02
-4.307944e-01
-6.853967e-01
-5.177953e-01
4.722210e-02
7.249142e-02
4.331425e-02
-1.275246e-02
1.977426e-01
1.895136e-01
-3.838246e-02
-2.284690e-01
-2.067939e-01
-2.624929e-02
-5.345318e-02
1.659731e-02
1.889164e-01
7.018235e-02
8.881844e-02
-7.594368e-01
-2.653247e-01
-3.925331e-04
-4.533395e-02
-9.792173e-02
-1.056549e-01
-2.255481e-01
-1.645619e-02
-2.261098e-02
2.070871e-01
-4.079576e-02
1.071444e-01
1.445893e-01
1.691751e-01
-3.202481e-02
-1.143475e-01
-1.939086e-02
-7.711237e-02
9.558833e-02
2.187643e-02
2.921763e-02
1.175671e-01
2.383192e-01
2.288513e-01
-2.065696e-01
-1.766803e-01
-3.181267e-01
5.794287e-01
3.888555e-01
2.101960e-01
2.686860e-01
3.363699e-01
2.498814e-01
3.404355e-01
4.045262e-01
2.545971e-01
3.176363e-01
-3.235959e-01
-1.717515e-01
-6.024916e-01
-3.890460e-01
-3.102321e-01
-1.090763e-01
-3.120524e-01
-3.619731e-01
3.189155e-03
-1.220454e-01
-1.571099e-01
5.661240e-02
1.671614e-02
1.981986e-02
9.260532e-02
1.706831e-02
4.477256e-03
-6.843081e-02
7.803816e-02
1.042719e-01
-5.290758e-02
1.817875e-02
-3.434331e-01
-5.273267e-01
-6.564882e-02
-4.951560e-01
1.844282e-01
1.251072e-01
-1.983298e-01
3.113430e-01
1.693192e-01
1.153660e-01
3.452884e-01
3.432916e-01
1.074026e-01
-3.066881e-01
-1.024864e-01
2.042926e-01
-8.945983e-01
-6.859489e-01
-5.907964e-01
1.193756e-01
7.101913e-02
5.202154e-02
4.998429e-01
2.602815e-02
-3.946514e-01
-3.548268e-01
-2.835069e-01
1.462592e-01
-1.288962e-01
1.559765e-01
1.421055e-01
6.115665e-02
-3.295000e-01
1.978424e-02
-3.998926e-01
-6.886252e-01
-3.368757e-01
-6.057609e-01
-1.985984e-01
-3.038693e-01
-2.557639e-01
-3.918186e-01
-5.998110e-01
1.473125e-02
-2.213897e-01
-5.760768e-02
-1.874837e-02
-1.920167e-02
-6.782940e-02
-5.059059e-01
6.146560e-02
1.668052e-01
7.726573e-02
1.371890e-01
-1.550828e-02
-5.273359e-02
1.191062e-01
1.094401e-01
1.090315e-01
5.602160e-02
-4.776996e-02
7.781211e-02
1.125480e-01
3.319446e-02
1.265961e-01
1.524434e-01
-1.592893e-01
1.353050e-02
-5.192610e-01
-1.918574e-01
1.808898e-01
1.238670e-01
2.882355e-02
8.523001e-02
1.972912e-01
1.893760e-01
-2.864848e-02
8.474413e-02
2.259011e-02
1.099436e-01
2.369771e-01
2.300400e-01
1.714678e-01
2.027743e-01
-1.090298e-01
9.030255e-02
2.176253e-02
-2.309760e-01
-1.806805e-01
-7.671174e-02
-4.693400e-02
-2.201084e-01
-1.166829e-01
-1.689665e-01
1.192126e-01
-2.906611e-02
7.930574e-02
2.288845e-01
4.563745e-02
3.419855e-03
-5.420358e-02
1.025317e-01
1.931343e-01
1.522839e-02
-4.739013e-02
-3.138337e-02
8.810018e-02
3.223525e-01
1.970222e-01
2.193073e-01
3.983270e-02
-1.077967e-01
1.792172e-01
2.062946e-01
-1.323761e-01
5.759690e-02
-2.218481e-01
1.149228e-01
5.496280e-02
3.064748e-01
-9.256086e-02
1.729830e-01
-9.862898e-02
-3.327783e-02
-1.565983e-01
-3.987692e-01
-1.212037e-01
-3.801322e-01
-7.514251e-01
-1.430101e-01
9.648608e-02
-6.294943e-02
1.149743e-01
-8.288497e-02
3.041450e-01
7.742853e-02
2.588248e-01
9.712257e-03
1.583932e-01
-9.663644e-02
8.728084e-02
-9.782396e-02
-3.377408e-01
-2.426799e-01
1.869434e-01
-5.158031e-01
-4.228186e-01
1.477252e-01
9.454780e-02
1.626630e-01
4.887814e-02
1.140024e-01
4.709404e-02
-4.966132e-02
5.016636e-02
1.931282e-01
1.258788e-02
1.592258e-02
1.087730e-01
-2.549061e-02
2.456267e-01
-1.039826e-01
-1.052782e-01
-1.879447e-01
-7.038330e-01
-1.255678e-01
-1.155199e-01
1.676530e-03
2.877036e-02
4.217309e-02
-6.570491e-02
1.115342e-01
1.237572e-01
-6.066260e-02
-2.737564e-01
2.690803e-02
-1.248707e-01
1.958366e-01
3.730293e-02
9.568480e-02
9.052607e-02
-5.406057e-01
-4.018464e-01
-2.727660e-02
5.563458e-02
-2.093342e-01
-2.381603e-01
1.999096e-01
7.725486e-02
-1.690572e-02
-8.205067e-02
2.693734e-01
4.217264e-02
2.464936e-02
4.608259e-02
-2.978362e-02
1.401301e-01
2.307388e-01
5.406554e-02
4.958789e-02
7.975596e-02
1.831231e-02
-9.729045e-03
-2.219911e-02
-8.059081e-02
-4.052169e-02
5.470781e-01
-1.776287e-01
-6.572729e-02
-3.947603e-01
-2.462475e-01
2.654927e-01
3.797750e-02
2.548425e-01
1.991013e-01
2.030908e-01
2.770155e-02
9.147417e-02
-4.372052e-02
-1.716686e-02
6.036391e-02
9.837396e-02
6.332479e-02
-7.945566e-02
3.134902e-01
-3.777561e-01
1.107338e-01
2.609436e-01
-5.117584e-01
-3.579901e-01
-1.383664e-01
-9.670637e-02
-8.366217e-02
-1.727986e-01
1.432930e-01
-6.790555e-02
-2.010763e-01
1.393875e-01
7.068457e-02
6.752060e-02
-1.041389e-01
-4.698065e-02
3.901791e-02
4.187398e-02
2.824969e-02
2.426142e-02
-1.845421e-01
-2.690972e-02
8.183344e-03
-1.258644e-02
-1.361668e-01
2.768624e-02
4.719825e-03
3.157752e-01
2.574710e-01
-7.582166e-02
6.008733e-02
-1.948474e-01
-2.246581e-01
1.119695e-02
-1.367594e-01
4.498634e-03
2.514214e-01
-7.992476e-02
-4.501083e-02
-4.250604e-02
4.279464e-02
-4.768428e-02
-7.477356e-02
-1.498742e-01
1.174310e-01
-1.158874e-01
-2.675363e-01
3.282855e-01
1.270874e-01
1.648168e-01
2.155771e-02
-1.805184e-01
6.416839e-02
5.861805e-02
1.059248e-01
1.032077e-01
-1.534726e-01
6.387824e-02
-1.316882e-01
4.530658e-02
-1.937936e-01
-1.537324e-01
1.978778e-01
-2.110040e-01
-3.894696e-02
2.050769e-01
6.055806e-03
1.850668e-01
3.615337e-02
2.806291e-01
1.710540e-01
-7.513283e-02
4.264294e-02
1.136634e-01
2.261697e-01
-3.089000e-02
2.240902e-01
-2.463898e-02
1.404852e-01
1.476073e-01
2.531961e-02
-5.365455e-02
-2.993597e-01
2.155070e-01
1.825473e-01
1.120474e-01
-9.999341e-03
-1.472276e-02
-4.189862e-02
3.967333e-01
1.686635e-01
-3.147863e-01
3.327338e-01
-1.200234e-03
2.148618e-01
8.523639e-02
-9.728580e-02
5.554450e-02
1.549072e-01
-2.117135e-01
-2.432007e-01
9.265170e-02
2.413783e-01
1.683267e-01
-1.465309e-01
2.462393e-01
1.325819e-01
7.082232e-02
1.055043e-01
3.259748e-01
2.606097e-01
7.356545e-02
6.191168e-02
6.288321e-03
