1.081148e+00
4.539577e-01
4.759552e-01
3.484908e-01
2.903330e-01
4.248900e-01
1.060094e-01
1.196612e-01
-5.160808e-02
-1.525408e-02
-1.352363e-01
3.155650e-02
2.496774e-01
4.973462e-02
-1.238482e-01
2.475001e-01
-4.141793e-01
8.653000e-02
3.086761e-01
2.399678e-02
-1.777902e-01
-3.840781e-01
5.582763e-01
6.885482e-02
-1.290494e-01
2.629221e-01
-1.071365e-01
-1.484147e-01
1.755526e-02
-1.861220e-02
6.807635e-01
-8.487246e-02
8.730184e-02
-1.354335e-01
2.351257e-02
1.092502e-01
-2.567510e-02
-3.794968e-01
1.620142e-01
6.204962e-02
-2.520479e-01
1.268556e-01
2.626793e-01
-1.196172e-01
8.464018e-02
-1.436073e-01
1.111537e-01
1.355521e-01
1.788548e-01
3.544301e-01
-3.188850e-01
-2.532526e-01
1.181570e-01
-9.847270e-02
-2.498036e-01
-4.390337e-02
-1.135696e-01
-4.106338e-03
3.790428e-01
-1.361728e-02
-6.223952e-02
2.060441e-01
-3.614454e-02
-2.470823e-02
4.928614e-02
3.173763e-01
-6.443612e-02
6.716581e-02
-9.994766e-02
-4.478581e-02
2.411287e-01
-4.468723e-03
-3.122054e-01
4.284320e-01
1.554791e-01
-4.237720e-01
2.194123e-01
-5.091568e-02
-1.165105e-01
-1.364092e-01
-2.137146e-01
-1.810824e-01
9.219085e-02
3.362300e-02
-1.281676e-01
5.155512e-02
2.662357e-02
5.477287e-02
9.884998e-02
2.862336e-02
-2.514176e-02
1.470231e-01
-1.625718e-02
4.012088e-01
5.303109e-01
-2.965593e-01
1.519459e-01
6.924666e-02
-1.079516e-01
9.698983e-02
1.892942e-01
2.225840e-01
1.594218e-01
6.076619e-01
2.100934e-01
-4.384566e-01
2.893588e-01
-3.790107e-01
3.988406e-02
1.680225e-01
2.664750e-01
2.450741e-01
5.099351e-01
5.919925e-02
3.234913e-03
1.628379e-01
-2.029281e-01
-1.165329e-01
-8.384707e-02
5.965897e-02
3.005368e-01
-1.315388e-01
1.143234e-01
-1.596580e-01
-6.755367e-02
1.353588e-03
8.242152e-02
1.287925e-01
-6.532062e-01
3.841323e-01
1.060678e-01
3.738121e-01
1.133127e-01
2.117150e-01
-3.256710e-01
1.186258e-01
1.616229e-01
-4.983190e-02
-2.244582e-01
1.215576e-01
-2.530719e-02
1.667505e-01
-3.539330e-01
2.005011e-01
3.453849e-01
8.353388e-02
-1.747338e-01
4.143961e-01
3.758302e-01
-6.271771e-01
3.670869e-01
-1.099605e-01
-3.545819e-01
-2.169185e-01
1.778882e-01
-3.550151e-01
3.126986e-01
2.683257e-01
2.147562e-01
1.483184e-01
9.808383e-02
-1.160766e-01
-6.258015e-02
-2.147309e-02
-7.540880e-02
1.035978e-01
7.089505e-01
-2.290713e-02
1.344019e-01
6.814390e-02
-2.498606e-01
1.916977e-01
3.185891e-01
6.921693e-02
-3.889563e-02
-3.296584e-03
1.235982e-01
-2.005886e-02
2.462954e-01
-1.835653e-01
-1.577539e-02
4.566516e-01
1.507840e-02
-2.559855e-01
-4.722664e-01
1.249634e-02
1.888169e-01
-8.835164e-03
1.831121e-01
1.581302e-01
-4.226027e-02
9.925003e-02
1.581354e-01
-2.473468e-02
-3.577992e-01
5.876156e-02
4.044024e-02
-7.718801e-02
9.109446e-02
4.245902e-02
6.266029e-02
1.198136e-01
1.052891e-02
-3.320403e-02
-2.140796e-01
-1.688079e-01
1.173875e-02
-2.880097e-02
3.966812e-01
8.094776e-02
9.233620e-02
-3.606909e-01
-5.047657e-02
-7.235007e-02
-6.054017e-02
4.257120e-02
1.434331e-01
3.326250e-01
5.591272e-01
6.515351e-02
3.108561e-01
-1.974864e-01
-5.308288e-03
-4.068721e-02
-1.115326e-01
7.751738e-01
1.669112e-01
6.324249e-01
1.552426e-01
2.772482e-01
-7.799649e-02
1.957490e-01
-8.685932e-02
-9.736093e-03
1.133214e-01
-8.883807e-02
6.936012e-02
-1.106442e-01
1.256895e-01
2.910621e-01
-4.542821e-02
2.035871e-01
3.529735e-02
1.921835e-01
3.304105e-01
2.517973e-01
2.008932e-01
3.082477e-01
6.447172e-01
3.645569e-01
-1.284550e-02
-2.534126e-01
-1.631922e-02
1.795589e-01
1.033968e-01
8.276009e-01
4.280124e-01
1.129630e-02
9.975417e-02
-7.688296e-03
-1.388553e-01
4.741978e-01
-1.652050e-01
-1.102375e-01
3.643917e-01
7.633661e-01
1.898333e-01
3.278846e-01
9.945242e-02
-3.370592e-01
3.262836e-02
-3.564245e-02
-2.228476e-01
4.272105e-01
-5.673270e-02
-1.775435e-01
-1.175813e-01
-8.159593e-02
2.243216e-01
1.636972e-01
1.307654e-01
-1.799222e-01
3.830584e-02
-1.239763e-01
3.395349e-02
-1.186770e-01
5.846726e-02
8.580197e-02
-2.056958e-01
5.539859e-02
3.389991e-03
-9.334354e-02
5.373351e-02
2.513084e-01
-5.600008e-02
4.727402e-03
3.015391e-01
2.289909e-01
6.899792e-02
-1.935879e-01
1.445150e-01
-8.882265e-02
-2.874002e-01
8.411985e-01
2.355224e-02
-2.060218e-02
1.226934e-01
-2.072582e-02
5.710235e-02
1.558497e-01
3.008268e-01
-8.738464e-02
-5.436528e-01
1.046620e-01
3.743643e-02
-7.908359e-02
1.695311e-02
1.045654e-01
-1.627016e-02
1.657681e-01
-5.313660e-02
-1.031281e-01
-1.789292e-01
2.151244e-01
1.768574e-01
1.811814e-01
-2.324639e-01
3.378122e-01
-2.609284e-01
3.368204e-02
-3.131154e-01
-2.204532e-01
-2.511343e-01
-8.859644e-02
-4.068052e-02
-3.466052e-01
-4.642758e-02
-4.991138e-03
1.235621e-01
-3.518650e-02
2.879719e-01
3.491248e-01
-1.171409e-02
6.090332e-02
-1.686900e-01
-3.457317e-01
2.014741e-02
-2.051740e-01
7.509849e-02
-6.833670e-02
2.531634e-01
4.232492e-01
-1.763403e-01
4.006826e-02
1.028398e-01
2.303384e-01
2.699320e-01
-8.402542e-02
-1.582333e-01
2.834883e-02
-6.375349e-02
-2.746377e-01
-8.221953e-02
-2.654121e-01
-8.393097e-02
-9.368838e-02
-1.668202e-01
-1.839430e-01
-1.038880e-01
-1.260270e-01
1.250694e-01
-1.878097e-01
-9.427831e-02
9.376365e-02
-4.327079e-02
-3.935581e-01
-7.645261e-02
-3.466569e-01
1.419999e-01
2.152584e-01
2.217761e-02
-1.268260e-01
5.192987e-01
7.643984e-02
5.103056e-02
4.355831e-01
-6.453873e-02
2.281473e-01
-5.716240e-01
-1.917798e-01
-2.432063e-01
-2.332303e-02
1.199126e-01
2.050830e-02
2.173986e-01
2.778891e-01
7.067751e-03
-4.725761e-02
8.741997e-02
6.662904e-04
-3.902065e-02
-6.182751e-03
-1.972383e-01
1.302246e-01
-1.054644e-01
3.122428e-01
-5.240200e-02
1.081406e-01
1.554356e-01
-4.493753e-02
1.287584e-01
2.373422e-01
-2.957312e-01
7.681946e-02
5.272969e-02
-6.678218e-03
-1.132588e-01
1.382496e-01
-5.163816e-03
-1.395600e-01
1.636774e-01
7.730375e-01
1.756405e-01
2.387401e-01
-2.997697e-02
9.211226e-02
-2.503349e-01
4.576541e-02
7.964071e-02
-5.027229e-02
-5.105277e-02
1.034670e-01
2.742538e-01
-2.038791e-01
-1.042711e-02
1.549850e-01
5.646169e-02
-3.502948e-01
1.017954e-01
2.655574e-01
-1.157882e-01
1.574217e-01
1.499768e-01
-2.533595e-03
1.132790e-01
1.306851e-01
-1.871045e-01
3.745978e-01
2.956792e-01
1.730815e-01
-1.242927e-01
-8.676442e-03
-1.164633e-01
-3.646751e-01
-1.484272e-01
1.918807e-01
1.321774e-02
2.265182e-01
2.849795e-02
7.906537e-01
5.161324e-01
1.849663e-01
3.827166e-01
-2.363353e-02
-2.997926e-01
-3.776531e-02
-4.875759e-02
-3.651393e-01
7.411846e-02
-8.555253e-02
-1.531690e-02
-1.929504e-01
1.835501e-01
7.744325e-02
-3.253251e-01
-2.228775e-01
-2.078872e-01
2.724580e-01
1.198055e-01
-1.394530e-02
7.698538e-02
2.280384e-02
-2.348815e-02
3.840042e-01
2.813711e-01
1.374262e-01
2.812547e-01
7.485616e-02
1.099621e-01
2.500082e-01
-3.923900e-02
-9.687883e-02
1.037361e-01
-7.998904e-02
-3.504400e-01
7.365620e-04
2.073018e-01
-3.772222e-02
2.086757e-02
2.723069e-01
-6.357571e-02
3.933898e-02
-3.672716e-02
-1.495517e-01
2.511963e-01
-5.499614e-01
2.441945e-01
-1.208411e-01
3.646154e-02
3.316364e-01
-3.124800e-01
-2.430055e-01
1.587757e-02
2.030919e-01
5.265338e-01
-1.919069e-02
1.120798e-01
3.461688e-01
2.593215e-01
2.202768e-01
4.119764e-01
8.184303e-02
2.149272e-02
-4.741229e-02
2.466093e-01
2.829742e-01
1.351836e-01
-2.008492e-01
3.125035e-02
-3.131989e-01
-1.829228e-03
1.997641e-01
-2.329667e-01
6.042982e-02
-2.080665e-01
1.781938e-01
9.402185e-02
-3.579939e-02
4.524682e-01
5.972742e-01
2.946413e-01
2.181262e-01
1.798498e-01
-3.377611e-01
3.236361e-01
1.270414e-01
-6.561766e-03
9.914961e-02
1.335098e-01
7.029325e-02
9.556409e-01
-3.682112e-01
-9.236396e-02
3.431667e-02
-3.471905e-01
-1.328788e-01
5.225748e-01
-3.737970e-01
8.272262e-02
2.356872e-01
7.366793e-02
2.747641e-02
1.900372e-01
-2.108052e-01
5.165507e-03
-5.413946e-02
-1.554726e-01
6.210738e-01
6.415012e-02
8.931108e-02
1.036460e-01
1.863282e-01
6.991359e-02
1.253925e-01
-1.069243e-01
-1.534955e-01
4.205810e-01
-1.331809e-01
-1.259202e-01
-7.813713e-02
-1.217350e-01
2.561396e-01
2.080823e-02
-2.096014e-01
1.601916e-01
-4.580366e-02
-2.623997e-01
6.177297e-03
-5.155014e-02
4.155081e-01
-3.868046e-01
-3.211277e-03
1.340666e-01
-3.716490e-01
6.798743e-02
1.606269e-01
8.529497e-02
6.523407e-02
1.427360e-01
-1.467646e-02
-4.738836e-02
-3.240419e-01
1.464729e-01
-2.203655e-02
1.850321e-01
1.663354e-01
7.668013e-02
4.041024e-01
1.553822e-02
6.313962e-02
-6.088400e-02
-2.122167e-01
1.116862e-01
-3.114391e-03
5.340735e-02
1.249709e-01
-1.050971e-01
-2.655057e-02
2.108372e-01
-6.293862e-02
-6.532446e-02
1.321997e-01
1.569938e-01
-1.885379e-01
3.333629e-01
-1.039008e-01
5.264985e-01
-1.573801e-01
2.170825e-01
1.677472e-02
-1.072101e-01
-1.423967e-02
6.027820e-02
-1.599454e-01
3.303112e-01
-1.579187e-01
3.496045e-01
1.153742e-01
1.387661e-01
2.895213e-01
8.101729e-02
-3.568050e-01
1.068016e-01
2.895288e-01
2.404089e-01
-2.354068e-02
-6.013031e-02
3.712841e-01
7.007647e-02
-1.311170e-02
-1.637053e-01
1.593590e-01
-4.568989e-02
7.156794e-02
2.456654e-02
-7.425971e-02
2.985981e-02
9.502114e-02
1.073137e-01
-5.602762e-02
-1.202872e-01
-1.075966e-01
5.701695e-02
-2.193753e-02
-1.148038e-01
-6.082243e-02
1.116927e-01
1.289383e-01
9.146147e-02
1.467242e-02
-3.339670e-02
-4.838725e-01
5.558714e-01
5.467517e-01
-2.668695e-01
1.180555e-01
5.167666e-02
2.171541e-01
1.593462e-02
1.187013e-01
2.260673e-01
-4.130327e-01
6.284461e-01
5.066692e-01
-1.637150e-01
-2.487489e-01
-3.279357e-03
1.467525e-01
1.491552e-01
-2.903783e-01
-4.605389e-02
1.380955e-01
2.754549e-01
1.177288e-01
2.107904e-02
-4.709263e-01
3.560617e-01
-3.224769e-01
-6.565600e-01
9.432749e-02
-1.616097e-02
-4.871611e-02
1.929146e-01
-1.338861e-01
-2.039321e-01
1.149287e-01
2.931554e-01
1.541392e-01
3.590391e-02
2.899277e-01
5.541264e-01
4.394761e-02
3.213298e-01
-1.952920e-01
-8.425833e-02
-2.560971e-01
2.397023e-01
2.457642e-01
1.341358e-01
-7.085229e-01
-1.152073e-02
1.197660e-01
-5.235881e-01
1.230970e-02
-1.751006e-01
-4.213105e-01
-1.667347e-01
3.378550e-02
-2.154314e-02
5.197429e-02
8.025186e-02
-8.518732e-02
1.994219e-02
3.746554e-02
-5.321649e-02
-1.346136e-02
8.221526e-02
-1.573178e-01
2.261818e-01
9.690637e-02
-2.384782e-01
2.261555e-03
9.718233e-02
-1.411466e-01
3.364774e-01
6.819637e-02
-3.316320e-01
2.956522e-01
5.678980e-01
3.083347e-01
2.326431e-01
-3.646297e-01
-4.996362e-01
1.483989e-01
2.170573e-01
4.667491e-01
-7.906481e-02
-5.882830e-02
-1.540189e-01
2.067057e-01
1.948903e-01
9.503434e-02
2.370511e-01
-1.647190e-01
-3.118219e-02
-8.767055e-03
5.834886e-02
1.039405e-01
1.383430e-01
4.211308e-01
-2.833010e-01
-1.849320e-01
2.508063e-01
-5.020896e-01
5.530733e-02
4.821763e-02
1.626698e-02
4.899376e-03
-3.570830e-02
-1.473365e-01
-9.532958e-02
-2.391848e-01
-2.635960e-01
-1.627491e-01
-3.276478e-01
-1.078271e-01
2.741645e-01
4.782330e-01
1.076348e-01
-1.784024e-01
3.530148e-02
-1.511502e-01
-1.302235e-01
3.179642e-01
-2.758808e-01
1.046620e-02
6.586850e-02
1.026358e-01
-1.164788e-03
-1.067898e-01
-7.802236e-02
-2.466568e-01
4.772702e-01
8.966241e-03
4.467713e-01
1.132897e-01
2.593247e-01
4.983436e-01
1.413799e-01
4.602923e-01
1.919760e-01
1.833097e-01
3.170264e-01
1.069451e-01
-6.611554e-03
-1.255156e-01
-2.996055e-01
-2.873548e-01
2.367543e-01
-3.387411e-01
1.593802e-01
1.825141e-01
1.002743e-01
7.358184e-02
4.767411e-01
3.222015e-01
2.115556e-01
1.688299e-03
1.586127e-02
1.190312e-01
5.610205e-03
8.374170e-02
8.391350e-02
-1.334955e-01
-3.063024e-01
-4.044672e-01
1.189964e-01
-7.592789e-02
3.579014e-01
-3.427365e-01
2.620653e-01
-1.640563e-04
3.888025e-02
-9.110025e-02
2.047122e-01
5.660378e-01
-7.026414e-02
-2.902373e-02
-7.949504e-02
3.562799e-01
3.685535e-01
-1.635760e-01
2.973095e-01
1.546248e-01
-2.622737e-01
1.015061e-01
-1.273088e-01
-1.886234e-01
8.548502e-02
1.874267e-01
-3.073164e-01
-5.996283e-02
-1.690710e-01
-1.438143e-02
3.744599e-01
1.061548e-01
-2.066160e-02
6.354894e-01
1.103862e-01
1.493867e-01
4.173521e-01
3.734132e-01
3.852676e-01
1.353326e-01
-9.149427e-02
-3.862987e-01
6.416463e-01
6.347600e-02
-4.290110e-02
2.982779e-01
3.105142e-01
1.867826e-01
1.167492e-01
1.369082e-01
3.272678e-01
4.628235e-02
-8.117498e-02
6.245877e-02
-1.857532e-01
-1.347360e-01
4.991504e-01
-9.287453e-02
-1.981315e-01
1.503180e-01
-1.583578e-01
1.683599e-01
3.189644e-01
1.398216e-01
3.747669e-01
-2.617346e-01
1.331758e-01
-2.075392e-01
-5.583581e-01
-9.048178e-02
-1.891760e-01
-6.286829e-01
3.831055e-02
-1.996602e-01
-2.849966e-01
-2.091744e-02
-4.137784e-01
-3.959137e-03
8.801022e-02
1.449603e-01
2.511685e-01
2.881830e-01
2.461060e-01
6.026818e-01
-3.366581e-01
-1.045009e-01
-4.351900e-02
2.651294e-01
2.077393e-02
1.694631e-01
1.437077e-02
2.860343e-01
5.805504e-02
2.699235e-01
9.062370e-02
1.579103e-01
2.151279e-01
1.905722e-01
-8.079980e-02
1.393214e-02
4.267946e-02
-7.017294e-02
2.461205e-01
5.131553e-02
4.145586e-01
-1.629271e-01
4.333878e-02
8.677788e-01
-1.504859e-01
-4.953485e-01
7.064792e-02
-3.927536e-01
4.844730e-02
5.890933e-02
-4.401019e-01
-2.904622e-02
-1.271506e-01
-2.925314e-01
-3.317609e-01
-1.410561e-01
2.268276e-01
1.969212e-01
7.309899e-02
4.382961e-01
3.666215e-02
2.318517e-01
6.704603e-02
9.419779e-02
-4.936015e-01
1.266592e-01
5.709779e-02
6.110479e-01
-6.525364e-03
1.345730e-01
3.402056e-01
1.005696e-01
-5.004037e-01
3.313846e-01
-3.058216e-01
-1.009481e-01
-1.392904e-01
-3.620804e-02
-8.577243e-02
4.876575e-01
-8.073547e-02
2.182451e-01
-2.018695e-01
2.164950e-01
2.623867e-01
-8.585358e-02
5.528092e-01
1.599497e-01
2.200217e-01
2.609867e-01
1.448843e-01
-8.746703e-02
2.276209e-01
1.788141e-02
1.712002e-01
2.856929e-02
1.757369e-01
-3.559054e-01
1.022440e-02
3.565772e-01
1.291476e-01
1.316601e-01
9.493750e-02
9.239950e-02
4.768255e-01
2.365300e-02
3.622609e-02
-9.615628e-02
-3.822811e-02
-2.380911e-01
3.205584e-01
3.648428e-01
-1.758908e-01
6.010585e-01
3.075652e-01
-4.011244e-01
2.024222e-01
4.324666e-01
-4.056124e-01
1.040638e-01
-5.198987e-02
-2.520850e-02
3.870520e-02
1.038911e-01
-4.599411e-01
1.610189e-01
2.858308e-01
4.606209e-01
-1.501020e-02
-4.495029e-01
-3.107465e-01
3.202982e-01
-1.220885e-01
4.419303e-01
1.532950e-01
4.880700e-01
-1.729306e-01
2.709978e-01
1.969098e-01
-3.656235e-01
3.717010e-01
8.570410e-02
-2.565141e-01
4.525723e-01
2.031220e-01
1.951292e-01
4.210021e-01
1.430889e-01
6.477398e-01
2.921528e-01
9.518730e-02
-6.113734e-02
-3.200147e-01
-2.286881e-01
-4.642621e-01
1.411401e-01
1.403679e-01
-7.594320e-02
2.126835e-01
1.658296e-01
4.214076e-01
5.812446e-02
-7.613254e-02
1.890783e-01
3.174538e-01
5.984221e-02
-2.370601e-01
1.624789e-01
1.486353e-01
-3.507027e-01
-7.190953e-02
4.114467e-02
-4.587458e-01
3.922188e-01
3.630529e-01
7.879960e-01
-1.984913e-01
-1.745663e-01
-4.212346e-02
2.584984e-01
-6.537184e-02
-1.833002e-02
7.108402e-02
1.153914e-01
-6.291236e-03
-3.236194e-02
5.315411e-02
3.184685e-01
1.222312e-02
1.952642e-01
3.635540e-01
4.609130e-01
5.886276e-01
6.570007e-01
6.724371e-01
1.099629e-01
1.632051e-01
3.586743e-01
3.808377e-01
8.905940e-03
2.611269e-01
1.628985e-01
-1.882230e-01
-4.606520e-02
2.347803e-01
5.544292e-03
-3.031172e-01
-1.120012e-01
-1.894598e-01
-2.721952e-02
3.877324e-01
3.628333e-01
-1.580732e-01
1.919408e-01
4.088556e-01
7.371544e-02
3.780025e-01
7.699578e-02
-6.222206e-02
1.572928e-01
-2.023955e-01
2.681256e-02
4.053147e-03
4.801706e-01
3.827526e-01
3.389514e-01
2.902098e-01
3.931961e-01
8.034210e-01
9.821736e-01
6.271987e-01
8.775911e-02
5.229490e-01
-5.574861e-01
1.299602e-02
-1.886696e-01
2.289409e-02
8.465573e-02
-4.281640e-01
4.483260e-02
3.697723e-01
2.263995e-01
1.394239e-01
-1.877840e-01
-2.996916e-01
2.228483e-01
2.303962e-01
1.620312e-01
3.038757e-01
1.979694e-01
2.691708e-01
7.783709e-02
2.005419e-01
-5.989295e-01
4.199292e-01
-1.579410e-01
-8.196048e-02
4.969799e-01
4.088016e-01
-1.005946e-01
-2.581520e-03
5.081500e-01
3.424141e-01
-9.505141e-02
6.854995e-02
-1.172464e-01
2.942570e-01
-6.136040e-02
-1.759391e-01
7.088889e-02
-2.590774e-01
-2.307410e-01
-7.829969e-02
3.816612e-01
-5.047460e-02
2.279588e-02
-1.892932e-01
8.921741e-02
-1.847030e-01
-1.066339e-01
6.225680e-02
-9.643094e-02
2.424450e-01
1.488950e-01
6.234787e-03
2.529975e-01
7.379922e-02
2.781423e-01
4.218556e-01
-3.418648e-02
1.167668e-01
-2.094772e-01
-3.872025e-02
2.763814e-02
-3.431249e-02
-4.266087e-01
2.471269e-01
-2.083793e-01
-6.802082e-02
2.364043e-01
4.708916e-02
-1.289224e-01
4.877732e-04
8.062797e-02
5.529258e-01
-1.376042e-01
1.756060e-01
1.331382e-01
2.120815e-02
-2.561304e-01
-1.103288e-01
-8.467433e-02
2.203859e-01
2.677498e-01
-1.894527e-01
5.459025e-01
9.456706e-02
-2.949886e-01
2.495849e-01
-5.156389e-02
1.240963e-01
-7.425701e-02
-1.372863e-01
-1.451200e-01
-5.745116e-02
-3.143322e-02
3.982705e-02
-4.879860e-01
-2.243646e-01
1.902610e-01
-8.047724e-02
3.299886e-01
-1.174436e-01
-4.877473e-02
-1.295606e-01
4.700532e-02
-3.278673e-01
9.344355e-02
-4.575259e-01
-5.586679e-02
-1.019232e-01
3.191982e-03
-3.344845e-01
-9.716760e-02
-2.013916e-01
1.459518e-01
2.875828e-01
5.116932e-01
5.378664e-01
7.828287e-02
-5.346714e-02
1.119648e-01
1.030200e-01
-1.761845e-01
2.933038e-01
1.787741e-01
5.935678e-02
2.152599e-01
2.623403e-01
-1.224825e-01
-1.344957e-01
-8.240610e-03
2.970831e-03
5.011876e-02
-2.179566e-02
-1.941991e-02
2.162509e-01
3.967519e-01
-1.117118e-01
-6.680781e-02
-4.288700e-02
-8.976126e-02
-1.130788e-01
-2.476302e-01
5.976617e-01
2.804482e-01
2.879741e-01
3.439403e-01
-9.859369e-02
1.205066e-02
-1.412699e-02
1.629060e-01
-1.082045e-01
-9.601448e-02
1.340905e-01
-2.063895e-01
1.717779e-01
3.827676e-01
3.196350e-02
1.365405e-01
4.334988e-01
6.615647e-02
4.518131e-01
1.445093e-01
6.005871e-02
1.933964e-01
2.783066e-01
-1.349920e-01
4.029718e-01
3.791487e-01
-3.800473e-02
3.540303e-01
3.313137e-01
-5.490527e-01
2.896300e-01
3.647031e-01
-6.562138e-02
-2.229557e-02
-3.379440e-01
-3.318542e-01
1.456321e-02
1.764058e-01
-1.738184e-01
1.113758e-01
3.240753e-01
-1.354721e-01
-1.727981e-01
-5.737653e-01
-2.557027e-01
2.549609e-01
1.834840e-01
5.657132e-02
-1.059766e-01
2.429233e-01
-9.535280e-02
2.035037e-01
-1.607172e-01
-1.009039e-01
3.524251e-01
-2.581340e-01
-8.724465e-02
3.979245e-03
-1.012533e-01
1.290520e-01
1.096058e-01
3.231288e-01
6.795879e-02
3.412850e-02
-2.464260e-01
-2.637704e-01
2.426826e-01
-3.140245e-01
3.310648e-02
-3.298548e-02
4.232717e-01
2.789388e-01
2.505483e-01
1.677384e-01
2.354732e-01
-1.671438e-01
-2.370201e-01
-5.739706e-02
3.280414e-02
4.473458e-02
-5.928414e-02
3.900424e-01
1.346767e-01
-4.932486e-01
3.244428e-02
-4.208975e-01
-8.289020e-02
2.247026e-01
6.759352e-01
2.038680e-01
-3.737697e-01
4.086864e-02
-3.881000e-01
-1.815900e-01
2.761353e-01
9.018885e-02
-4.467135e-01
4.882851e-01
2.811860e-01
7.599135e-02
1.191422e-01
1.707302e-01
-2.935743e-01
7.044706e-03
-2.931778e-01
3.860922e-01
3.984509e-01
5.207345e-01
5.225985e-01
2.113133e-01
7.757692e-01
2.671211e-01
2.787812e-01
2.391059e-01
1.738140e-01
1.902460e-01
-1.418453e-01
-1.246668e-02
1.255285e-01
1.684616e-01
-2.906473e-01
8.477619e-02
2.959286e-02
-1.738259e-01
9.819077e-01
4.171003e-01
6.719947e-02
5.527253e-01
2.599935e-01
1.524926e-01
3.794839e-01
2.213596e-01
3.106171e-02
-1.230450e-01
-1.705611e-01
4.808854e-01
-3.119184e-02
3.936106e-01
-7.995663e-02
4.559319e-01
1.129579e-01
5.074293e-01
3.626496e-01
3.307922e-01
-9.735949e-02
2.896776e-01
4.583999e-01
-1.281320e-01
-2.925845e-01
-3.358786e-01
-2.925417e-02
3.468284e-01
1.024914e-01
1.892709e-01
3.643824e-01
1.737711e-01
2.795013e-01
-1.714072e-01
-4.275668e-02
-7.889017e-02
5.361427e-01
1.034722e-01
2.670981e-01
2.437666e-01
-4.327237e-01
-8.556513e-02
-1.137371e-01
2.113555e-02
-9.507005e-01
1.849890e-02
-6.890685e-01
2.113231e-02
-2.290558e-02
2.506807e-02
-2.157425e-01
-9.357087e-02
2.546771e-02
-4.067489e-02
1.880251e-01
2.091756e-02
-5.805620e-02
-5.495116e-02
-2.281040e-02
1.015631e-01
2.917300e-02
6.562067e-02
-1.596633e-01
-2.688345e-02
1.696790e-01
-3.802379e-02
-8.666564e-02
-1.204953e-01
-1.445854e-02
-2.036416e-01
-6.622673e-02
1.031515e-01
5.789413e-02
-9.069416e-02
-3.399336e-02
-1.083136e-01
-1.402912e-01
-6.753558e-02
-1.810824e-01
-3.582198e-02
1.388509e-02
1.045645e-01
1.781967e-02
4.910960e-02
-3.682389e-02
-1.445868e-01
1.381291e-01
-1.245610e-01
2.002996e-02
-1.074603e-01
4.113332e-01
2.694306e-01
-9.366684e-02
-3.203971e-02
-5.287262e-02
2.806054e-01
-1.504373e-01
2.088723e-01
-8.814040e-02
1.834265e-01
-9.695652e-02
-9.903337e-02
-1.686892e-02
-1.182569e-01
-8.836988e-02
-1.307854e-01
-1.270199e-03
2.060837e-01
-1.058935e-01
-1.760440e-01
5.577596e-03
5.502115e-02
-9.049031e-02
1.161344e-01
-1.652467e-01
9.183835e-02
2.390393e-02
-7.698108e-02
-7.452220e-02
-1.358413e-01
-3.867118e-02
4.123131e-02
8.063166e-02
-1.062779e-01
-5.003752e-02
2.576713e-03
1.312319e-01
-9.471942e-02
4.843648e-04
-2.707015e-02
1.771219e-02
1.158177e-01
-1.957540e-01
-6.102453e-02
-8.577953e-02
-1.327479e-01
-5.615567e-01
-1.276020e-02
-5.525634e-02
-2.178337e-02
1.149491e-01
-5.715965e-02
2.009338e-01
-1.006554e-01
-1.040973e-01
-7.821170e-02
-5.051829e-02
4.471163e-02
-3.562367e-02
2.584545e-01
-3.347924e-02
1.855169e-01
-2.159486e-01
-8.573699e-02
-4.392523e-01
-4.243821e-02
-1.016744e-01
-3.357017e-02
2.237040e-01
9.366498e-03
-2.178071e-01
-3.080991e-03
2.221105e-01
1.058988e-01
-6.187562e-02
-1.434234e-03
-6.311683e-02
-7.650409e-02
-6.418960e-02
-1.307860e-01
3.226770e-02
-3.440730e-02
1.580086e-02
-1.041558e-01
5.636234e-03
-1.038600e-01
7.054215e-03
-5.653739e-02
-2.068138e-01
-5.578726e-02
-1.629794e-01
-3.583429e-02
8.248330e-03
-4.250527e-02
-5.973936e-02
2.878109e-01
-4.929148e-02
2.706094e-01
4.674404e-02
4.225732e-02
-1.067370e-01
-2.585189e-02
-1.893646e-02
-1.046764e-01
-1.469563e-01
-6.876885e-02
1.296221e-01
8.670671e-02
1.138207e-01
2.988552e-01
6.968388e-02
-2.010940e-02
-3.010399e-02
5.449291e-02
2.665747e-03
5.530709e-02
9.924825e-02
1.084423e-01
-4.038823e-02
3.978253e-02
1.444987e-02
3.857132e-02
-3.729802e-01
-1.424530e-01
3.157508e-02
-9.132670e-02
1.112135e-01
1.011066e-02
1.239643e-02
1.066352e-01
7.204638e-02
5.573750e-01
-3.357745e-02
3.781851e-01
-2.468905e-02
-2.835416e-01
1.303341e-02
-5.793146e-02
-9.509315e-02
3.901403e-02
2.628599e-01
-1.661210e-02
2.139695e-01
-1.768125e-02
-5.598741e-02
-3.284603e-01
1.596235e-03
6.923583e-02
3.067547e-02
-3.291925e-01
-1.097690e-01
8.495775e-02
-8.525997e-02
1.196479e-01
-1.541387e-02
-7.782316e-02
1.072162e-02
2.637773e-02
1.609453e-01
-2.169769e-01
9.047636e-04
6.395798e-02
-4.538246e-01
-4.388464e-01
6.627327e-02
-1.298070e-01
-6.633468e-03
-3.795111e-02
-2.599702e-02
1.069693e-01
-2.284744e-01
-1.951909e-01
-1.332649e-01
4.561321e-02
-3.536577e-02
6.894629e-02
-1.774087e-01
-1.271419e-01
-1.256579e-01
-1.251751e-01
-1.391002e-02
-9.298893e-02
-5.817571e-02
-6.516199e-02
1.069749e-01
-3.791774e-01
2.726599e-02
-1.532470e-01
-1.220494e-01
2.057039e-01
-1.710938e-01
-8.728609e-02
-1.122711e-01
-5.314004e-02
-1.348792e-01
-1.554250e-01
-9.277244e-02
-3.261410e-02
1.147125e-02
-3.048123e-01
9.051168e-02
8.842529e-02
5.278641e-02
-3.066181e-01
-3.309404e-02
-4.648396e-01
1.145540e-01
7.870971e-02
-4.902596e-01
-4.803102e-02
-7.694700e-02
-1.352342e-02
2.972481e-02
-3.656388e-02
-6.511807e-02
-7.045186e-01
-3.146006e-02
2.572450e-01
-8.156969e-02
-3.986533e-02
7.414778e-02
3.705384e-01
5.881771e-03
1.260907e-01
2.893491e-01
-4.856157e-02
-3.850065e-01
3.417271e-02
-6.002773e-03
2.759954e-02
-5.582810e-02
-1.167798e-02
1.024334e-01
-1.688677e-02
-1.449232e-01
-1.398511e-02
-7.438114e-02
-2.100812e-02
-1.412895e-01
-2.139441e-01
6.482435e-03
6.237411e-02
2.269870e-01
1.957487e-01
-2.141152e-02
8.020343e-02
3.641728e-02
9.586521e-02
2.166533e-01
1.090156e-01
-1.281325e-01
5.161468e-02
1.126540e-01
-2.171050e-01
4.894851e-01
1.268002e-01
5.250912e-02
6.693246e-02
-8.661698e-02
1.286452e-01
2.872818e-01
4.508449e-01
1.275435e-01
6.921701e-02
6.503400e-02
-3.332618e-01
-3.333503e-01
-2.814860e-01
2.271865e-01
-3.074988e-01
-2.052809e-02
5.438997e-02
2.585732e-01
-7.950616e-03
-6.014890e-02
2.838142e-01
3.799248e-02
-6.464231e-02
2.266705e-01
-2.961779e-01
-2.632957e-01
1.341421e-01
-1.313316e-01
-5.880858e-01
6.152198e-02
-3.282859e-01
-1.243595e-01
1.421880e-01
-8.149023e-02
-1.568128e-01
5.056700e-01
1.767476e-01
1.698418e-01
1.404270e-02
4.016668e-02
2.608876e-01
-2.776631e-01
-5.087759e-01
1.684993e-01
-1.458292e-01
-3.281430e-01
-3.299779e-01
-5.868631e-02
-9.529880e-02
8.628768e-02
1.486761e-01
5.348758e-01
8.835189e-02
4.040366e-01
2.747868e-01
1.312680e-01
-1.660031e-02
-2.893184e-02
1.263580e-02
-5.424687e-03
4.182509e-02
-4.869748e-02
-6.268732e-02
-2.802247e-01
-6.214460e-02
-3.776830e-01
-1.383054e-01
7.464138e-02
-1.870013e-02
-3.119648e-01
-1.503873e-01
-6.592683e-01
-4.125242e-01
-4.113066e-01
-1.925170e-01
-4.242660e-01
-9.791406e-02
2.599351e-01
5.604787e-01
2.300367e-01
1.259345e-01
5.439725e-01
-1.644037e-01
1.306022e-01
-1.730220e-03
-1.200291e-01
3.285437e-01
2.384149e-02
4.048168e-02
3.534781e-01
-2.737572e-01
-1.724295e-01
-3.654678e-01
5.464553e-02
-5.291806e-02
-6.306556e-01
1.005615e-01
-3.153362e-01
3.987390e-01
4.856949e-01
3.849126e-01
-1.686574e-01
-5.492779e-02
-2.320658e-02
1.301382e-01
2.044302e-01
-6.925043e-02
2.566840e-01
1.034186e-01
2.410630e-02
2.956007e-01
-8.713704e-02
-1.173852e-01
3.604368e-02
3.309094e-01
8.649700e-02
3.624693e-01
8.558576e-02
1.283716e-01
-4.790619e-01
5.275079e-02
-2.006625e-01
1.480968e-01
4.414320e-01
7.626208e-02
3.251185e-02
-6.951603e-02
-5.645282e-02
8.737794e-02
-5.744434e-02
-2.901415e-02
1.989370e-01
1.629058e-01
2.311684e-01
2.431560e-01
2.086770e-01
-3.113691e-01
6.231211e-02
-7.787527e-02
-1.567536e-01
-6.450328e-02
-6.119998e-01
7.275369e-03
1.654919e-02
-2.782159e-01
-3.888708e-01
9.893297e-02
-1.117836e-01
2.360645e-01
-3.224484e-01
7.435222e-02
-1.808674e-01
4.879483e-01
5.321462e-01
6.700769e-01
-5.668820e-02
-1.744501e-01
9.806405e-02
4.653012e-01
-6.389297e-01
-5.238026e-01
7.303832e-01
2.987056e-01
-6.843417e-01
1.109351e-01
-2.758237e-01
9.514920e-02
1.510698e-02
6.224020e-01
2.122115e-01
1.937981e-01
2.924589e-01
2.896151e-01
-1.333942e-01
-1.139983e-01
-2.539970e-01
4.171226e-02
5.376655e-01
1.060178e-02
3.432717e-01
-7.438831e-02
1.345470e-01
-1.498608e-01
-3.156522e-01
1.055381e-01
1.554639e-01
3.846550e-01
-4.207446e-02
-4.198832e-02
-2.192087e-02
-2.233205e-01
7.929550e-02
-1.607524e-01
-1.492794e-01
2.434392e-01
7.764836e-01
2.241336e-01
-1.512311e-02
-2.554239e-01
-2.993162e-01
1.714395e-01
-1.457981e-01
1.249772e-01
2.930404e-01
5.475038e-01
-1.093761e-02
-3.178945e-01
2.034296e-01
-1.088517e-01
-5.198599e-01
-1.093890e-01
9.370592e-03
4.487891e-01
2.949370e-01
3.847103e-01
1.795515e-01
2.070308e-01
-1.378646e-01
2.745675e-01
1.288083e-01
3.028446e-01
1.670012e-01
2.423949e-01
-1.173121e-01
3.493429e-01
5.160464e-02
-5.492818e-01
-2.179406e-01
-1.177653e-01
2.833561e-03
3.283238e-01
2.253570e-01
-9.137553e-03
1.608370e-01
6.051788e-01
-1.962736e-01
-1.370677e-01
1.425757e-01
4.676769e-02
-1.317944e-02
3.542833e-01
-1.407398e-01
3.165245e-01
5.173426e-01
3.489618e-01
5.663679e-02
4.173620e-02
1.927902e-01
6.805599e-01
2.608217e-01
8.818083e-01
7.812196e-02
8.002576e-01
-1.108720e-01
-2.937317e-01
1.103641e-01
-2.956450e-01
-4.789977e-02
7.661843e-01
7.987955e-03
3.533256e-01
5.617973e-01
2.793911e-02
1.957536e-01
2.670793e-02
-1.988613e-01
3.277938e-02
5.602998e-01
6.314736e-03
3.135087e-01
-1.510385e-02
1.579481e-01
7.920238e-02
-1.245474e-01
-2.565195e-01
4.694629e-01
-2.687388e-02
1.508900e-02
2.569005e-01
2.616757e-01
1.523081e-01
2.354114e-01
1.206473e-01
1.955164e-01
7.331499e-02
9.020241e-02
1.888632e-01
4.093888e-01
2.599654e-01
1.018652e-01
2.370530e-01
5.166211e-02
1.621932e-02
3.455190e-01
-2.526266e-01
-4.134628e-03
-1.615005e-01
3.618165e-01
-1.996817e-01
-1.860494e-01
1.848923e-01
-1.599013e-01
-6.261514e-02
2.091485e-01
-1.418446e-02
5.486477e-01
2.434676e-01
-2.117267e-02
2.055354e-01
-3.404043e-01
1.039963e-01
1.196510e-01
-2.917221e-01
1.845094e-01
8.940434e-02
-3.338833e-01
9.137241e-02
1.458156e-01
-1.425123e-01
2.490000e-02
-2.033067e-01
2.393035e-01
-1.488301e-01
1.733458e-01
5.748363e-01
7.211571e-02
-1.846751e-01
3.060830e-01
-2.320679e-02
-4.671888e-02
-2.115955e-01
2.237630e-01
-5.787460e-01
1.019037e-01
-8.737442e-02
1.677266e-03
-8.892496e-03
-5.346641e-02
-4.459526e-02
-1.235412e-01
-4.353159e-02
2.679086e-01
4.704963e-02
7.930192e-02
-1.512281e-01
9.242775e-02
1.278142e-01
-1.498358e-01
3.335183e-01
3.001439e-02
-2.269042e-01
2.739970e-01
1.152159e-01
-2.011174e-01
3.493687e-01
1.731801e-01
-1.136806e-01
2.564740e-01
-8.225817e-03
-2.117971e-01
3.566907e-02
-1.403913e-03
-2.881901e-02
7.271554e-02
-2.941254e-02
-1.359818e-02
4.005481e-01
7.313357e-02
4.434499e-01
5.399329e-01
1.382373e-02
2.902423e-01
-2.636175e-01
-1.690695e-01
-1.027518e-01
2.872904e-01
1.813480e-01
5.460994e-02
5.746815e-01
8.975261e-02
-5.089761e-02
7.156567e-01
1.577057e-01
-2.885852e-01
-2.518332e-01
-2.165806e-01
2.114704e-01
-2.543779e-02
4.115529e-03
-2.986150e-02
-1.639377e-01
-1.435755e-01
4.450715e-01
1.011908e-01
2.140851e-01
5.703488e-01
-1.215003e-02
1.396137e-01
8.273170e-02
3.497143e-02
6.393588e-02
-1.024766e-01
4.321172e-02
8.954980e-03
2.453517e-01
1.958420e-01
-2.781864e-01
3.524812e-01
6.130818e-01
3.497512e-01
2.838491e-02
1.924210e-01
-1.440067e-01
-4.115232e-01
6.337832e-01
-8.400803e-02
2.304241e-01
-3.601330e-01
-1.056629e-02
2.117213e-01
2.140779e-01
-9.327935e-02
2.792996e-01
-5.295892e-02
-1.885438e-01
7.138391e-01
2.511836e-02
-1.881455e-01
-2.320852e-01
4.354021e-02
-9.287407e-02
1.379121e-01
-1.427208e-01
6.565307e-02
1.938796e-01
-2.609033e-02
-2.689815e-01
-2.328191e-01
-1.527586e-01
-1.408494e-01
-2.430128e-01
2.963385e-01
4.171790e-02
3.618176e-01
-2.206170e-01
-8.715663e-02
2.025432e-01
4.511876e-01
1.926620e-01
3.241672e-02
-2.830655e-01
-6.623024e-02
-3.438756e-02
3.915467e-01
1.406579e-01
-1.216736e-01
2.316046e-01
-4.617832e-02
2.754024e-03
3.153765e-01
1.236774e-02
1.579236e-01
-3.383847e-01
1.802758e-01
2.315261e-02
-5.263633e-02
1.665881e-01
4.097081e-02
3.722107e-03
1.788238e-01
-1.425828e-01
2.768157e-01
-1.664153e-01
1.394128e-01
1.198121e-02
2.077074e-01
1.778326e-01
-1.452258e-01
1.814565e-01
-2.763456e-01
-1.416032e-01
-1.307812e-01
5.680035e-02
-4.366930e-02
-3.055722e-01
6.331445e-01
-5.978911e-02
-2.627009e-01
-2.434419e-01
-1.357136e-01
2.581378e-02
1.367393e-01
1.843437e-01
1.151946e-02
2.470480e-01
7.115254e-01
6.259948e-02
3.442626e-02
-6.960581e-02
-4.004082e-02
4.627562e-01
3.311059e-01
1.791251e-01
2.033151e-01
3.078622e-01
2.546949e-01
3.298507e-01
2.686041e-01
-5.788160e-02
6.251779e-02
-7.198750e-03
8.687925e-02
3.041772e-02
-1.382327e-01
8.283471e-02
-3.777171e-01
-1.278558e-01
1.896216e-01
-9.800746e-02
4.298873e-01
-2.668424e-02
3.591478e-01
2.909656e-01
2.708217e-01
4.426676e-01
3.300326e-01
1.544247e-01
2.338241e-01
4.136550e-02
2.186916e-02
3.971076e-02
6.151576e-01
1.518562e-01
2.035111e-01
2.075901e-01
2.174550e-01
3.948758e-02
4.041230e-01
6.268361e-02
2.409061e-01
4.162979e-01
-1.627030e-01
3.731865e-02
6.226520e-02
1.754887e-01
1.370010e-01
1.136974e-01
6.047173e-02
3.289446e-01
1.689919e-01
-2.107690e-01
3.102328e-02
1.455747e-02
-2.154907e-01
-4.651866e-02
6.054576e-02
-3.845385e-02
2.794005e-01
1.585087e-02
-1.172206e-01
-7.806767e-02
-1.809563e-01
1.596046e-02
3.040793e-01
5.163160e-01
-2.797189e-02
7.566472e-02
3.418106e-01
2.722004e-01
9.243830e-02
2.719002e-01
4.733845e-01
-2.049189e-01
-9.714024e-02
-1.787288e-01
1.796706e-01
9.296457e-02
-7.539952e-03
1.650334e-01
3.888096e-01
-2.721309e-02
5.723307e-02
2.918807e-01
-2.194350e-01
7.462375e-02
2.650407e-01
1.094828e-02
-1.470593e-01
-2.566962e-01
5.120964e-02
-2.100718e-01
-3.714381e-01
8.938013e-02
1.532010e-01
1.845248e-01
6.229464e-02
1.226874e-02
-2.696922e-01
1.074699e-01
3.617452e-02
-4.068805e-02
3.525141e-03
1.593437e-01
-2.746644e-01
-6.084499e-02
1.534665e-01
-4.084666e-02
-7.815775e-02
1.812405e-02
-6.248184e-01
-1.383142e-01
1.045349e-01
2.925519e-01
8.940826e-02
2.391041e-01
8.950678e-02
-1.234075e-01
-1.103078e-02
1.115950e-01
-2.159459e-01
-4.221485e-01
1.910148e-01
-6.571664e-02
7.863832e-02
-3.754811e-02
-7.691862e-02
1.476192e-01
3.140892e-01
-1.211738e-01
-9.123001e-02
-1.255014e-01
1.993804e-01
-1.532305e-01
-5.067224e-02
4.718226e-03
3.254455e-01
5.190287e-02
2.937490e-01
-1.392599e-01
2.657052e-01
2.602837e-01
-2.014090e-01
-1.082965e-01
1.843071e-01
-2.388231e-01
-6.711221e-02
9.595601e-02
-5.201787e-02
-7.478747e-02
3.760522e-02
-1.317727e-01
8.463936e-02
7.403033e-02
1.524825e-01
1.738064e-01
-2.952628e-01
9.805243e-02
4.965935e-01
6.409718e-01
-1.067667e-01
1.760540e-01
-9.218163e-02
2.025399e-01
5.418095e-01
3.285656e-01
-2.205991e-01
4.470494e-01
4.105839e-02
-9.777566e-02
1.307181e-01
3.005370e-01
-5.622688e-02
-2.823633e-01
3.611304e-01
4.525992e-04
3.552012e-01
9.883974e-02
2.165757e-01
-2.138228e-01
-9.703132e-02
2.572934e-01
2.874777e-01
-2.267538e-01
4.960745e-01
2.540599e-01
2.578870e-02
1.582582e-01
-2.765488e-01
-4.335432e-02
-5.207673e-02
-8.130521e-02
-3.080272e-01
-7.065157e-02
3.866565e-01
3.199974e-02
1.702820e-01
2.710930e-01
2.277042e-01
-6.070463e-02
6.946964e-02
-8.991030e-02
-7.332228e-02
6.083165e-02
2.147975e-01
-8.921120e-02
9.141776e-02
-3.023803e-01
3.568439e-01
2.057223e-01
-5.010414e-02
3.779557e-02
2.302455e-01
1.412741e-02
1.526324e-01
2.119170e-01
-4.583639e-01
1.196291e-01
1.119819e-01
-2.195016e-01
5.499792e-02
-1.021598e-01
2.874514e-01
1.373947e-01
1.831513e-01
4.814378e-03
1.336561e-02
-4.978230e-01
7.013782e-02
-1.493448e-01
3.579797e-01
1.737230e-01
2.600059e-01
-2.822728e-02
1.445587e-01
2.336136e-01
2.791196e-01
1.222822e-01
1.015419e-01
-1.541855e-01
-1.709023e-01
3.073815e-01
3.527148e-01
5.196415e-02
2.613235e-01
1.256138e-01
-1.044543e-02
-1.936716e-01
7.662664e-02
-1.204509e-02
-2.300715e-01
-1.455177e-01
5.765303e-02
1.936478e-01
5.820910e-02
1.897801e-02
4.237323e-03
3.025080e-01
-3.713481e-01
2.277852e-01
3.991161e-01
-8.022252e-02
2.400977e-01
3.022816e-01
-6.340213e-02
1.436786e-01
1.355940e-01
-7.977884e-02
-2.466281e-02
-9.511432e-02
-1.097182e-01
2.587282e-01
1.001144e-01
2.867940e-01
1.007460e-01
2.675363e-01
-1.760187e-01
-1.142226e-02
-3.581946e-01
-6.472188e-02
5.885823e-02
6.494183e-01
1.772212e-01
-6.377357e-02
1.361923e-01
5.701954e-01
-1.895856e-02
4.264210e-02
1.249334e-01
3.828566e-01
1.038074e+00
3.588310e-01
4.842717e-01
3.922065e-01
3.786439e-01
1.434418e-01
1.579815e-02
1.445779e-02
1.790318e-01
-1.853605e-01
-1.723457e-01
1.291510e-01
9.818634e-02
9.228764e-02
-3.628518e-01
-1.446685e-01
-1.206208e-01
1.216640e-01
5.717111e-01
-1.223202e-01
7.199506e-02
3.280424e-01
2.928827e-01
1.710922e-01
7.039018e-01
1.228278e-01
3.678506e-02
1.001468e-01
3.515244e-01
2.241291e-01
-4.944273e-02
6.175552e-02
3.191302e-02
2.694008e-02
1.765467e-01
4.232542e-01
2.609072e-01
1.275018e-01
4.873407e-01
4.801714e-01
-1.816703e-01
-4.221709e-01
-6.961899e-01
4.201205e-01
-3.739035e-02
2.296110e-01
4.322590e-01
1.512213e-02
3.946003e-02
3.266492e-01
2.451149e-01
3.878795e-01
1.195772e-01
2.493287e-01
1.355128e-01
-2.570547e-01
-8.037239e-02
2.196074e-01
-4.857015e-02
-1.210677e-01
-1.847731e-01
-1.332365e-01
-1.053541e-02
5.675897e-02
9.232032e-02
3.810839e-01
1.607060e-01
2.667114e-01
2.695598e-01
4.959868e-02
4.617923e-01
1.585377e-01
-4.328085e-02
-2.224269e-01
1.240386e-01
1.569769e-01
-1.631147e-01
1.521612e-01
1.995845e-01
-1.918513e-01
1.219676e-01
6.791784e-02
2.032159e-02
2.118586e-01
2.562518e-01
8.891424e-02
-1.987691e-01
5.565200e-02
3.257695e-01
-1.613678e-01
1.201342e-02
4.466672e-01
3.057943e-02
1.333197e-01
1.229117e-01
1.715293e-01
-7.231378e-02
-1.735100e-01
1.889095e-01
-1.150197e-01
-2.584118e-01
-3.178528e-04
-2.114233e-01
-4.675012e-02
1.862114e-01
-1.363684e-01
-3.047833e-01
1.264373e-01
1.503686e-01
2.842778e-02
2.577428e-01
-1.829908e-02
5.174002e-02
2.517716e-02
8.576430e-02
3.073754e-01
-4.025941e-01
1.534139e-01
-2.504882e-01
-8.363973e-02
2.455203e-01
8.945620e-02
-3.266042e-01
2.274164e-02
1.909592e-01
1.429058e-01
1.942847e-01
1.650335e-01
9.624272e-02
7.656399e-02
2.205218e-01
-2.058464e-01
1.904673e-01
1.056038e-01
-2.983128e-02
1.166410e-02
3.268849e-01
-9.707779e-02
-6.711007e-02
5.130747e-03
-6.501903e-02
-1.080546e-01
2.233912e-01
-1.594365e-01
6.679375e-02
1.064042e-01
-6.622546e-02
-1.330896e-01
-1.145116e-01
-2.298880e-01
-5.773440e-02
-1.749012e-01
1.324176e-01
-3.108946e-01
2.477474e-01
3.119100e-01
3.327286e-01
1.030472e-01
2.698789e-01
4.532506e-01
-2.175198e-01
3.187821e-01
5.677137e-02
2.846746e-01
1.136638e-01
1.892033e-01
1.709301e-01
1.051190e-01
2.223838e-01
3.231481e-01
-2.170493e-01
1.693642e-01
-1.245429e-01
1.793025e-01
1.503026e-01
2.425183e-01
1.645095e-02
2.120669e-01
-1.763691e-01
-4.528417e-02
7.754190e-02
-1.595647e-02
2.821915e-01
1.036893e-01
7.185812e-02
-2.813115e-01
3.314028e-01
-5.258941e-02
2.340777e-01
-6.294359e-02
4.599061e-02
2.651846e-01
7.862234e-02
4.536470e-01
2.719996e-01
4.805436e-02
7.368751e-02
-1.465061e-01
1.366663e-01
1.015214e-01
2.239462e-01
1.196626e-01
1.371428e-02
-4.059857e-03
4.352524e-02
-1.274587e-01
-5.626710e-02
8.477772e-02
1.119254e-01
1.706433e-01
2.279039e-01
6.553393e-02
2.826878e-01
1.336893e-01
-3.642828e-01
5.995732e-02
3.468758e-01
-2.281327e-01
6.153988e-03
1.056025e-01
3.522976e-01
3.289361e-02
3.735906e-03
2.995667e-01
-5.408565e-02
3.024826e-01
-5.807670e-02
1.138336e-01
2.071294e-01
2.939894e-01
1.915106e-01
2.040059e-01
-1.572106e-01
3.650587e-01
4.033577e-01
-2.763400e-01
2.099474e-01
5.877271e-02
-1.170961e-01
-1.259728e-01
1.015865e-01
-3.001596e-01
1.629346e-01
-4.242832e-02
2.488063e-01
3.002143e-02
1.188911e-01
-1.527486e-01
7.139566e-02
3.076937e-02
-2.817754e-01
-4.130015e-02
6.453342e-02
3.711300e-02
1.683773e-01
2.268327e-01
-7.857262e-02
-3.845973e-02
1.010667e-01
-8.530029e-02
2.928504e-01
2.364760e-01
-2.483314e-01
1.578488e-01
1.726520e-01
-8.196162e-02
1.659131e-01
-1.480087e-01
-4.140833e-01
2.904931e-01
-6.925941e-02
1.533868e-01
3.021654e-01
1.990446e-01
-5.586179e-02
-2.389282e-01
2.394851e-02
3.769023e-02
3.535959e-01
7.997854e-02
4.694434e-01
2.811167e-01
2.722537e-01
1.539759e-01
1.978971e-02
-1.043875e-02
1.663351e-01
2.371089e-01
7.557002e-02
4.075056e-01
2.370402e-01
2.100352e-01
3.617001e-01
2.309908e-01
1.269623e-01
3.412607e-02
5.990230e-01
9.877668e-02
4.904409e-02
2.254587e-01
2.291634e-01
1.610130e-01
7.005465e-02
4.024962e-03
8.782939e-02
3.400965e-01
-1.419334e-04
1.632067e-01
3.597869e-01
3.797648e-01
2.463900e-01
1.106263e-01
1.946422e-01
1.746542e-01
1.727248e-02
-2.412970e-02
2.466397e-01
1.528551e-01
-6.329307e-02
5.012025e-01
4.084239e-01
-1.577196e-01
2.435742e-01
8.343698e-02
2.975509e-01
1.130520e-01
4.733098e-01
2.144021e-01
2.091574e-01
-3.441145e-01
3.074264e-01
-1.003101e-01
1.232520e-01
-7.223876e-02
2.778436e-03
2.241212e-01
3.452875e-01
3.763939e-01
-1.922588e-01
2.070499e-01
-9.581762e-02
3.198335e-01
1.013640e-01
-4.354337e-01
2.072699e-01
4.110586e-02
-1.871760e-01
2.257224e-02
-4.938005e-02
-3.429106e-01
-1.178250e-01
4.658111e-01
3.068393e-01
2.342061e-01
1.396784e-01
2.988964e-01
3.189941e-01
2.798751e-01
7.947456e-01
2.261020e-03
1.288626e-01
-1.364790e-02
-2.568263e-02
2.042909e-01
-3.173383e-01
3.141802e-01
2.633665e-01
-8.253824e-02
-4.745971e-02
-8.280034e-02
5.219080e-02
4.194485e-01
-1.382925e-01
2.605298e-01
-8.856776e-02
-1.060486e-01
-6.832359e-02
1.366880e-01
-8.134606e-02
2.656656e-01
-1.501423e-01
2.148475e-01
1.620962e-01
1.371856e-01
-3.574871e-01
-9.179402e-03
2.075409e-01
2.625768e-01
1.737151e-02
2.678273e-01
-2.812210e-01
-1.344520e-01
1.236755e-01
-4.436315e-02
-1.390947e-01
1.533638e-01
6.895408e-02
2.865446e-03
4.500738e-01
-4.950169e-02
6.962058e-02
2.213513e-02
-1.303064e-01
-3.712932e-02
1.861426e-02
3.059474e-01
-9.759634e-03
-2.123607e-01
2.284685e-01
-1.898065e-01
1.209010e-01
2.119502e-01
8.167133e-02
-5.176610e-02
4.704316e-01
-6.273756e-02
-1.290051e-01
3.436412e-02
3.377356e-01
-3.908484e-02
-1.767208e-01
-1.302198e-03
2.219843e-01
-3.408334e-02
1.033565e-01
1.773635e-01
-1.397408e-02
8.890512e-02
1.703575e-02
-2.230953e-01
-3.767509e-03
7.487623e-02
3.867273e-02
4.639968e-02
-8.391923e-02
-6.891366e-02
-1.022386e-02
-9.966912e-02
-4.186275e-02
1.294592e-02
-1.778245e-02
2.695729e-01
5.067931e-01
2.744626e-01
3.323010e-02
4.374863e-01
3.539589e-01
1.323331e-01
1.509011e-01
3.099584e-02
-1.481735e-01
4.059826e-01
-1.017074e-01
-2.212732e-03
6.074162e-01
-2.278555e-01
4.204835e-01
-1.404375e-01
2.046506e-02
-1.084211e-01
3.593297e-01
-1.753449e-01
1.971570e-01
1.273778e-01
-1.018840e-01
-3.132178e-04
4.731274e-02
-1.511247e-01
1.371087e-01
-1.499301e-01
5.547554e-01
1.802240e-01
-2.586541e-01
-2.164526e-02
-1.304152e-01
6.992649e-05
-6.971458e-02
1.183102e-01
2.274443e-01
-1.553125e-01
1.156646e-01
3.514521e-01
4.408109e-01
5.669712e-01
3.790863e-01
-1.241900e-01
1.298804e-01
-3.203174e-02
9.875979e-02
-1.671304e-01
2.156923e-01
-5.945958e-02
-5.045531e-02
-2.595773e-01
6.051483e-02
2.110810e-01
1.882065e-02
-2.123168e-01
3.951091e-01
2.327007e-02
-1.833336e-01
-1.398568e-01
-6.295189e-02
3.022192e-01
2.117392e-01
1.120115e-02
-8.215932e-02
-4.552406e-02
2.070846e-01
-6.734143e-02
4.226110e-01
-2.359745e-01
8.068743e-02
5.179769e-01
-4.475872e-02
-2.086813e-01
1.292652e-03
-3.560107e-02
2.287396e-01
2.901372e-02
1.392698e-01
2.127365e-01
3.982546e-01
4.148050e-01
3.350303e-01
5.741719e-02
-8.006127e-01
1.445103e-01
1.805411e-01
1.438549e-01
2.758829e-01
-8.390144e-02
-1.543469e-01
1.364958e-01
2.340049e-01
1.181540e-01
-1.092841e-01
-1.847423e-01
-4.751956e-02
8.557469e-02
4.469963e-02
2.104097e-01
6.982518e-02
3.875510e-01
-1.905722e-01
5.522669e-02
3.094267e-01
-2.143402e-01
-8.747359e-02
3.998755e-01
-6.041720e-02
-9.527232e-02
3.431875e-01
-4.733608e-02
9.718595e-02
-2.893690e-01
-7.586163e-02
1.933139e-01
4.482234e-01
2.852896e-01
2.094618e-01
-1.363607e-02
1.216710e-01
6.828897e-03
-1.680454e-01
1.578796e-01
1.828755e-01
2.097708e-02
1.932131e-01
-4.345969e-01
1.097478e-01
-6.524545e-02
-1.683535e-01
-3.163464e-01
-1.106764e-02
2.894087e-01
2.414086e-01
9.896450e-02
3.292098e-01
3.603541e-01
8.346757e-01
3.246253e-01
4.085827e-01
-1.225706e-02
2.370560e-02
-7.513300e-02
1.208773e-01
1.372200e-01
3.366616e-01
-2.586626e-02
-3.827848e-01
-3.404889e-02
9.936175e-02
-2.849679e-02
-1.144887e-02
1.910979e-01
-8.863539e-02
4.302310e-01
1.825070e-01
9.182949e-02
3.711352e-01
5.440020e-01
2.705301e-01
6.516877e-02
2.222833e-01
1.042408e-01
1.638511e-02
3.924348e-01
2.751005e-01
3.421797e-02
7.505926e-02
8.782755e-02
3.634191e-01
-2.245182e-02
3.018533e-01
1.274615e-01
1.555357e-01
1.488760e-01
3.342245e-01
6.613664e-02
3.257006e-01
1.978342e-01
6.073309e-02
1.511063e-01
7.048930e-01
1.808464e-01
-1.370006e-02
1.688492e-01
-1.754111e-01
7.078176e-02
7.423747e-02
-9.037772e-02
1.699158e-01
2.673928e-01
-4.364031e-01
-4.120925e-02
-1.061846e-01
-7.251397e-02
3.329124e-01
7.406476e-01
2.025765e-01
6.009043e-02
3.636641e-01
3.303508e-01
1.438125e-01
2.217436e-01
6.276301e-02
8.358438e-03
-3.890642e-02
-1.682360e-02
3.725623e-01
1.874248e-01
-4.300286e-01
1.639498e-01
2.995317e-02
-2.029325e-01
2.868846e-01
1.145614e-01
-3.585042e-01
5.064154e-02
-1.682986e-01
4.138780e-01
7.024810e-02
6.901561e-02
-1.357808e-01
-3.654147e-01
1.736500e-02
2.948505e-01
4.111268e-01
2.227710e-01
1.632082e-01
1.175046e-01
-2.100522e-01
5.996408e-02
9.606885e-02
-2.194073e-01
6.941187e-02
1.262711e-01
-6.875353e-02
4.553904e-02
2.281554e-01
-1.040872e-01
-1.994154e-03
5.516355e-03
-2.989912e-01
5.997922e-02
1.385085e-01
1.071738e-01
-1.662135e-02
-5.258637e-02
1.332648e-01
-1.501340e-01
-2.071066e-01
6.166994e-02
-1.992111e-01
-2.060742e-01
2.934304e-01
-1.332271e-01
-3.961694e-02
1.180769e-01
2.555863e-02
-1.338515e-01
1.665509e-01
1.122852e-01
1.901022e-04
-1.419968e-02
5.540722e-02
7.296838e-02
6.309479e-02
-1.140915e-01
-4.417527e-02
2.282531e-01
-1.067741e-02
-1.487546e-01
2.114473e-01
1.091747e-01
-9.182513e-03
-1.170678e-01
-7.480183e-02
-1.838526e-01
6.153150e-02
1.395532e-01
-1.252857e-01
-5.840647e-02
-3.565898e-02
2.653506e-02
8.583523e-02
-5.195804e-02
1.665463e-01
5.495709e-01
2.410334e-01
-9.488391e-02
4.175891e-01
1.775284e-01
1.368639e-01
-9.258419e-02
-2.490844e-01
-1.077850e-01
3.608898e-01
2.224248e-01
-6.980344e-03
2.445703e-01
-1.834490e-03
-5.607038e-02
2.751563e-01
1.166040e-02
-1.780587e-01
1.847795e-01
2.675051e-01
1.670664e-01
1.849629e-01
1.809192e-01
7.281654e-02
-3.722226e-01
-1.949103e-01
2.987459e-01
-6.584712e-03
-5.484956e-01
1.985816e-01
-7.479834e-02
-6.103441e-02
-1.055738e-01
3.096143e-02
2.820417e-02
-8.388176e-02
3.563444e-02
-3.719338e-01
4.411439e-01
2.416522e-01
-3.080835e-02
-1.542583e-01
-6.184803e-02
2.379747e-01
1.595194e-01
2.003671e-01
2.017442e-02
-2.098158e-01
3.023134e-01
-7.766509e-02
7.621178e-02
-2.412045e-01
-4.588803e-03
-1.212703e-02
2.151275e-01
-1.443136e-01
6.912371e-02
4.379886e-01
-1.647513e-01
-3.121934e-02
-8.128265e-02
-1.629710e-01
-2.063195e-01
1.164050e-02
-4.477287e-01
-7.358269e-03
4.120272e-01
3.417970e-01
3.513111e-02
1.513966e-02
-1.834301e-01
-2.206317e-01
-3.874368e-02
7.776634e-02
1.830073e-02
1.511983e-01
7.657572e-02
3.486130e-02
1.418097e-02
-1.303842e-02
1.261513e-01
2.978492e-01
2.936807e-01
4.388011e-02
-9.137429e-02
-1.047144e-01
1.379022e-01
2.355855e-01
1.289531e-01
2.995264e-02
3.854492e-01
-1.489812e-02
-7.642198e-02
-4.735827e-01
5.221841e-03
1.726644e-01
-1.890947e-01
-5.298776e-03
4.357056e-02
1.536630e-01
3.121862e-01
-8.626943e-02
2.904865e-01
-5.015586e-01
-5.734826e-02
2.028454e-01
-1.041164e-01
1.300375e-01
2.344110e-02
-1.206770e-01
2.901965e-01
-2.751589e-02
-1.025623e-01
2.298683e-02
-1.196035e-01
-5.960054e-02
1.283862e-01
3.599318e-01
2.997594e-01
2.113359e-01
2.830931e-01
-1.327041e-01
-1.185291e-02
1.068355e-02
-6.527705e-02
1.914585e-02
4.111267e-01
4.384715e-01
-5.423624e-02
3.860109e-01
1.760537e-01
9.717245e-04
-2.424655e-01
-1.845955e-01
2.413857e-01
-7.842548e-02
4.017060e-01
5.349732e-02
2.396512e-01
1.420084e-02
2.981104e-01
1.794327e-01
9.499086e-02
1.940261e-01
-4.373780e-01
1.352397e-01
-7.740970e-02
7.632783e-02
1.776522e-01
-9.798908e-02
-5.728150e-02
3.913224e-02
-6.751377e-02
1.980690e-01
2.207486e-01
3.136326e-02
5.168459e-01
1.932969e-01
-1.126302e-01
2.449652e-02
2.927622e-01
1.682685e-01
3.419747e-01
1.417962e-01
3.594606e-02
1.752177e-01
-4.242953e-02
2.062148e-01
2.760280e-01
1.080816e-01
-1.002114e-02
-2.351831e-01
-4.445631e-01
1.293792e-01
4.898117e-01
1.963525e-01
-7.051481e-02
2.782902e-01
3.829272e-02
-1.592374e-02
3.442300e-01
3.331460e-01
1.677477e-01
2.398416e-01
2.030231e-01
4.224746e-02
-3.309269e-02
-1.589055e-01
1.721402e-03
2.705339e-01
-1.925336e-01
-2.100754e-02
1.352687e-01
-2.748798e-01
-2.516968e-03
-3.213329e-02
6.869733e-02
8.169836e-01
7.749506e-01
2.884085e-01
3.236881e-02
2.833376e-01
4.587128e-02
2.160062e-02
8.746453e-02
-1.079531e-01
2.552743e-01
1.411159e-01
1.467382e-01
-8.627933e-02
1.174061e-01
-1.214333e-01
1.004399e-02
-4.053609e-02
6.968044e-02
2.870153e-01
-1.485215e-01
-2.474496e-02
-1.063425e-01
4.820604e-01
-3.506361e-02
-1.834503e-01
2.602822e-01
5.346800e-02
2.158967e-01
3.596913e-01
-1.143636e-02
-7.753689e-02
1.186438e-01
5.434534e-02
-3.058430e-02
1.373302e-01
-2.401717e-02
1.250226e-01
-2.077473e-01
-9.494566e-02
-1.041573e-01
-9.591572e-02
6.063003e-02
2.472881e-01
6.888326e-02
2.309766e-01
-2.894170e-01
2.982498e-03
1.191407e-01
-8.662639e-02
8.522584e-02
1.945216e-02
-8.173030e-02
-4.554216e-03
4.039489e-02
-1.540927e-01
-1.769914e-01
6.363901e-02
-3.543182e-02
8.792266e-02
-1.287021e-01
9.168230e-03
1.190841e-01
-2.232158e-03
1.992388e-02
-2.697510e-01
-6.707580e-02
3.197628e-02
-1.132380e-02
9.131796e-02
3.467289e-02
9.556055e-02
1.528457e-02
1.271212e-01
2.454132e-01
-2.045490e-01
6.962413e-03
-1.162409e-02
-6.713946e-03
4.759584e-03
-1.090767e-01
-3.818050e-02
-9.142800e-02
3.273385e-01
1.719033e-01
-3.358248e-02
2.930069e-02
-1.168042e-01
1.190542e-01
2.268955e-01
2.093348e-02
5.787563e-02
7.955276e-01
-3.637365e-01
-1.571234e-02
4.162804e-01
-6.288482e-02
-1.296795e-01
2.330031e-01
-8.833630e-02
6.480940e-02
4.510391e-01
4.106995e-02
-1.041131e-01
2.938022e-01
7.125755e-02
3.268098e-01
2.440028e-01
-3.178931e-03
-1.603178e-01
4.206398e-01
1.498147e-01
2.870257e-02
8.893538e-02
-3.195034e-02
-1.566619e-01
2.347710e-01
6.773341e-02
4.417218e-01
2.989982e-01
2.014620e-01
-8.460063e-02
-1.162640e-01
-9.314828e-02
2.797632e-01
3.074105e-01
3.805204e-02
3.576143e-01
1.013885e-01
2.512729e-01
1.050559e-01
5.569140e-01
9.585206e-02
-8.619676e-02
1.314348e-01
-6.481293e-01
6.501161e-02
3.689006e-02
-3.540932e-02
8.302647e-03
4.660156e-01
6.903187e-03
1.153242e-01
-2.458960e-01
1.448560e-01
4.746110e-01
8.990683e-02
2.706102e-01
-4.946703e-02
-3.061586e-01
-1.955868e-02
5.809910e-01
-3.402400e-01
1.705695e-01
-1.832095e-01
2.213017e-01
1.666693e-01
3.239474e-02
2.531423e-02
6.843844e-02
2.124636e-01
-7.096066e-02
5.924122e-02
1.902758e-01
-1.633862e-01
3.411827e-02
-1.068577e-01
8.502889e-01
-5.099533e-02
3.931699e-02
1.299372e-02
-2.401609e-02
-6.553768e-02
5.288781e-02
1.340291e-02
4.385499e-02
1.558167e-01
-1.024726e-01
-1.925876e-01
-2.932964e-01
-2.051884e-01
-2.055923e-01
-2.845300e-01
-1.216450e-01
-8.040661e-02
-1.453677e-01
-1.086468e-01
1.202742e-01
1.924713e-01
-6.432182e-02
-1.301395e-01
2.604693e-01
1.214395e-01
9.013028e-02
-1.851412e-01
-1.246463e-02
1.531384e-01
2.111598e-02
2.137968e-02
2.655499e-01
-3.533461e-02
1.179677e-01
-8.085360e-03
-1.297489e-02
-3.695501e-02
-4.616580e-02
2.226921e-01
3.008375e-02
2.356711e-01
1.043563e-01
-2.432908e-01
6.037791e-02
2.870148e-01
-1.243022e-02
-4.563259e-03
5.854089e-02
1.155681e-01
1.177777e-01
2.457113e-01
1.242158e-01
-6.987488e-02
-3.931817e-02
3.795701e-03
3.125330e-02
2.333681e-01
9.534805e-02
2.390625e-02
-4.993808e-01
5.270657e-02
-1.036811e-01
9.563304e-02
-4.893758e-02
2.390957e-01
7.511512e-02
2.114731e-01
-2.541215e-01
-8.135032e-02
6.234606e-02
1.789299e-02
3.872199e-01
-6.141049e-02
3.232314e-01
2.700561e-01
-2.970677e-02
-7.475452e-02
2.332177e-01
9.969173e-02
8.635639e-02
-2.376822e-01
-1.144501e-01
-5.499539e-02
2.341817e-01
-3.324578e-01
2.960508e-01
6.796169e-01
1.129256e-01
-1.133013e-01
5.503216e-01
8.289270e-02
2.044280e-02
-6.817184e-02
-4.962189e-02
3.176656e-01
-1.298645e+00
-3.097094e-01
-8.596697e-02
3.830310e-02
-8.962653e-02
-1.176583e-02
-1.839731e-01
-1.540300e-01
1.614678e-02
2.101894e-01
1.600135e-02
9.361475e-02
-1.803495e-01
1.239726e-02
6.655810e-02
3.280717e-01
1.466586e-01
-7.810857e-02
2.333768e-01
1.766354e-01
-2.425382e-02
5.051185e-02
-2.700866e-02
6.784310e-02
1.941172e-01
2.612998e-02
2.785750e-01
1.568096e-01
-4.666723e-02
1.575850e-01
1.636003e-01
4.642549e-01
-9.979100e-02
7.507717e-01
5.167095e-02
2.911826e-01
-1.825868e-01
-7.718112e-02
4.237605e-01
1.409266e-01
-6.255671e-02
1.702773e-01
9.038974e-02
1.306407e-01
2.007618e-01
1.594469e-01
3.304933e-01
-2.729300e-01
8.479623e-02
-1.732100e-01
-5.645340e-01
-3.002352e-01
1.341860e-01
-7.770247e-02
-2.102083e-02
5.649485e-02
2.958402e-01
2.227027e-02
2.786961e-02
-6.156440e-02
5.900158e-01
2.051712e-01
7.261968e-02
-7.604067e-02
-3.928958e-01
2.194773e-01
-8.437458e-02
-3.130087e-01
1.419052e-01
-1.388847e-01
-2.056311e-01
-2.032788e-01
1.179851e-01
-1.287094e-01
3.148560e-02
4.995623e-02
2.945373e-01
1.617661e-01
-4.230255e-02
4.154600e-02
-3.203734e-01
-8.008122e-02
-2.616451e-02
-1.102098e-01
8.846056e-02
1.515442e-01
2.943490e-02
3.400286e-01
5.144282e-02
3.702580e-01
2.989691e-01
5.260308e-02
8.794258e-02
7.789268e-02
-1.499169e-03
-1.382819e-01
-1.336958e-01
-4.961009e-02
2.329796e-01
1.320776e-01
8.734479e-03
-1.246852e-01
2.901031e-02
2.771527e-01
-1.343256e-01
-3.440698e-01
-1.504998e-01
-2.377075e-01
-2.740224e-01
-3.549585e-01
-9.611725e-02
-8.475369e-02
-7.698978e-02
-3.159006e-01
-3.768940e-01
-2.184360e-01
6.142874e-02
4.182313e-01
-1.554106e-03
2.055879e-01
-1.618536e-02
1.118017e-01
4.727352e-02
1.306233e-01
1.588054e-01
-8.817300e-02
3.670513e-01
1.867885e-01
-1.783943e-01
9.826213e-02
4.585037e-01
-3.588069e-01
-2.542859e-01
-3.030824e-02
4.655960e-03
-1.271559e-01
-1.665223e-01
3.271559e-01
-1.165416e-01
1.377496e-01
-1.434831e-01
-2.298336e-01
9.613455e-02
4.995526e-01
-3.201110e-01
9.688821e-02
-4.443669e-02
2.266279e-01
2.381229e-01
2.548676e-01
4.480209e-02
-9.209593e-02
3.723526e-01
1.788632e-01
1.221670e-01
6.506304e-01
1.452446e-01
3.702819e-01
-2.321311e-01
2.457263e-01
7.094402e-02
1.825982e-02
1.311360e-01
1.406238e-02
5.913977e-02
5.598914e-02
-2.257700e-02
2.059307e-02
5.715051e-02
1.194467e-01
3.505212e-01
4.525621e-01
-2.357644e-01
1.736654e-01
2.705049e-01
-2.649557e-01
3.284972e-01
2.820368e-01
-1.656818e-01
2.377447e-01
-6.828346e-02
-9.034454e-03
1.199865e-01
1.919377e-01
2.814891e-02
6.782856e-02
3.375632e-01
5.647508e-01
-2.436420e-01
-3.274584e-01
-2.712581e-01
1.504866e-01
8.067741e-02
-7.496364e-02
7.566343e-02
1.343661e-01
3.469239e-01
5.127954e-01
-2.571889e-01
-3.105174e-01
6.618652e-02
1.212216e-01
-2.915421e-01
2.085811e-01
1.601948e-01
-4.929698e-03
2.698645e-01
2.894868e-01
8.755600e-02
1.194968e-01
-8.443660e-02
-1.375357e-01
-2.369811e-01
-1.450503e-01
-1.489160e-01
3.508386e-01
3.748193e-01
-4.168832e-02
3.420153e-03
2.344581e-01
2.446133e-01
-6.811296e-02
-2.782822e-01
-3.966782e-02
5.236891e-01
1.270159e-02
1.279620e-02
2.220424e-01
1.283205e-01
-2.240611e-01
-6.341752e-02
-1.637809e-01
-5.163119e-02
3.871392e-01
7.024553e-01
1.471209e-01
1.912166e-01
-3.164685e-02
3.844195e-02
-2.735414e-02
2.147409e-01
5.245212e-02
1.231020e-01
5.040553e-01
4.871354e-01
1.591139e-01
5.988831e-02
3.762927e-01
-1.617814e-01
1.111642e-01
1.859562e-01
1.412981e-01
4.209878e-01
5.166007e-01
2.905914e-01
2.912776e-01
4.334979e-01
5.013800e-02
1.069354e-01
1.670282e-01
7.600185e-02
3.402792e-01
3.369351e-02
-1.344076e-01
4.849357e-02
8.999619e-02
-4.544061e-01
-2.031417e-01
-1.088120e-01
-1.902805e-01
4.836224e-01
4.090333e-01
7.135949e-02
2.738394e-01
3.203310e-01
-4.824712e-02
5.454596e-01
1.258469e-01
5.179706e-02
6.953893e-02
-2.434137e-01
1.249131e-01
9.948839e-02
3.302905e-01
-1.299050e-01
1.918612e-01
2.496954e-01
4.870346e-01
4.975671e-01
5.780216e-01
2.879021e-01
2.013013e-01
1.801578e-01
5.289194e-02
9.597398e-02
8.678804e-03
1.028248e-01
4.310941e-01
1.099604e-01
-9.500746e-02
3.944920e-01
1.450790e-01
2.109352e-01
1.197344e-01
3.133079e-02
6.266404e-01
1.160199e-01
2.378217e-01
1.105696e-01
2.428058e-01
-5.873114e-02
-1.502272e-01
1.531636e-01
-2.720034e-01
2.265673e-01
-1.315203e-01
-3.638557e-02
6.628951e-02
1.604852e-01
7.509235e-02
1.607219e-02
6.877523e-02
2.921188e-01
6.861839e-02
-2.345722e-02
8.567926e-02
8.781637e-02
1.559466e-01
-1.210044e-01
-1.415107e-01
2.845376e-01
-1.208309e-01
3.460247e-02
2.146752e-02
8.003483e-02
3.336026e-01
-2.219786e-02
5.300895e-02
-1.306804e-01
2.079328e-01
-7.870532e-02
1.281726e-01
1.109141e-01
1.823030e-01
4.618895e-02
2.563600e-01
-2.614671e-03
1.523398e-01
-1.028046e-01
1.897942e-01
2.098943e-02
1.418845e-01
1.679934e-02
1.234750e-01
-1.209937e-01
-7.604436e-02
3.759229e-02
-1.566482e-01
-4.094094e-02
1.104539e-01
2.550199e-01
1.489491e-01
1.110774e-01
7.573931e-02
1.513555e-01
-1.166966e-04
1.707272e-01
7.327440e-02
7.620988e-02
5.267343e-02
6.430873e-02
-2.133135e-01
1.952304e-01
-1.734782e-01
2.588928e-02
6.648627e-02
1.045568e-01
-2.909592e-02
1.860468e-01
7.348977e-03
3.066259e-01
2.108774e-01
3.395795e-01
-4.131486e-02
6.494267e-02
3.987984e-02
6.420820e-02
-2.212761e-01
-6.409395e-02
-4.016969e-02
-7.171568e-02
5.022593e-02
-2.774512e-01
1.797132e-01
-5.815915e-02
1.312116e-02
-6.299341e-02
-4.558948e-02
-9.707252e-02
-1.176466e-01
-3.252209e-02
-2.108064e-01
3.390200e-02
-7.351633e-02
1.272625e-01
1.719910e-01
9.926648e-02
1.180335e-01
3.425653e-01
-7.836882e-02
3.545176e-01
3.774131e-02
9.263609e-02
-1.728130e-02
1.440370e-01
2.029468e-01
1.852482e-01
3.132498e-01
7.810685e-02
9.799879e-02
2.371668e-01
2.962724e-01
-2.067065e-01
6.096493e-02
-1.312442e-02
2.760023e-01
7.244124e-02
-2.652467e-01
-1.185634e-01
6.048983e-02
1.148947e-01
-4.719698e-02
-6.219906e-02
6.958919e-02
1.086723e-01
2.627993e-01
-1.291174e-01
1.110945e-01
1.324984e-01
-6.080114e-03
-5.750700e-02
-1.282092e-01
5.424557e-02
-9.540993e-02
2.142825e-01
-1.482550e-01
1.851604e-01
3.425935e-01
-3.789429e-02
8.976390e-02
5.856073e-02
7.127932e-02
-6.661635e-02
-1.443037e-01
-1.917155e-01
2.391180e-01
-1.711496e-01
-4.541997e-02
1.551526e-01
1.266027e-01
-1.011547e-01
-1.214342e-02
1.843253e-01
-1.153786e-01
1.245500e-01
-5.759457e-02
7.121034e-03
1.103567e-01
1.697009e-01
-1.481981e-01
6.671973e-02
2.582887e-01
-3.381927e-02
1.436344e-01
1.456909e-01
-1.329993e-01
8.111721e-02
1.506898e-01
5.003691e-02
-3.025227e-02
6.552806e-03
2.597840e-02
6.426542e-02
-3.725023e-02
4.150379e-02
2.184923e-01
3.465870e-01
3.681387e-01
7.508513e-02
-4.141018e-01
1.686279e-03
1.457756e-01
2.331635e-01
3.008371e-01
-3.259236e-03
-4.750412e-02
6.594361e-02
9.868378e-02
2.467867e-01
6.640277e-02
7.331911e-02
-1.571748e-01
1.123655e-01
1.315952e-02
2.743912e-01
1.015203e-01
2.263117e-01
4.712886e-02
-1.569925e-02
-4.337632e-02
1.107169e-01
-5.954639e-02
2.161351e-01
2.194615e-01
-1.557445e-01
8.530128e-02
2.378522e-01
-1.759415e-01
6.269783e-02
-2.019260e-01
-1.310051e-01
-1.536893e-01
9.451081e-02
3.402322e-02
1.566049e-01
1.969650e-01
1.044253e-01
-1.483224e-01
-8.081645e-02
-5.745287e-02
-4.240362e-02
2.301590e-02
1.012499e-01
1.637132e-01
1.641854e-01
1.266837e-01
-1.484330e-01
8.674003e-02
-9.906533e-02
1.844910e-01
7.506181e-02
2.999807e-03
1.922984e-01
8.583929e-02
4.426650e-01
1.125973e-01
5.178618e-02
5.980633e-02
1.481235e-01
1.947001e-01
1.514243e-01
4.270617e-01
-1.447605e-01
-6.570818e-02
-7.995111e-02
-5.677498e-02
1.245986e-01
1.391113e-01
1.861932e-01
1.109809e-01
1.471559e-01
3.135858e-01
1.399573e-02
1.841913e-01
3.966011e-01
1.026992e-01
1.549289e-01
1.467403e-02
1.361253e-01
-9.103008e-04
1.241552e-01
-2.102072e-01
-4.498466e-02
2.969601e-01
9.019496e-02
1.720111e-01
2.670732e-01
2.481403e-02
1.612688e-03
8.412716e-02
2.453308e-02
3.633085e-01
1.261339e-01
3.845056e-01
2.613737e-01
-1.011842e-01
-3.739029e-02
-2.365999e-02
2.129189e-01
7.406093e-02
8.612214e-03
8.316135e-02
-9.971260e-03
4.717751e-02
-1.043505e-01
1.128900e-02
2.376241e-01
3.801732e-01
-8.979086e-02
1.937077e-02
-8.969186e-02
8.956435e-02
-4.244139e-01
-1.572145e+00
-7.665107e-02
-3.410352e-02
-1.006119e+00
-8.136333e-01
1.519760e-01
-2.618590e-01
-1.895903e-01
1.134676e-01
3.912250e-01
2.196440e-01
-1.315631e-01
-1.290309e-01
1.729813e-01
-1.485154e-01
-4.401570e-02
1.070828e-01
-8.474209e-02
-6.010553e-02
1.555917e-01
1.573891e-01
3.685420e-01
-4.124183e-01
-1.572542e-01
2.218645e-01
2.332557e-03
2.763332e-01
3.701586e-01
-3.009697e-01
-2.600105e-01
-3.215880e-01
-5.542053e-02
-1.035173e-01
1.846199e-01
2.713650e-02
1.380290e-01
3.479210e-01
1.177699e-01
1.953495e-01
2.597748e-01
2.848486e-01
-4.855672e-02
1.360479e-01
1.947659e-01
-6.469539e-02
5.997261e-01
7.563041e-02
6.274650e-02
-1.248272e-01
1.965825e-01
-3.574484e-02
-7.437836e-02
-1.920986e-02
2.890417e-01
3.269674e-01
3.709234e-01
4.245798e-01
-1.843941e-01
6.129126e-02
6.918197e-02
1.757910e-01
-1.478752e-01
-1.582771e-02
-4.267236e-01
-4.576350e-02
3.706871e-02
2.075649e-01
-2.639968e-01
-1.268124e-01
9.575064e-02
-1.244327e-01
1.805807e-01
6.578202e-02
-2.628581e-01
3.247659e-01
1.604708e-01
-2.129120e-02
-1.187915e-01
4.930778e-01
9.492536e-02
1.772273e-01
2.485936e-01
1.031850e-01
2.269884e-01
5.161521e-01
1.741657e-01
5.202685e-02
3.058976e-01
1.321142e-01
-4.986465e-02
-6.579529e-01
-2.570732e-01
-4.768372e-01
-6.003157e-01
2.532631e-01
-2.905459e-01
-1.295909e-01
3.293695e-02
3.685558e-01
-4.855076e-02
-2.384392e-01
4.238581e-01
-5.541750e-01
-2.975464e-01
1.452981e-01
8.217873e-02
-2.132152e-01
2.767545e-01
-2.476562e-01
-5.906362e-02
3.515648e-02
9.024620e-03
1.341506e-01
2.563557e-01
2.799238e-01
4.725390e-02
-1.694778e-01
-6.721726e-01
3.404044e-01
-2.042888e-01
-4.895136e-02
2.031286e-01
1.642728e-01
1.325005e-01
3.385131e-02
1.868549e-01
4.668013e-01
6.017070e-01
-1.271969e-01
-1.131485e+00
-3.594134e-01
-2.882340e-02
-3.962682e-03
-1.768844e-01
-1.482959e-01
-2.250631e-01
-3.421510e-01
9.524070e-02
-4.371316e-01
-6.443758e-02
-1.166074e-01
8.650254e-02
1.145249e-01
9.898017e-02
-6.632037e-01
3.170851e-01
1.281677e-01
-7.796612e-01
2.765585e-01
5.460434e-02
-1.974246e-01
4.663272e-02
1.043159e-01
2.456712e-01
2.600631e-01
-2.777877e-02
-3.831585e-02
-3.040348e-01
-1.158572e-02
1.514695e-02
1.369967e-01
-2.095132e-02
-2.635847e-02
2.014561e-01
3.389899e-01
-2.112905e-02
-1.978373e-01
-3.660859e-01
1.703600e-01
-3.274674e-02
-1.323405e-01
-1.848798e-01
-3.484158e-01
-2.871003e-01
2.522125e-01
-1.535941e-01
-2.530972e-01
-1.788389e-01
-2.218572e-01
1.300077e-01
-1.747047e-01
-7.023698e-02
1.082782e-01
4.918434e-01
1.869237e-01
-7.608221e-02
-1.864900e-02
1.181613e-01
-5.629770e-02
-8.812811e-02
-8.741174e-02
7.198979e-02
-1.447266e-01
4.503879e-01
-1.658104e-02
-1.867499e-01
1.482646e-01
-6.422386e-02
6.184145e-02
3.091255e-01
-1.401230e-01
2.299218e-01
1.954332e-01
2.204964e-01
1.327828e-01
1.330187e-01
1.274602e-02
-4.612872e-01
-3.009448e-02
1.200860e-01
1.032053e-01
4.682383e-02
1.269146e-01
1.740648e-01
1.145950e-01
4.277406e-01
-4.905815e-01
-5.686228e-01
2.245743e-01
-1.987452e-01
3.339906e-02
1.254652e-02
3.622053e-01
-2.203283e-02
-5.738209e-01
-3.409639e-01
-4.423655e-01
-7.704939e-01
-1.535348e+00
-4.918515e-01
-4.832199e-01
-2.738537e-01
1.382838e-01
-3.806609e-01
3.125477e-01
-9.141805e-02
7.785621e-02
-6.116290e-02
-2.944861e-01
9.167627e-02
1.564958e-01
-5.584443e-02
2.789596e-01
-3.668033e-01
-2.518797e-01
6.516259e-03
-1.544634e+00
-2.876014e-01
-5.661034e-02
-4.405245e-01
-2.156437e-01
-6.669758e-02
-7.998002e-02
9.878846e-02
-2.644196e-01
-1.171016e+00
2.913653e-02
2.062748e-01
2.033060e-01
-2.185289e-01
-1.041220e-01
4.852327e-01
8.881146e-01
2.279456e-03
-1.407753e+00
-2.914743e-01
4.340518e-01
2.159915e-01
2.161571e-02
-3.631763e-02
-3.344060e-02
2.706383e-01
1.646158e-02
-2.532169e-01
1.612152e-01
3.165874e-01
1.360968e-01
1.138864e-01
1.684439e-02
-3.571676e-01
2.216720e-01
-2.796483e-03
2.188044e-01
3.414948e-01
5.425807e-02
2.488607e-01
7.793015e-02
