1.198227e-01
1.298205e-01
-2.425809e-02
1.739905e-01
-4.851927e-01
-2.066717e-01
8.294924e-02
-4.187887e-01
1.115132e-02
-2.545703e-01
-3.075843e-01
-4.987332e-01
-1.063415e-01
-7.682975e-02
-2.703121e-01
1.488991e-01
2.059029e-01
1.106668e-01
-5.621472e-01
-2.696054e-01
-7.694125e-02
-2.866332e-01
-1.759970e-01
-1.676017e-01
1.639239e-01
1.145865e-01
5.531522e-02
-4.227896e-01
-4.640671e-01
-2.106005e-01
-6.320709e-01
-3.421168e-01
-1.180158e-01
-2.665606e-01
-2.098265e-01
-2.010048e-01
-5.253266e-02
-3.310805e-01
-2.694936e-01
-2.588219e-01
-5.107744e-01
-1.567451e-01
-2.528720e-01
-2.247951e-01
3.015437e-01
-1.322575e-01
-1.330529e-01
-3.066111e-01
3.827592e-02
2.731232e-01
4.020471e-02
-6.307132e-02
2.159480e-01
-8.117101e-02
-7.636510e-01
-8.815523e-01
-2.351841e-01
-9.114141e-01
-3.094751e-01
-1.949413e-01
-4.766093e-01
-1.948787e-01
-1.961679e-01
1.784861e-01
-5.351551e-01
-2.344442e-01
2.703094e-01
-4.578982e-01
-3.899468e-01
3.463918e-01
4.443811e-03
-2.220040e-01
-2.418572e-01
-2.419373e-01
-1.448395e-01
-1.967380e-01
-4.513386e-01
-2.802144e-01
-2.359064e-01
-3.153704e-01
1.562057e-01
-9.259063e-02
-2.755130e-01
1.073371e-01
-1.568407e-01
-2.969764e-01
-2.574434e-02
-6.805746e-03
-1.425969e-01
2.387221e-01
-5.976085e-02
-2.506802e-01
4.736813e-02
-2.700371e-01
-3.886756e-01
3.444479e-01
5.787365e-02
8.616950e-02
5.135068e-02
1.619107e-02
-7.375426e-02
-1.250800e-01
-5.256276e-01
-1.873698e-01
-2.628813e-01
-4.686611e-01
-4.165688e-01
-3.340292e-01
1.679279e-01
3.799583e-01
-3.537396e-02
6.590524e-02
-8.307946e-02
-3.783871e-01
4.500327e-02
8.721715e-02
-2.362646e-01
-2.288555e-01
-2.855943e-01
-7.077935e-02
-3.818262e-01
-4.637092e-01
-1.703145e-01
-1.866706e-01
-3.346236e-01
-4.369692e-01
-1.491431e-01
-2.531428e-01
-2.699543e-01
-1.224049e-01
-2.794198e-01
-1.617067e-01
-2.876892e-01
7.719329e-03
3.369546e-02
6.861865e-02
9.605256e-02
-1.213710e-02
3.472363e-01
6.160262e-01
2.844068e-01
3.057712e-01
2.888633e-01
2.156667e-01
