5.600247e-01
9.790025e-01
8.258958e-01
1.004903e+00
9.711645e-01
7.567647e-01
8.144320e-01
9.191297e-01
8.667439e-01
8.541105e-01
9.221992e-01
8.298405e-01
8.131939e-01
8.894657e-01
8.615443e-01
7.747566e-01
3.178259e-01
-7.618073e-02
-5.794154e-02
9.701272e-03
1.071275e-01
-2.046046e-01
1.546448e-01
1.071098e-01
1.331295e-01
1.611806e-01
-1.209949e-01
-1.376359e-01
-9.058324e-02
2.068176e-01
1.098839e-01
2.330377e-01
1.145305e-02
8.450780e-01
5.375595e-02
1.128746e+00
2.929620e-01
2.495538e-01
1.983557e-01
-2.265586e-01
2.573940e-01
-3.053811e-01
5.878519e-01
1.279190e-01
-4.630597e-01
5.159888e-01
-5.330391e-01
4.528900e-02
8.232294e-01
1.036779e+00
3.313033e-01
2.468045e+00
4.355570e-01
1.936232e+00
1.847478e+00
1.409092e+00
1.544168e+00
5.678055e-01
7.834073e-01
5.337323e-01
4.587311e-01
1.920138e+00
8.491794e-01
1.233620e+00
