9.543093e-01
1.090922e+00
7.380639e-01
1.023157e+00
1.058082e+00
1.015136e+00
1.032090e+00
1.147881e+00
9.440948e-01
9.933729e-01
1.037235e+00
1.027658e+00
8.203207e-01
9.683110e-01
8.309137e-01
9.662462e-01
1.491647e-02
1.025065e-01
7.842681e-02
1.326640e-01
1.921999e-01
-3.131331e-01
-1.909342e-02
7.716221e-02
-5.278227e-02
6.561222e-02
-1.576851e-01
3.470396e-01
-3.329656e-01
-1.310285e-01
5.998364e-03
1.068642e-01
-1.403633e-01
3.191620e-01
9.661466e-02
2.270804e-01
1.908683e-01
1.615503e-01
-4.755405e-01
1.172773e-01
-4.583696e-02
1.945048e-01
3.013762e-02
-1.702243e-01
-5.016428e-02
2.050562e-02
2.746699e-01
9.912954e-02
2.478741e-02
2.672226e-01
5.242124e-02
1.566035e-01
3.125053e-02
7.135928e-02
1.241248e-01
2.075946e-01
2.057593e-02
3.410156e-02
3.078383e-02
6.792776e-02
1.666790e-02
1.945011e-02
4.509334e-02
1.010404e-01
