7.199512e-01
7.992064e-01
1.068985e+00
8.523611e-01
9.166175e-01
7.599601e-01
8.148920e-01
9.268960e-01
1.058822e+00
8.999840e-01
9.030000e-01
8.673968e-01
8.990427e-01
9.307137e-01
8.241703e-01
7.869394e-01
2.685018e-01
8.403568e-02
5.653384e-02
-9.740802e-02
-2.456027e-01
1.380179e-01
-7.035671e-03
-1.542346e-01
-5.450698e-02
-1.000916e-01
-9.963913e-02
-4.958277e-02
4.864983e-02
-8.956593e-02
-1.663839e-01
1.499881e-01
-5.548995e-02
5.255719e-01
-3.220154e-01
3.055948e-01
-3.471926e-01
7.337986e-01
-5.433140e-01
3.945437e-01
-3.492766e-01
-2.740790e-01
5.026035e-01
-6.104752e-02
-1.034179e+00
-2.079511e-01
3.864589e-01
-9.727172e-01
1.008282e+00
3.266326e-01
1.556525e+00
6.158484e-01
7.255681e-01
1.272583e+00
4.728871e-01
8.853633e-01
1.165167e+00
7.166391e-01
7.550004e-01
9.448979e-01
1.912244e+00
5.871214e-01
1.578659e+00
1.797249e+00
