1.106212e+00
8.691089e-01
1.144254e+00
8.733190e-01
1.253616e+00
8.347206e-01
8.489110e-01
1.159574e+00
1.112104e+00
1.014548e+00
9.563482e-01
8.356695e-01
7.806841e-01
1.066549e+00
9.199495e-01
1.022837e+00
2.650740e-01
7.191208e-02
8.820826e-02
-2.585411e-02
1.243581e-01
-5.987794e-02
-9.388965e-02
1.067084e-01
1.503735e-01
-5.550747e-02
1.956467e-01
-4.916833e-02
9.886900e-02
2.963387e-01
2.271244e-01
-2.724116e-02
-3.284069e-01
-2.261177e-01
-3.292926e-01
1.786719e-01
1.847039e-01
-8.054101e-02
1.508091e-01
2.030997e-01
3.378996e-01
2.960756e-01
2.638943e-01
-1.895596e-01
2.675599e-01
-3.918639e-01
7.260728e-02
-4.710803e-03
8.139538e-02
5.642383e-02
2.325078e-01
8.439179e-02
1.737056e-01
7.117207e-02
4.467700e-02
1.226995e-01
1.058426e-01
7.476825e-02
1.000535e-01
1.082432e-01
7.001027e-02
1.247807e-01
7.170949e-02
1.716006e-02
