7.257228e-01
7.458633e-01
9.966709e-01
1.053161e+00
6.144301e-01
8.157536e-01
9.788398e-01
8.100848e-01
1.183405e+00
1.105737e+00
9.526408e-01
7.398934e-01
8.423982e-01
6.557631e-01
7.511232e-01
5.511845e-01
8.780670e-01
6.725839e-01
9.250010e-01
5.789587e-01
7.851171e-01
8.826901e-01
8.098359e-01
5.750480e-01
-1.905774e-01
2.879562e-01
-5.058613e-02
2.608945e-02
1.946086e-01
1.742340e-01
8.479235e-02
-1.849533e-01
7.733801e-03
1.036212e-02
-2.331653e-02
1.690393e-02
-1.418569e-01
-1.892627e-01
7.993971e-02
4.341732e-01
2.477203e-02
-2.128097e-01
-3.902299e-02
3.437306e-01
1.539372e-01
-1.082276e-01
3.004868e-01
-3.413638e-01
8.594857e-01
1.526736e-01
8.973746e-01
9.279016e-01
6.017687e-02
-3.587079e-01
5.482398e-01
-3.798347e-01
-2.357754e-01
7.252785e-01
-3.742125e-01
-6.116607e-02
1.881577e-01
-3.810643e-03
5.293739e-01
6.174030e-02
-9.855601e-02
4.781603e-01
-1.112724e+00
-1.041701e+00
-4.302163e-01
-2.942473e-01
-4.506293e-01
1.303509e+00
9.156849e-01
1.618971e+00
1.180298e+00
8.220381e-01
1.110725e+00
7.613050e-01
6.507834e-01
1.158707e+00
5.313996e-01
5.618595e-01
1.011647e+00
7.847858e-01
9.531797e-01
4.954781e-01
6.765965e-01
9.627337e-01
3.939521e-01
1.154392e+00
8.844303e-01
1.207915e+00
1.642126e+00
1.223722e+00
7.358047e-01
9.484205e-01
