1.002041e+00
9.726222e-01
1.053674e+00
1.019845e+00
7.360272e-01
9.724767e-01
1.211294e+00
1.136573e+00
1.242388e+00
1.094338e+00
8.553059e-01
6.704326e-01
9.594310e-01
8.002126e-01
7.667858e-01
1.196038e+00
9.066523e-01
8.158754e-01
1.018479e+00
1.154586e+00
7.918777e-01
8.245341e-01
1.211442e+00
1.046198e+00
6.220846e-02
1.860511e-01
1.498674e-01
1.832499e-01
2.109479e-01
9.470579e-02
2.617624e-01
3.005144e-01
4.957492e-01
3.636444e-01
1.825505e-01
7.915734e-02
-2.863598e-01
-2.561405e-01
-6.309051e-02
3.094291e-01
-3.304521e-01
3.866238e-02
9.607590e-02
2.946179e-01
3.810845e-01
4.295430e-01
1.566477e-01
-3.480536e-01
-1.696123e-01
7.975677e-02
-2.721211e-01
3.184319e-01
2.013374e-01
2.219680e-01
-3.323620e-01
-1.372134e-01
4.544047e-01
-2.143149e-01
3.048651e-01
1.796993e-01
-4.778223e-02
-2.464340e-02
5.463756e-02
-3.342571e-01
-3.818689e-02
1.135022e-01
3.495859e-01
-3.594007e-01
2.757678e-01
1.923401e-01
3.882019e-01
-2.640589e-02
9.133162e-02
1.926025e-03
6.566394e-02
2.154351e-01
2.863109e-02
2.313145e-02
7.944559e-02
3.980844e-02
2.257489e-01
2.159679e-01
7.111879e-02
1.541969e-02
2.403460e-02
5.301694e-03
3.148842e-02
3.826807e-02
3.805419e-02
4.014769e-02
6.328455e-02
3.797110e-02
8.514075e-02
1.087535e-01
4.315231e-02
1.694933e-02
