1.676767e+00
1.915882e+00
1.641995e+00
1.948604e+00
1.614247e+00
2.264398e+00
1.955225e+00
1.900027e+00
2.049913e+00
1.838508e+00
1.781740e+00
2.019998e+00
1.892900e+00
1.800264e+00
1.672437e+00
1.999171e+00
2.009076e+00
1.961867e+00
1.581923e+00
1.838055e+00
1.969861e+00
2.091385e+00
1.829583e+00
1.891118e+00
3.545358e-01
5.666279e-01
3.988330e-01
4.156203e-01
3.762340e-01
5.291894e-01
4.056931e-01
5.243307e-01
4.853920e-01
6.544927e-01
4.495673e-01
5.009744e-01
3.097645e-01
3.365007e-01
4.295383e-01
3.974005e-01
5.310434e-01
4.813611e-01
3.300044e-01
5.222092e-01
4.922372e-01
5.440114e-01
4.889525e-01
5.832174e-01
-1.234204e-01
-4.939726e-01
-8.866010e-01
4.024363e-01
2.786090e-01
4.799459e-01
6.858197e-01
-7.020419e-01
-2.651811e-03
-2.556904e-01
-6.509095e-01
-5.993619e-02
3.812599e-01
4.320515e-01
-9.283748e-01
1.668302e-01
-1.265787e-02
-1.461882e-01
-8.457010e-01
3.148916e-01
3.836369e-01
3.312750e-01
-9.670793e-01
-4.903525e-01
3.330291e-01
5.051478e-01
3.612930e-01
1.049128e+00
3.060995e-01
4.930226e-01
1.535648e+00
7.768138e-01
5.879174e-01
1.049277e+00
3.817363e-01
2.970330e-01
2.869981e-01
2.891056e-01
6.313596e-01
7.115732e-01
4.473677e-01
3.571338e-01
3.349946e-01
1.595721e+00
3.228698e-01
2.736029e-01
3.883890e-01
2.529103e-01
