7.414175e-02
2.504353e-01
-5.591308e-01
-9.461419e-02
-1.011057e-01
1.427690e-03
-2.510452e-01
2.588210e-01
-5.098565e-01
-3.125400e-02
-2.445799e-01
-2.954808e-01
-2.111287e-01
-1.263246e-01
-2.373659e-01
1.682996e-01
-3.234945e-01
-1.713623e-01
-1.391493e-02
3.470221e-01
2.268115e-01
-2.232504e-01
7.215966e-02
-4.560665e-01
-2.231209e-02
-7.755872e-03
-8.239099e-02
1.875825e-01
6.475961e-02
2.570492e-01
6.364385e-01
-2.123991e-01
3.000432e-01
-7.425254e-02
1.577078e-01
1.570543e-01
-8.643792e-02
2.997865e-01
2.778621e-01
8.928467e-02
-5.422174e-01
-2.430390e-01
2.472819e-01
-4.929961e-02
-2.901482e-01
-5.432703e-01
-1.685992e-01
-2.095701e-01
-2.403940e-01
1.704797e-01
-3.619899e-01
-5.618668e-01
7.774734e-02
1.080226e-01
-4.101650e-02
-2.623185e-01
2.177485e-01
-1.651766e-01
-2.506728e-01
1.093758e-01
3.326871e-01
1.574883e-01
4.274991e-01
2.673844e-01
-2.895696e-01
1.248228e-01
2.612961e-01
-4.908693e-01
-3.549470e-02
3.723454e-01
-7.547483e-02
-1.389685e-01
2.542053e-01
-1.662273e-01
2.607407e-01
-2.764803e-01
4.707197e-01
-3.830360e-01
-3.257391e-01
3.700146e-01
-9.529468e-02
5.004298e-01
3.443059e-01
1.701579e-01
-1.239532e-01
1.311256e-01
-5.737525e-02
-1.760542e-01
1.367858e-01
6.493375e-02
-1.498979e-01
-2.618042e-01
-5.008248e-01
-8.015779e-01
-3.695024e-01
3.580111e-01
4.829654e-02
1.647703e-02
1.291446e-01
-1.666162e-01
-1.427667e-01
-2.052482e-01
-9.520429e-02
-1.114888e-02
4.590709e-03
-2.065861e-01
1.963952e-01
-2.705709e-02
1.919407e-02
-1.832966e-01
-6.108156e-01
3.737407e-02
-1.140797e-01
-3.183807e-01
3.753434e-01
3.880364e-02
7.342729e-02
-2.663804e-02
4.013377e-01
-4.057655e-01
3.256920e-01
1.115629e-01
1.835978e-01
-2.249881e-02
2.723691e-02
-3.038210e-01
-2.950275e-01
2.590162e-01
1.459592e-01
1.999002e-02
-7.034226e-02
1.013010e-01
-4.193232e-02
4.193555e-01
-8.384104e-02
1.045828e-02
1.734125e-01
-1.568280e-01
-7.291874e-02
-2.805715e-01
-3.113069e-02
-5.803217e-01
4.366210e-02
-3.026866e-01
1.172832e-01
-3.615325e-01
3.383407e-01
-3.707219e-01
4.690457e-01
-1.135274e-01
5.647152e-01
3.192050e-01
3.301798e-01
-2.218829e-03
-3.999911e-02
-4.094474e-02
-2.442363e-04
-1.176388e-01
-5.922213e-02
-1.656824e-01
3.047434e-01
2.294226e-01
8.221859e-02
1.443302e-01
1.354845e-01
2.207399e-01
8.794422e-02
-1.845225e-02
3.328911e-01
-1.516592e-01
-3.973416e-02
-5.943196e-02
4.931320e-02
-3.403611e-01
-6.021631e-01
1.814344e-01
4.685199e-04
2.420175e-01
2.994064e-01
-4.226958e-01
-3.623577e-01
6.069624e-01
4.582011e-02
1.663698e-01
5.148746e-02
3.722917e-01
4.991305e-02
1.608811e-01
5.084175e-01
-1.553742e-01
-1.451244e-01
1.826904e-01
-9.483645e-02
-1.058251e-02
-5.480231e-02
-3.461222e-01
2.589936e-02
4.106512e-01
-4.116819e-01
2.241318e-01
-1.354886e-01
-1.453266e-01
-5.116953e-01
-2.736613e-01
5.003903e-02
-1.327311e-01
2.443558e-01
1.980070e-01
-2.764305e-02
-5.920984e-02
2.850761e-02
1.228933e-01
3.478843e-01
-3.493146e-01
-2.071001e-01
1.741832e-01
