2.919477e-01
2.359784e-02
2.298675e-01
3.311050e-01
2.601154e-01
-2.129687e-01
-2.999903e-02
4.167775e-02
1.296184e-01
-2.043321e-01
-2.580984e-01
-8.229969e-02
-1.962155e-01
-4.018205e-02
-1.439910e-03
-1.880773e-02
-1.095234e-01
-2.492248e-01
-2.932044e-01
2.361710e-01
-1.650965e-02
-4.214010e-01
1.773432e-01
9.344857e-02
-2.042622e-01
-2.140214e-01
-6.588207e-02
-6.097620e-02
-2.816456e-02
-4.053884e-03
8.121642e-02
-2.998639e-01
-2.688813e-01
-2.806321e-01
6.289087e-02
-2.046075e-01
6.100697e-02
-2.389926e-01
-2.167240e-01
-5.076700e-02
1.171584e-01
5.764210e-02
3.320670e-01
1.250400e-01
-2.747106e-01
7.821589e-02
-6.951392e-02
-2.275163e-01
1.519094e-01
1.895160e-01
-9.287924e-02
1.101134e-01
1.320965e-01
-1.414334e-01
-5.362700e-02
1.563426e-02
2.007452e-01
5.402901e-02
-2.721224e-01
3.938040e-01
6.669444e-02
2.115347e-01
8.909550e-02
8.316380e-02
-1.663562e-01
4.965978e-02
4.773401e-02
-6.334949e-02
-2.035712e-01
1.379646e-01
-1.951834e-01
-2.471711e-01
