-2.871309e-01
-1.022065e-01
-6.214290e-02
-7.121186e-01
-4.958017e-01
8.234496e-01
4.150503e-01
8.324249e-01
2.525268e-01
-5.761566e-01
1.841685e-01
-1.092263e+00
6.955450e-01
4.460861e-01
-2.175370e-01
-1.000618e+00
2.019538e-01
-1.409017e-01
-3.898936e-02
-4.005511e-01
-1.075059e-01
-7.729819e-01
1.873903e-01
3.867976e-01
-9.107478e-01
4.850064e-01
-6.268119e-01
-3.213606e-01
1.434838e-01
2.651109e-01
6.317096e-01
6.196871e-01
-3.176522e-01
-3.714735e-01
1.435081e-01
4.468076e-01
1.396657e-01
-3.567757e-01
2.956231e-01
7.440231e-01
5.468624e-01
-3.653668e-01
8.076945e-01
-2.283851e-01
1.736976e-01
-1.914402e-01
2.882693e-01
2.907047e-01
-1.502125e-01
-3.047285e-01
-2.041254e-01
-8.141037e-01
-4.477076e-02
-1.039440e-01
2.099467e-01
3.695684e-01
-4.352478e-01
-4.102942e-01
1.895107e-01
-1.383087e-01
-4.260269e-01
-1.609183e-01
-1.049667e+00
-2.582015e-01
