-1.331187e-01
-2.128416e-01
3.637291e-01
-2.134079e-02
-1.904464e-01
1.986773e-01
1.497461e-01
4.731920e-02
-4.288272e-02
3.016797e-01
-4.145141e-01
-5.365854e-02
3.170744e-01
2.756834e-01
-1.294927e-01
8.228021e-02
1.206256e-01
1.749594e-01
4.021094e-02
1.363627e-01
1.639983e-01
6.437874e-02
2.115111e-01
-5.913341e-02
2.021931e-01
1.732173e-01
-6.709905e-02
-5.195645e-02
-3.574147e-01
5.850982e-03
1.186999e-02
-1.499357e-01
-3.750314e-01
2.182744e-01
8.199968e-02
-6.736743e-02
1.105815e-01
2.734928e-01
-6.284676e-02
-1.256416e-01
-3.123415e-01
1.538687e-01
7.475007e-02
-2.861660e-01
-2.993331e-01
-2.162028e-01
2.081307e-01
9.922044e-02
-1.493569e-01
-4.154899e-02
-3.151144e-01
8.778112e-02
3.118634e-02
-5.304947e-01
-1.096066e-01
1.160547e-02
3.643640e-01
5.060882e-02
4.820791e-02
4.337236e-01
9.375053e-02
1.252766e-02
-3.059141e-03
1.318485e-02
9.473091e-02
6.813108e-02
-9.829295e-02
-2.454779e-01
-1.462440e-01
-1.540634e-01
-1.022602e-01
-2.790904e-01
