4.394028e-01
8.301970e-03
-4.567020e-01
-6.686658e-02
7.873703e-01
-6.982639e-01
-9.403720e-01
-3.191583e-02
4.757415e-01
2.703931e-01
6.488081e-01
-2.532796e-01
-9.680994e-01
-1.867494e-01
6.270307e-01
-8.178316e-01
3.431990e-02
-1.219725e+00
-8.300170e-03
2.122744e-01
-1.244060e-01
2.650275e-01
-7.745237e-01
-4.802051e-01
1.105656e+00
-4.604860e-01
-2.904561e-01
-2.861846e-01
-2.226807e-01
5.057394e-01
2.350920e-01
9.223907e-02
4.560265e-02
3.844859e-01
2.281448e-02
-7.792670e-01
2.025336e-01
6.982343e-01
-2.310871e-01
-2.495543e-02
6.202237e-01
2.797509e-01
2.362610e-01
5.281505e-01
-1.913195e-01
-4.476644e-01
5.746597e-01
5.681706e-01
-5.575121e-01
3.420300e-01
9.476518e-01
2.584834e-03
7.394212e-01
-2.906433e-01
6.361899e-02
5.421727e-01
-1.970751e-01
6.889144e-02
-1.946213e-01
-3.962421e-01
3.191338e-01
6.339513e-01
9.247109e-01
1.121812e-01
