2.405446e-03
3.581484e-01
2.042026e-01
1.129541e-01
1.829648e-01
1.135749e-01
1.716940e-01
9.908561e-02
7.236793e-03
8.312771e-02
-1.121747e-01
-8.188315e-02
2.287486e-01
-1.674612e-01
-5.485208e-02
3.206045e-01
3.496688e-01
3.436382e-02
4.437120e-02
2.291538e-01
2.792187e-01
-8.767290e-02
7.461380e-02
1.549094e-01
5.029209e-02
3.612336e-01
2.213481e-01
-3.299452e-02
-8.096018e-02
-1.013561e-01
5.110323e-02
1.499839e-01
5.309288e-02
4.132203e-02
1.211060e-01
1.841918e-01
1.532528e-01
3.434667e-01
4.704127e-01
-1.291698e-02
1.560253e-01
1.015472e-01
-2.014385e-01
-1.821580e-02
1.054875e-02
1.755781e-01
1.524744e-01
1.812384e-01
-7.092002e-02
-2.085169e-01
1.707936e-02
-3.052369e-01
-2.130514e-01
-7.471618e-02
2.595256e-02
2.072160e-01
3.896249e-01
-8.796282e-02
3.128462e-01
1.631426e-01
1.771719e-01
6.654515e-02
3.054274e-02
-2.236155e-01
-9.440100e-02
2.027224e-01
-1.045556e-01
4.111655e-03
-1.258350e-01
-8.435286e-02
-2.135382e-01
-2.404872e-01
