-3.035914e-01
3.143000e-01
-1.843497e-01
2.494879e-01
8.293401e-03
7.566728e-01
-7.110165e-01
1.093316e-01
-6.350592e-01
9.254557e-01
1.255619e-01
-1.527814e-01
3.843745e-01
6.625179e-01
6.278297e-01
2.828523e-01
-3.742871e-01
-1.657907e-01
-5.676584e-01
-3.939186e-01
2.178051e-01
1.021579e+00
-1.039522e-01
6.667180e-01
9.589067e-01
-6.728460e-01
2.026753e-01
-1.244216e-02
-3.161443e-02
2.443336e-01
1.123484e+00
5.530820e-01
9.913753e-02
3.439999e-01
1.848088e-01
3.615272e-01
-1.015305e-01
1.515616e-01
-4.445345e-01
1.710000e-01
-9.215054e-02
7.377790e-01
-3.317793e-01
6.909857e-01
-4.707786e-01
-1.366724e+00
8.319335e-01
5.940219e-01
-1.706784e-01
3.556049e-01
9.111171e-01
1.070991e-01
-7.604164e-01
7.746682e-01
-6.000187e-01
-1.166776e-01
-5.898389e-03
-2.640140e-01
-2.731309e-01
4.359209e-01
7.417327e-01
-1.964478e-01
-5.643747e-02
-9.447621e-01
4.510493e-01
-7.168554e-01
-5.853531e-01
7.830803e-01
2.531979e-01
-5.017124e-01
3.494468e-01
4.007232e-01
3.383679e-01
-1.943861e-01
-1.741594e-01
-2.043304e-01
-5.931312e-01
1.675042e-01
-2.126622e-01
1.300788e-01
5.753056e-02
-8.934402e-01
1.306854e-01
3.575267e-01
2.188545e-01
8.136168e-01
5.414273e-01
-4.160955e-02
9.941822e-02
2.499160e-01
2.122585e-01
-2.698380e-01
9.346306e-01
-3.932690e-01
-4.065684e-01
-5.297095e-02
-7.365296e-01
2.365675e-01
-4.484867e-03
-4.107459e-01
2.411918e-01
-1.624980e-01
1.985811e-01
-3.693592e-01
1.113877e+00
-9.232289e-01
-2.736330e-01
-1.866360e-01
-2.792193e-01
6.782808e-01
1.126297e-01
7.966722e-01
-3.556025e-01
-2.576428e-02
-9.872075e-02
4.054629e-01
-7.330094e-01
6.023914e-01
-4.529966e-01
-5.420958e-01
-7.165528e-02
-9.486712e-01
-3.254603e-01
6.093388e-01
4.370933e-01
-8.433288e-02
-3.619038e-01
7.378247e-01
