4.309921e-02
7.496759e-02
1.282552e-02
-1.545893e-02
-2.544770e-02
-6.182560e-02
7.154673e-02
-1.178937e-01
-3.906896e-01
1.821192e-01
1.939283e-01
1.975830e-01
3.532628e-02
1.419489e-01
7.533156e-02
-3.306922e-02
1.048757e-01
1.065231e-01
2.819193e-02
3.887652e-02
-1.461489e-01
1.826952e-01
2.079905e-01
1.146142e-01
-7.786186e-02
-2.385102e-01
2.151472e-01
-6.749617e-02
-1.647873e-02
-2.292625e-02
-1.244975e-02
3.768737e-02
-9.780157e-02
1.383538e-01
2.476008e-01
3.600924e-01
-4.983677e-02
1.985699e-01
2.024539e-01
1.257743e-01
1.186996e-01
-7.307256e-02
-4.143362e-02
1.629756e-02
4.023730e-02
2.928665e-01
-1.887994e-02
-2.469495e-03
7.477625e-02
6.051579e-02
1.402817e-01
5.873908e-02
2.362836e-02
1.053358e-01
-2.187955e-02
-2.024752e-01
1.596466e-02
2.897423e-02
-5.053406e-02
-2.313827e-01
-1.958644e-01
-2.925386e-01
-2.582082e-01
6.776571e-02
-7.796044e-02
2.074818e-02
1.240973e-01
-7.673816e-02
3.995949e-02
3.432010e-01
-9.347078e-02
8.616697e-02
-1.984033e-01
-6.898298e-02
5.245216e-02
-1.431102e-01
6.377092e-02
8.647737e-02
1.786475e-01
-9.371918e-03
-4.677227e-02
6.837130e-02
6.637212e-02
2.308572e-02
-1.954368e-01
2.290959e-01
2.774550e-01
-1.039247e-01
-5.877134e-02
1.490351e-01
-1.302149e-01
-5.735515e-02
-1.448184e-01
1.309861e-03
2.653081e-01
-1.635888e-01
1.644341e-01
1.047733e-01
-2.088323e-02
-9.118772e-02
-6.570017e-02
-7.050189e-02
-5.321667e-02
-2.205232e-04
-6.897366e-02
-2.258944e-01
-3.065476e-01
2.490500e-02
-1.712729e-01
-1.619707e-01
1.832232e-02
1.415915e-01
-7.236732e-03
1.713836e-01
-2.372520e-01
-2.069346e-03
4.643833e-02
7.628614e-02
-1.111756e-01
6.383385e-02
-4.686776e-02
-8.494938e-02
8.834816e-02
-1.361805e-01
1.184312e-01
6.860807e-02
1.639469e-01
1.140795e-01
2.522166e-01
8.657186e-04
2.874900e-02
1.444442e-01
3.955986e-02
3.626611e-02
-4.759992e-02
-2.952290e-01
1.807496e-01
9.285416e-02
-4.232747e-02
6.243983e-02
4.146251e-02
3.110144e-02
1.511546e-01
2.388765e-01
