-1.731916e-02
4.005773e-01
-4.140395e-01
-4.078440e-01
-2.873111e-01
-2.783643e-01
3.425800e-02
8.181375e-01
3.800864e-01
-1.519745e-01
4.137926e-01
-2.930707e-02
3.216923e-01
4.753591e-01
-1.714835e-01
-6.820045e-01
-1.253261e-02
-7.341341e-03
-1.344658e-01
-2.279343e-01
-4.959302e-02
2.778124e-01
4.508351e-01
1.818072e-01
5.704489e-02
3.555179e-02
-7.901847e-02
2.942123e-01
1.917617e-01
5.074872e-02
7.388801e-01
-3.485214e-01
1.741532e-01
6.935237e-01
2.198265e-01
4.441005e-01
-3.227563e-01
-3.890203e-01
4.196562e-01
-3.557974e-01
-1.898538e-01
-2.486831e-01
-4.099788e-01
-1.628245e-01
-3.927893e-01
1.914408e-01
-7.303063e-01
-2.824562e-01
2.660237e-01
3.018892e-01
4.856018e-01
-3.544265e-02
4.242672e-01
1.145329e-01
-1.810286e-01
-3.915952e-01
2.891319e-01
7.057493e-03
-2.395190e-01
4.016526e-02
-4.762340e-01
-3.708083e-01
4.579099e-01
-3.692916e-01
2.381953e-02
-2.408311e-02
-6.069530e-01
4.312928e-01
9.874665e-03
4.695950e-01
1.092158e-01
-3.485524e-01
-5.500062e-01
1.074256e-01
-3.261427e-01
-3.764775e-02
-7.353441e-02
-4.258111e-01
4.923621e-03
-2.296679e-01
2.902231e-02
-3.804029e-01
1.707440e-01
7.569752e-01
3.133993e-01
-3.993100e-01
-1.070198e-01
-6.593572e-01
4.110461e-01
4.268529e-01
2.179307e-01
2.344327e-01
-4.200830e-01
3.793411e-01
5.456072e-01
-1.061662e-02
9.173076e-02
2.050780e-01
-4.119697e-01
-2.466923e-01
-5.639151e-02
-5.518315e-01
5.515077e-01
3.306398e-02
-2.646070e-01
1.125498e-01
-7.253716e-01
1.327224e-02
-3.702965e-01
-4.221904e-01
-1.463006e-01
-1.841180e-01
-1.945158e-02
-5.395474e-01
1.476143e-01
1.535957e-01
4.679524e-01
-5.133816e-03
2.259136e-01
5.840040e-01
-3.242194e-01
-1.771280e-02
-3.262640e-01
-1.290794e-01
6.556913e-01
1.179309e-01
3.443142e-01
6.960916e-02
-4.157594e-01
-2.107119e-01
-4.797823e-01
-6.388111e-02
3.649527e-01
-1.956896e-01
-8.315289e-02
-4.140731e-01
1.798173e-01
7.688490e-01
-2.361858e-01
-5.570986e-01
-2.315607e-01
8.799178e-02
1.893391e-01
3.648026e-01
-4.981692e-01
1.504269e-01
-1.904007e-01
-8.549935e-02
-6.151494e-01
3.000740e-02
-4.707706e-01
-3.029604e-01
-3.985490e-01
-2.580509e-01
7.766550e-01
5.277030e-01
2.698354e-01
4.399878e-01
-1.315158e-01
3.104426e-01
1.930749e-01
-2.082482e-01
-2.599936e-01
7.368712e-01
1.490808e-01
2.613970e-01
-2.491928e-01
5.246043e-01
-6.483818e-02
9.646435e-02
-3.169747e-01
-3.294332e-01
5.757542e-01
-3.548362e-02
2.555177e-01
4.997381e-01
-2.995307e-01
-4.636225e-01
3.716702e-01
2.183830e-01
-4.562182e-02
2.663930e-01
-1.918442e-01
5.280614e-01
-1.426217e-01
-2.171606e-01
-6.588551e-01
1.843990e-01
2.069501e-01
-1.610170e-01
5.328086e-01
-2.628122e-01
-6.007676e-01
-4.921573e-01
-5.016668e-01
2.407169e-01
-3.980013e-01
-6.531089e-01
-4.351262e-01
-4.991503e-01
3.264127e-01
6.825595e-01
-2.409118e-01
-4.278693e-01
4.037320e-01
3.497765e-01
-3.172323e-01
3.063579e-01
-3.819467e-01
-1.408614e-01
-4.509561e-01
-3.235776e-01
3.430071e-02
2.350900e-01
-2.195331e-01
2.684009e-01
3.705325e-01
-3.975885e-01
-1.255124e-02
3.138774e-01
-1.300258e-01
-2.032827e-01
9.604461e-02
2.879749e-01
-3.730069e-01
8.656647e-01
-9.623577e-02
-7.525995e-02
-3.707622e-02
3.698724e-01
2.781006e-01
-1.326252e-01
-3.724045e-01
2.777943e-01
3.383595e-01
-3.900887e-01
2.069416e-01
-2.460236e-01
3.020495e-01
5.077340e-01
-7.590981e-01
-1.717051e-01
-1.217346e-02
-5.806623e-01
6.280570e-02
1.354015e-01
-3.905718e-01
3.738104e-01
1.818693e-02
-4.556339e-01
-2.010553e-01
-5.642390e-01
3.125106e-02
-2.293941e-01
5.447475e-01
2.251962e-01
