-1.979655e-01
-1.359733e-01
7.249094e-02
-1.543724e-01
-1.338793e-01
-8.228152e-02
5.567010e-03
-2.374306e-01
-8.857487e-02
-3.616667e-02
-1.089739e-01
6.055081e-02
-9.114964e-02
-3.719690e-02
-1.303889e-02
1.621219e-02
5.746961e-02
-4.099323e-01
-2.115818e-02
5.129552e-02
-1.232349e-01
-9.897465e-03
-9.231660e-02
-2.335493e-01
-2.347469e-01
1.076669e-02
-1.526092e-01
1.828047e-01
1.775411e-02
2.133263e-01
1.867623e-01
1.389775e-01
1.089416e-01
1.003819e-01
-1.072554e-01
-2.266436e-02
1.991042e-01
1.795556e-01
1.023112e-01
2.711315e-02
2.327298e-02
3.966805e-02
1.406662e-01
1.379340e-01
4.422256e-02
1.428003e-01
1.144663e-01
2.705750e-01
1.611851e-02
-5.530337e-02
-1.050555e-01
-2.155053e-01
-2.712482e-01
-4.160675e-02
2.200291e-01
2.284764e-01
1.225016e-01
1.973553e-01
1.741152e-01
1.052731e-01
6.821450e-03
-6.735471e-02
-1.698846e-01
-1.538101e-01
-8.303080e-02
1.882293e-01
8.769492e-02
1.772273e-01
1.828247e-01
1.600241e-01
7.127724e-02
3.207652e-02
3.478246e-02
5.504909e-02
1.366531e-01
6.085484e-02
1.750362e-01
1.803842e-01
1.120512e-01
1.860288e-01
5.570251e-02
9.656289e-03
2.385536e-01
1.062590e-01
6.084177e-02
2.047155e-01
1.440555e-01
1.157867e-01
3.445959e-02
1.373921e-01
6.296302e-02
2.204104e-01
-1.388949e-01
1.044714e-01
1.854302e-01
1.119887e-01
2.845952e-02
1.452259e-01
1.415740e-01
1.507564e-01
1.344772e-01
-9.728455e-02
-1.922910e-02
-2.240706e-01
-3.829159e-01
3.825476e-03
-1.073381e-01
7.929010e-03
-1.217321e-02
-8.330442e-02
1.303126e-01
1.792754e-02
1.415741e-01
3.322544e-01
1.038629e-01
1.462754e-01
8.954823e-02
-3.772122e-02
-8.959508e-02
-9.186315e-02
-1.408387e-01
-1.337144e-01
-1.080545e-01
-1.110349e-01
-3.915533e-01
-1.490692e-01
6.900433e-02
3.030404e-02
2.174735e-01
2.322816e-01
-1.624374e-01
1.289932e-01
1.687026e-01
-4.149162e-02
-1.228576e-01
-1.866529e-01
-1.755059e-01
7.004358e-02
7.743605e-02
-6.720276e-02
2.254683e-03
1.339271e-01
-1.909676e-01
2.368747e-01
