3.398290e-01
-1.154612e-01
6.158637e-02
8.769857e-01
-2.334985e-01
3.322136e-01
3.022172e-01
3.563707e-01
-4.336390e-01
1.457832e-01
4.574232e-01
3.498936e-01
4.094027e-01
-3.306127e-01
5.844327e-01
-2.124126e-01
2.653071e-01
1.776292e-01
4.779229e-01
2.818097e-01
-9.542159e-01
4.159791e-01
5.268956e-01
-2.374563e-01
2.112944e-01
-7.948747e-04
6.159577e-02
-1.293094e-01
-8.724901e-02
-2.810347e-01
-1.328672e-01
3.842368e-02
6.668257e-01
-1.666522e-01
5.805140e-01
1.279888e-01
-9.124155e-02
-4.301497e-01
5.529948e-01
6.161827e-01
6.412826e-02
-4.942466e-02
-4.774631e-02
-5.696878e-01
-2.308475e-01
4.792688e-01
-4.624673e-01
1.416878e-01
-1.158182e-01
4.998276e-01
-2.362570e-01
1.895583e-01
3.845625e-01
4.321982e-02
4.905512e-01
-1.166545e-01
2.487425e-01
4.346603e-02
6.540163e-01
-5.161515e-01
-4.775731e-02
4.148780e-01
-6.779481e-02
2.255285e-01
3.526599e-01
3.859449e-01
-4.395397e-02
-9.117234e-01
8.611595e-02
-1.086768e-01
-3.746768e-01
-1.575236e-01
6.886750e-01
-3.231321e-01
-3.317174e-01
-3.457765e-02
2.287134e-02
2.252519e-01
-1.624097e-01
-5.765314e-02
-2.001831e-01
1.335827e-02
8.214306e-01
2.048694e-02
-3.500363e-01
-2.765768e-02
-6.009571e-02
-2.451086e-02
-2.996396e-01
5.819416e-02
-2.118001e-01
-2.813119e-01
1.261180e-01
3.743093e-03
-3.696232e-01
-1.847426e-01
7.348179e-01
2.794835e-01
4.423602e-01
-1.910172e-01
2.193369e-01
2.044606e-01
2.867762e-01
-4.641182e-02
1.617426e-01
-1.588498e-01
3.809424e-02
-5.614324e-01
4.138887e-01
-3.151253e-01
-4.478759e-01
-7.466514e-02
-1.289048e-02
-2.726725e-01
8.721934e-02
2.569814e-01
6.549217e-01
-9.536039e-02
5.065891e-01
-4.485091e-01
-3.365820e-01
-1.326257e-01
-7.863080e-02
-2.945918e-01
-4.671446e-01
3.384531e-02
-3.602468e-01
6.993985e-02
-2.682530e-01
-6.503831e-01
-2.657335e-01
2.471685e-01
1.169466e-01
2.391510e-01
2.970844e-01
4.048206e-01
2.913922e-01
3.025900e-02
-4.319649e-01
-1.686475e-01
-3.888696e-01
6.033857e-01
-4.969364e-02
-7.497752e-01
-3.559226e-02
7.019930e-01
6.291161e-02
-1.209387e-01
2.416563e-01
1.873378e-01
2.014381e-01
-1.749085e-01
-2.233968e-01
-2.575903e-03
7.288989e-01
-7.732757e-01
3.898332e-01
2.641345e-01
-1.635564e-01
2.953415e-01
-1.737872e-01
-6.916966e-02
-4.370739e-01
-5.711306e-01
-1.082432e-01
2.549723e-01
3.279156e-02
-5.197915e-01
-7.362363e-02
3.155628e-01
-1.121702e-01
2.391499e-01
-2.878884e-01
5.878806e-01
-5.900756e-01
4.679801e-01
2.049455e-02
2.673591e-01
4.906590e-01
-3.188134e-01
-3.332094e-01
9.945926e-02
3.198031e-02
2.507314e-01
-7.310911e-01
2.066068e-01
-2.250063e-01
3.335645e-01
4.429208e-02
-3.226204e-01
1.687122e-01
2.891811e-01
-5.859430e-02
3.658557e-01
-9.981222e-02
4.533688e-01
-6.131163e-01
3.564194e-02
3.601385e-01
-3.817485e-01
1.058049e-01
1.620007e-01
-1.339591e-01
5.048069e-01
-1.187630e-01
-1.126405e-01
7.818201e-01
-9.217077e-02
5.773759e-01
-7.711274e-03
-2.928481e-01
7.362049e-01
-1.331416e-01
-3.229271e-01
3.320487e-01
-2.751173e-01
-2.802970e-01
1.267025e-01
2.212542e-01
-4.791472e-02
1.994752e-01
-4.663914e-01
3.266713e-02
-8.080617e-02
2.382689e-01
3.200350e-01
3.269543e-01
4.569591e-01
9.233306e-02
3.727304e-01
-7.697201e-02
-2.137701e-01
4.548056e-01
-5.877399e-01
-2.918495e-01
-1.386771e-01
-6.344717e-01
3.269585e-02
3.737092e-01
4.829226e-01
6.583124e-01
-4.341461e-01
2.558213e-01
-2.157667e-02
-3.331769e-01
5.008339e-01
4.263898e-01
-1.741316e-01
2.845575e-02
-4.880160e-01
-4.549038e-01
-8.170263e-02
9.349640e-02
2.576601e-01
-7.676711e-02
-2.189849e-01
-3.524007e-01
1.202374e-01
2.777843e-01
-1.345615e-01
-2.412890e-01
1.794278e-01
-1.728986e-01
5.857296e-02
-3.958024e-01
3.375500e-01
4.192474e-01
-2.367015e-01
6.799944e-02
-2.219349e-01
1.369700e-01
2.034581e-01
1.394643e-01
2.218472e-01
-3.922402e-01
2.477548e-01
5.878053e-01
2.490377e-01
-1.081481e-01
2.654150e-01
-2.322571e-01
2.091901e-01
-1.162392e-01
-3.710655e-02
-1.392656e-01
3.023056e-01
9.499118e-02
-7.863805e-02
-2.430410e-01
-1.646393e-01
-5.234377e-02
-1.745265e-01
-1.948608e-01
3.655600e-01
3.268460e-01
-2.804976e-01
-5.510754e-01
-2.627053e-01
-3.665037e-01
-1.045494e-02
2.622890e-02
-6.053981e-01
5.135450e-01
-1.589000e-01
-2.409110e-01
-1.779474e-01
-7.010857e-01
3.106109e-02
-2.332931e-01
-9.382316e-02
-1.465623e-01
-4.729471e-01
-4.907784e-01
8.276779e-02
-3.699714e-01
5.956026e-01
2.943383e-01
3.042324e-01
-5.762054e-02
-4.669370e-01
4.517853e-02
-5.010030e-01
-1.410625e-01
6.252407e-02
4.198466e-01
2.376499e-01
1.933058e-01
-5.043564e-01
-6.048037e-01
1.982203e-01
3.593309e-01
-2.120419e-01
1.390821e-02
-1.395430e-02
1.502904e-01
-4.982954e-01
1.177957e-01
1.159999e-01
-5.830864e-01
7.063172e-02
5.569276e-01
-4.084741e-01
9.394395e-02
1.153919e-02
-2.446115e-01
2.082999e-01
8.413213e-03
-2.699811e-01
-4.878547e-01
1.184559e-01
1.383468e-01
-4.124599e-01
-1.992834e-01
-5.030273e-01
4.807819e-02
-1.494806e-01
-1.617866e-01
-7.667151e-02
-2.785026e-01
-7.803667e-01
-4.627229e-02
5.239632e-01
-1.194808e-01
5.150908e-01
2.566498e-01
1.526799e-01
-1.615042e-01
8.642283e-02
2.798581e-01
1.251869e-01
-2.235636e-01
-1.331276e-01
-1.832427e-02
3.334116e-01
3.116485e-01
3.269014e-01
6.034749e-02
6.614194e-01
2.625244e-01
3.529467e-01
-4.764068e-01
5.055768e-01
2.064387e-01
5.530635e-01
