-1.736203e-01
-2.413626e-01
1.683548e-02
-7.229702e-02
-1.140546e-01
-3.885427e-02
-1.552370e-01
-1.955331e-01
-1.857293e-02
2.027507e-02
6.399798e-03
6.063455e-02
6.267241e-02
-8.898909e-03
5.223840e-03
7.155671e-02
4.263475e-03
1.591359e-02
-1.377589e-01
-3.445531e-02
-4.791711e-02
-2.012227e-01
-1.262187e-01
-7.642366e-02
-1.154868e-01
-1.827136e-01
-8.276212e-03
2.483842e-01
1.297130e-01
1.697970e-01
1.325806e-01
-1.264418e-02
6.451436e-02
7.137934e-03
5.392607e-02
3.017722e-02
3.740797e-02
3.035220e-02
-8.920738e-03
8.350922e-02
9.401715e-02
1.352231e-01
7.924836e-02
1.318515e-01
1.589049e-01
1.443957e-01
1.093744e-01
1.334074e-01
3.319843e-02
-4.526260e-02
7.444393e-02
1.206391e-01
5.679965e-02
1.558415e-01
-1.196304e-01
-6.696659e-02
-4.076631e-02
-7.243054e-02
-1.575568e-01
-8.572052e-02
-1.174279e-01
-1.384023e-01
-1.927405e-01
-2.377318e-01
3.180204e-02
-1.405079e-01
-1.554227e-01
-1.730616e-02
-7.261828e-03
-6.790284e-02
-1.564112e-02
-1.335915e-01
1.583484e-01
1.623629e-01
1.520311e-01
9.732224e-02
9.714845e-02
1.102640e-01
1.106701e-01
1.218882e-01
1.483937e-01
-2.522386e-01
-2.560475e-01
-4.780376e-03
-1.131045e-01
-1.025528e-01
-6.687536e-02
1.231206e-01
1.288618e-02
1.388363e-01
2.141600e-01
5.653657e-02
1.691992e-01
1.009138e-01
-1.041225e-02
1.133987e-01
2.027193e-01
4.822584e-02
2.700293e-01
9.132224e-02
9.126972e-02
1.177248e-01
9.628506e-02
5.133132e-02
1.212898e-01
-1.565399e-02
1.347165e-01
1.374334e-01
1.117882e-01
-2.886630e-02
6.554257e-02
6.763770e-02
-1.470557e-01
-1.165292e-01
1.478144e-01
-9.804454e-02
-1.262026e-01
-7.048614e-02
6.025464e-02
-5.971867e-02
-1.736618e-01
1.067155e-02
4.299458e-02
6.622154e-02
-1.095184e-01
4.919460e-02
-2.202740e-01
-5.094084e-02
3.890447e-02
-4.437812e-02
9.572662e-02
8.128031e-02
4.425833e-02
6.481780e-02
1.500753e-01
-2.248983e-01
-3.847035e-02
-1.637549e-01
-1.852595e-02
-1.451842e-02
-2.301265e-02
-2.054328e-01
-7.292164e-02
-1.099867e-01
-1.971644e-01
-6.482492e-02
1.371412e-01
1.670181e-01
-1.043248e-01
-1.245461e-01
1.263940e-01
7.625882e-02
-2.105130e-01
1.140114e-01
1.022967e-02
1.594470e-01
4.919261e-02
7.153936e-03
6.982151e-02
1.446345e-01
9.271756e-03
1.228800e-01
1.073021e-01
1.322339e-01
8.803976e-02
8.732392e-02
1.128994e-01
1.369618e-01
1.061156e-01
1.694333e-01
2.150560e-01
-1.629911e-01
-8.415138e-02
-1.482947e-01
1.672995e-03
6.990978e-03
-5.496059e-02
-1.962471e-01
-9.624986e-02
-2.270273e-01
1.536087e-01
9.502504e-03
1.878094e-01
1.323359e-01
-3.929998e-02
9.920129e-02
1.675696e-01
5.194619e-04
1.185224e-01
1.861500e-01
8.945460e-03
1.861773e-01
5.065014e-02
6.250571e-02
5.776667e-02
1.648033e-01
4.266245e-03
9.987800e-02
1.268220e-01
1.027186e-01
1.254718e-01
1.036467e-01
7.058245e-02
1.077608e-01
1.173735e-01
7.247737e-02
1.010062e-01
-1.802695e-01
7.531989e-02
1.366920e-02
-1.805176e-01
6.940915e-02
7.428648e-02
-1.962122e-01
7.190415e-02
8.714570e-02
