-1.510308e-01
-4.769509e-02
1.242185e-01
6.918412e-02
6.978775e-01
-2.449715e-02
-3.274286e-01
-6.018913e-01
-1.187036e-01
-2.550069e-01
-1.299621e-02
-1.667842e-01
-4.910099e-02
3.853842e-01
-1.369506e-02
2.196214e-01
3.297549e-01
-2.606317e-01
1.477521e-01
3.618756e-01
-1.105930e-01
1.142530e-02
1.151927e-01
1.277649e-01
-2.554339e-02
-6.292205e-01
2.885089e-01
1.917928e-01
-4.545762e-01
1.415378e-01
-1.072801e-01
3.232404e-01
-1.997576e-01
2.011614e-01
-8.137252e-02
-9.973619e-02
8.981655e-02
2.649637e-01
2.200279e-01
9.634974e-02
-5.542172e-01
1.303009e-01
-8.700376e-02
-6.358581e-01
-4.250689e-01
-3.132822e-02
3.981351e-01
-3.462587e-01
-1.905767e-02
-4.221687e-01
-3.256901e-03
1.848578e-01
-1.487352e-02
1.199813e-01
-4.356559e-01
-6.929629e-02
1.827545e-01
-6.171060e-03
-1.621092e-01
5.022549e-02
-2.737423e-01
5.309554e-02
-2.553787e-01
1.162013e-01
-4.419687e-01
-1.274138e-01
-4.942997e-01
-4.840276e-01
-1.080365e-01
1.118502e-01
2.402241e-01
-4.270474e-01
1.651859e-02
2.228011e-01
1.804278e-02
1.967814e-01
-3.616775e-01
-6.251332e-01
2.868589e-02
2.150341e-01
2.228425e-01
1.971407e-01
3.808154e-01
2.117008e-02
-3.329505e-02
-2.517412e-01
1.164522e-01
-2.547392e-01
-3.678473e-02
-2.398469e-01
2.102850e-02
-8.623548e-02
-4.901337e-01
2.033958e-01
7.866123e-01
1.642092e-01
6.796840e-01
3.107641e-01
-2.688356e-02
-3.122264e-01
-5.958618e-02
3.723220e-01
4.452288e-02
-4.350367e-01
2.798232e-01
1.494200e-01
-1.018857e-01
-6.727499e-02
-4.829836e-01
3.489171e-02
-1.187388e-01
-1.037617e-01
-1.687678e-01
-5.049268e-02
-3.054508e-01
8.349318e-02
3.481293e-01
9.531179e-02
3.225245e-02
-5.323461e-02
2.557371e-01
1.860370e-01
-5.423297e-01
3.331742e-01
3.983750e-02
-2.934702e-02
-4.058233e-01
6.515045e-01
1.099542e-01
2.926464e-01
-5.122690e-01
2.334323e-01
1.436599e-01
2.057548e-01
2.671220e-02
-5.429951e-01
-1.586554e-01
2.104558e-01
-2.883908e-01
3.635486e-01
3.706381e-01
-1.550943e-01
5.218008e-01
-7.295167e-02
-1.598374e-02
3.916579e-02
-6.251166e-02
1.108238e-01
-4.787247e-01
-3.143241e-01
2.653279e-01
4.535658e-01
4.627226e-01
-1.554802e-01
3.776127e-01
1.874382e-03
1.506815e-01
-2.265700e-01
3.969315e-01
-2.840433e-01
2.179843e-01
-4.667256e-01
3.268008e-01
-3.385634e-02
-2.287619e-01
-2.041296e-01
7.536761e-01
1.830463e-01
2.095207e-01
-2.208594e-01
-7.409578e-02
-7.847096e-02
1.155355e-01
-1.643775e-01
-8.567997e-02
-7.431929e-01
-1.648707e-01
3.418189e-01
-1.746947e-01
-9.865039e-02
1.082050e-01
-9.271542e-03
-4.336948e-01
-1.588657e-02
1.224169e-01
4.534178e-01
-3.756243e-01
-3.135512e-01
3.609515e-01
3.265639e-01
-2.024726e-01
9.987304e-02
-1.447523e-01
3.208568e-01
2.828103e-01
5.028770e-02
-1.715804e-01
3.525141e-01
6.470609e-02
4.797482e-01
1.938357e-01
-7.674443e-01
3.537124e-01
-1.945315e-01
-5.542496e-01
-2.190010e-01
7.773261e-02
2.280217e-01
-1.443961e-01
7.129245e-02
2.038777e-02
-2.390830e-01
-2.972525e-01
-4.950933e-01
2.051571e-01
-5.022585e-01
-1.579070e-02
-9.606042e-02
5.067163e-01
-6.908703e-01
-6.649359e-02
-3.974858e-01
6.150038e-01
-6.774117e-01
5.933306e-02
2.692777e-01
2.722956e-01
-2.570598e-01
-9.621767e-02
2.755815e-03
-4.990561e-02
2.009448e-01
-2.301649e-02
-1.430492e-01
1.146302e-01
-7.499167e-01
4.178362e-01
3.070430e-01
-3.346944e-01
4.390874e-02
9.037977e-03
-3.701643e-01
-1.173402e-01
3.262408e-01
8.149175e-02
-2.910747e-01
-4.377737e-01
1.996223e-01
1.226018e-01
2.736088e-01
-4.906395e-01
1.789102e-01
1.135534e-01
5.549418e-01
3.784330e-02
-5.311154e-01
-5.142677e-01
1.591869e-01
-3.099075e-01
6.890696e-02
-1.171538e-01
-1.367749e-01
2.652419e-01
-3.644388e-01
-2.732395e-01
-1.983577e-01
4.996738e-02
3.543060e-01
-2.143616e-01
1.000192e-01
-1.853391e-01
4.685907e-01
-1.521304e-02
2.052747e-01
-3.653648e-01
9.029500e-02
1.214791e-01
5.812286e-01
5.254930e-02
-3.622359e-01
-1.206134e-01
-3.007042e-01
-5.796948e-02
-2.076333e-01
3.921747e-01
-3.497355e-01
3.631218e-01
1.801473e-01
-5.127681e-01
3.508025e-01
3.204323e-01
1.318734e-01
1.634541e-01
1.190253e-01
-1.941194e-01
-9.841736e-02
-6.021187e-02
-3.172108e-01
2.483531e-01
4.261124e-01
-1.893414e-01
-2.560110e-01
7.010201e-02
1.958737e-01
5.473415e-01
-2.931777e-01
-1.213866e-02
3.864188e-01
-2.861807e-01
4.475522e-02
1.039769e-02
2.035111e-01
-4.608966e-01
1.221680e-01
-9.674999e-02
5.986884e-02
6.935609e-03
-6.800621e-02
-4.285752e-02
7.075947e-02
-2.814322e-01
3.794635e-01
3.719534e-02
-1.567858e-01
6.195011e-01
-5.608520e-01
1.496003e-01
-4.596419e-02
4.585950e-01
1.731160e-01
2.787274e-01
6.410374e-02
1.292244e-01
1.647380e-01
-3.223492e-02
7.468154e-01
1.060157e-02
2.562041e-01
-1.870280e-01
8.734672e-02
1.198640e-02
1.358814e-01
-5.769689e-01
-1.283059e-02
-1.320348e-01
6.191441e-02
-5.199898e-01
-1.683682e-01
1.450978e-01
4.325913e-01
2.776062e-02
-5.352134e-01
-3.144543e-01
4.131983e-01
-2.580335e-01
-1.944439e-02
8.167817e-02
-7.612401e-02
1.737442e-02
-7.619195e-02
2.086773e-02
4.953534e-02
-1.342683e-01
-9.880668e-02
-5.713649e-02
-1.375598e-01
2.449790e-01
-1.269017e-02
5.687636e-01
1.841148e-02
4.980908e-02
-1.952577e-01
-7.337902e-02
-2.171209e-01
2.967349e-01
-2.792302e-01
-6.607267e-02
-1.613047e-01
3.679499e-01
-5.204354e-02
1.769002e-01
-4.242853e-01
-2.776881e-02
1.272381e-01
-1.733117e-01
1.931252e-01
-1.204001e-01
7.274220e-02
-1.389221e-01
-1.802063e-01
-5.903003e-01
-6.895599e-02
-1.465385e-01
2.822936e-01
-2.428748e-01
6.220567e-01
4.886504e-01
1.470555e-01
1.480097e-01
-3.799160e-01
2.053064e-01
-1.347388e-01
8.876342e-02
1.923016e-01
1.896426e-01
2.246507e-01
9.314519e-02
7.602801e-01
2.185723e-01
2.279361e-01
1.210114e-02
-4.047187e-02
1.866482e-01
2.527766e-01
7.659368e-02
-3.887274e-01
3.504231e-01
-3.254080e-01
-2.998596e-02
-2.113641e-02
-2.850539e-01
5.303698e-01
1.293481e-01
-1.445239e-01
-3.951768e-02
-9.977335e-03
3.409459e-02
1.027227e-01
-2.788180e-01
-3.405126e-01
-3.254158e-02
-1.177323e-01
-1.279847e-01
-9.801401e-02
7.558893e-02
5.893157e-02
-6.139909e-01
1.883304e-01
-1.355659e-01
2.003945e-01
-2.072184e-01
1.259528e-01
-2.939417e-02
2.831334e-01
-3.432757e-01
2.241100e-01
1.705388e-01
-1.385871e-01
-2.778987e-01
-2.018177e-01
-5.685408e-01
-5.597906e-01
4.061728e-02
2.376916e-01
-1.631382e-02
-3.080812e-01
-2.216273e-01
-2.623032e-03
-2.742615e-01
-3.031411e-01
1.349435e-01
-2.285452e-01
-6.701872e-02
8.235247e-02
1.020810e+00
1.541426e-02
3.553751e-01
-1.071780e-01
-2.685376e-01
4.523399e-01
-1.402119e-01
-4.294995e-01
-3.540813e-01
7.575844e-02
-4.232660e-02
2.120890e-01
8.386774e-02
1.025219e-01
1.607812e-01
-4.069738e-01
1.430002e-01
-1.730991e-01
-3.369190e-01
-3.079507e-01
2.408422e-01
4.606495e-02
-4.801822e-02
-2.648963e-01
4.615597e-02
3.083090e-01
-3.418300e-02
-1.820422e-01
2.415521e-01
-3.839751e-01
-1.850278e-01
3.666044e-01
2.313196e-01
5.660543e-01
-8.142721e-02
-6.962484e-02
-2.389808e-01
5.204942e-01
3.291011e-01
5.717824e-02
-6.687089e-01
3.548634e-01
3.270120e-01
2.299599e-01
5.215032e-02
-2.997882e-01
-3.802649e-01
1.783546e-01
-2.147966e-01
5.816280e-02
-6.415240e-03
3.982681e-01
1.439721e-01
7.529914e-04
1.992576e-01
-1.880406e-01
2.547038e-01
-5.082290e-01
1.145607e-01
4.875016e-01
2.855853e-01
1.605565e-01
-1.397578e-01
3.477014e-01
-4.371658e-01
-2.019628e-03
5.326712e-01
-2.348198e-01
2.937839e-02
-4.055589e-01
3.236133e-01
-4.113925e-01
-2.030029e-01
-2.423159e-01
-1.961094e-01
-1.390777e-01
1.253538e-02
2.198687e-01
1.103906e-01
2.026236e-01
-2.505661e-01
-1.595205e-03
3.043422e-01
-6.323286e-01
2.880136e-01
-3.527621e-01
-3.741846e-01
1.211367e-02
-8.199427e-02
6.940768e-03
3.559726e-01
-1.297968e-01
2.566597e-01
-3.180571e-01
-8.424176e-02
-4.629791e-01
-1.469856e-01
-4.687372e-01
3.416469e-01
-9.861291e-02
1.735361e-01
1.498679e-01
2.094757e-02
4.265640e-01
-6.124896e-02
-3.051541e-01
3.025233e-01
-2.026782e-01
-1.012750e-01
2.147944e-01
-4.270006e-01
1.373928e-01
