-6.954360e-01
-2.503071e-02
5.381885e-02
-3.283265e-01
6.315211e-01
-1.170897e+00
-6.728246e-01
6.954974e-01
-2.943272e-01
6.261168e-01
-7.748515e-01
-3.750040e-01
-1.664003e-01
5.323216e-01
-5.143055e-01
-1.516084e-01
-1.423179e-02
-7.326039e-01
3.179033e-01
-9.464406e-02
7.426362e-01
-5.106808e-01
4.763466e-01
4.492391e-01
-3.702386e-01
-1.988223e-01
-3.929387e-01
5.217315e-01
2.534589e-01
-7.872049e-01
7.488574e-01
-7.784835e-01
5.125640e-01
3.751520e-01
-3.276449e-01
-3.380635e-01
-6.250297e-01
-6.430776e-01
-7.170231e-01
9.717223e-01
-8.926651e-01
6.603712e-01
-2.021937e-01
8.659078e-01
-7.763953e-01
-1.895998e-01
6.103460e-01
6.423042e-01
4.608447e-01
-3.259050e-01
-7.828157e-01
3.078749e-02
-3.277823e-01
6.784849e-01
2.886274e-01
1.862232e-01
-7.238065e-02
-9.553753e-01
-3.771699e-01
5.277807e-01
4.914036e-01
7.555512e-01
-2.403326e-01
-4.273241e-01
7.836387e-01
-5.680900e-01
-6.131350e-01
-7.195798e-01
1.981024e-01
9.903206e-01
-1.081097e+00
-9.501127e-01
-6.984267e-02
3.929254e-01
6.227099e-01
9.034219e-02
3.543055e-01
5.057681e-01
-8.173816e-01
3.977624e-01
-9.457797e-01
-1.720325e-03
7.016713e-01
1.417245e-01
-1.029351e+00
-3.308902e-01
3.487350e-01
-3.166832e-01
-5.934337e-03
-9.279186e-02
5.143312e-01
4.911169e-01
4.945461e-01
-1.949787e-01
-2.249579e-01
-6.721222e-01
-4.410940e-01
5.860586e-02
-5.545655e-01
-1.086731e+00
-6.213561e-02
-6.946329e-01
-1.080876e+00
1.253228e-01
-1.004944e+00
1.099255e-01
2.110854e-01
-7.170757e-03
-1.988866e-01
6.414564e-01
3.734834e-01
-3.099907e-01
5.309529e-01
-7.885346e-01
4.433132e-01
-1.288618e+00
-1.104612e+00
8.438932e-01
8.545057e-01
6.024258e-01
9.716389e-01
-4.520756e-02
3.616939e-01
-7.313882e-02
-3.009430e-01
-4.095252e-01
-7.926575e-01
3.907748e-01
8.371572e-03
-6.342790e-02
3.297053e-01
-1.326597e+00
1.261925e-01
-2.820048e-01
-2.791288e-01
-4.762526e-01
-9.906995e-01
3.500846e-02
-2.663740e-01
4.196547e-02
6.951174e-01
6.710320e-02
-8.349491e-02
5.583439e-01
-1.489609e-01
1.022272e+00
4.773717e-01
5.395167e-01
-4.709066e-01
2.072758e-01
7.685044e-01
-8.315166e-01
9.410492e-01
-5.712315e-01
2.819458e-01
8.395105e-01
-1.341070e-01
-7.238782e-01
-7.719444e-01
-1.320975e-01
-5.188766e-01
-4.557370e-01
6.090915e-01
-1.860704e-01
8.456323e-03
-3.818547e-01
-1.115912e-01
-5.853898e-01
1.083084e-01
-8.042263e-01
-2.329135e-01
-1.071635e+00
8.444816e-01
3.234430e-01
-9.588981e-01
-9.764976e-01
8.221925e-01
-1.040918e+00
-8.989640e-01
-4.130394e-01
9.093829e-01
-8.532713e-01
5.106586e-01
-4.924783e-01
3.712541e-01
1.015266e+00
7.833976e-01
-5.429722e-01
-1.098483e+00
6.528987e-01
-5.515181e-01
-8.589344e-01
