-3.693061e-02
1.158318e-01
-1.007621e-01
9.041405e-02
-1.929057e-01
3.603530e-02
-9.325735e-02
-2.205034e-01
-1.246748e-01
-2.066134e-01
1.743321e-01
-4.773706e-02
1.565894e-01
-1.238517e-01
4.130804e-02
-2.749493e-03
1.846281e-02
-2.445371e-01
-2.159721e-01
-7.094615e-02
2.106243e-01
9.584887e-02
2.035918e-01
1.086421e-01
-8.807869e-03
-2.750835e-02
9.779659e-02
1.994292e-01
7.180502e-02
-1.887382e-02
-1.219877e-01
-7.576183e-02
1.733924e-01
-1.375076e-02
-5.796201e-02
-4.102165e-02
2.998813e-01
3.392782e-01
2.076411e-02
1.225706e-01
1.396239e-01
1.718033e-01
-2.200398e-01
-1.678270e-01
-1.329486e-02
2.666168e-01
2.018704e-01
2.938668e-01
-5.115360e-02
-1.227034e-01
2.595631e-01
-1.910725e-03
-2.025968e-01
-1.841014e-01
1.926887e-02
2.856132e-01
3.038679e-01
2.396591e-01
1.492144e-01
2.376812e-01
-9.804890e-02
-2.121814e-01
1.165693e-01
1.160856e-01
1.051932e-01
-1.328200e-01
-2.667359e-02
2.205823e-01
3.822673e-02
-2.253108e-01
3.196637e-02
-7.829100e-02
1.165001e-01
5.091725e-02
1.590214e-01
1.009334e-01
2.253907e-01
-6.311445e-02
-1.215028e-01
3.098815e-02
-9.740680e-02
-3.082325e-01
5.036561e-02
-1.566350e-01
-4.653021e-02
1.683225e-01
-2.226324e-02
-4.831813e-02
3.708421e-01
3.143241e-01
-1.012737e-01
-2.751703e-01
-3.570524e-01
9.429546e-02
2.575386e-01
3.330168e-02
2.048865e-01
-7.841863e-02
2.425037e-01
7.659262e-02
-1.013593e-01
-1.026746e-01
-9.813140e-02
-6.913169e-02
5.820687e-02
2.843870e-01
1.389188e-01
9.034183e-02
1.938069e-01
-6.885003e-02
3.512114e-02
-1.058475e-01
8.270491e-02
1.242873e-01
-1.025582e-01
-1.400428e-01
-1.889124e-01
-1.323664e-01
-1.268247e-01
1.262868e-01
1.010222e-01
-1.153758e-01
-1.618531e-02
1.661663e-01
-1.739576e-01
8.486777e-02
-1.984739e-01
1.578648e-01
-1.247036e-04
2.029285e-01
7.080843e-02
5.271657e-03
9.583975e-02
-1.158188e-01
7.360818e-02
3.135504e-02
2.427771e-01
1.522111e-01
-1.144092e-01
-1.143247e-01
3.078557e-02
-2.146945e-02
-2.136082e-01
-2.561961e-03
-1.419080e-02
-1.197755e-01
3.010496e-01
-1.461413e-01
1.410919e-01
3.683109e-02
-1.560879e-01
8.715727e-02
-8.737445e-02
-2.061760e-01
2.352712e-01
3.031614e-01
-1.283480e-01
-7.664213e-02
3.111380e-01
-2.190853e-01
-1.522531e-01
2.090310e-01
3.753175e-01
2.330913e-01
1.377481e-01
2.879274e-02
-2.054372e-01
1.623624e-01
-1.091032e-01
-2.945377e-01
-2.524404e-02
3.715450e-01
1.724086e-01
-5.237201e-02
-9.541172e-02
-3.081376e-02
-1.534558e-01
-1.938959e-01
-1.095765e-01
-7.009146e-02
3.534799e-01
3.616379e-02
2.414124e-01
4.118622e-03
-2.616392e-02
8.092919e-02
-1.868538e-01
1.154998e-01
-5.728503e-02
-2.239327e-01
8.274585e-02
1.556162e-02
-1.692024e-01
1.357495e-01
6.410943e-03
2.366662e-01
1.779555e-01
-3.719172e-02
-3.237738e-02
3.258043e-02
-1.084348e-01
-2.772828e-02
-1.228663e-01
-2.439421e-01
2.158255e-01
2.590073e-01
4.374521e-02
3.172565e-02
1.122833e-01
-1.562867e-01
-4.740401e-03
-8.974829e-02
-4.340840e-02
1.235100e-01
-6.862517e-02
1.910499e-01
