-6.558331e-03
4.429502e-02
-5.175683e-02
-1.377568e-01
-1.543438e-01
-1.974681e-02
1.166641e-01
5.591771e-02
-1.149115e-01
-6.403952e-02
2.636320e-02
2.473063e-02
1.445035e-01
8.813658e-02
1.574438e-02
2.480082e-01
-1.079340e-01
-1.221815e-01
-1.058144e-01
-7.588287e-03
1.990174e-01
1.228954e-01
1.040997e-01
2.291982e-01
2.141116e-01
1.695030e-01
-1.589290e-02
-1.259360e-01
-7.038649e-03
-8.239160e-02
-7.936855e-02
3.125355e-02
1.019955e-02
-3.399029e-02
-4.166548e-02
7.013141e-02
1.523959e-01
5.576807e-02
-1.454685e-01
9.646396e-02
5.746162e-02
1.728289e-01
-3.874747e-03
1.437563e-01
1.615780e-01
-9.526297e-02
-9.581266e-02
1.386538e-02
-1.124529e-01
-2.627497e-01
4.341688e-03
1.043679e-01
-1.984598e-01
-9.059717e-02
1.626092e-01
6.127312e-02
-1.021410e-02
-6.844690e-02
-1.338326e-02
-6.059756e-02
-6.095292e-02
-2.241520e-02
2.163643e-02
1.232924e-01
-1.222468e-02
-5.918048e-02
-6.070770e-03
-4.673221e-02
1.410452e-02
2.042631e-02
9.941501e-02
2.083997e-02
-2.639743e-01
-1.551237e-01
7.349755e-02
1.204973e-01
7.797161e-02
-5.541814e-02
1.388687e-01
-2.126996e-01
-8.700132e-02
-3.276684e-01
-3.862416e-01
9.665658e-03
-1.639717e-01
3.838274e-02
-5.575069e-02
1.335295e-01
3.553716e-01
2.006813e-01
-2.733906e-01
-3.051934e-01
-3.299721e-01
6.047831e-02
8.278326e-02
-1.892848e-01
2.414660e-01
1.988079e-01
2.708639e-01
2.214053e-01
1.564514e-01
2.946613e-01
7.963780e-02
3.873572e-01
3.879858e-01
-8.609459e-02
2.436092e-01
1.307389e-01
-1.328583e-01
-1.034495e-01
-7.646136e-02
1.116189e-01
1.140017e-01
-1.060180e-01
4.336306e-02
1.291207e-02
2.766441e-02
-1.668667e-01
-4.160013e-01
-1.751838e-01
-4.478044e-03
-7.434747e-02
-3.421756e-01
3.106683e-01
1.627035e-01
6.196566e-02
-6.328843e-01
-6.848814e-01
-2.735937e-01
-5.517215e-01
-3.699563e-01
-3.942129e-01
4.680504e-02
6.434017e-02
2.297509e-01
1.799511e-01
2.729141e-01
2.623883e-01
-1.310475e-01
2.027303e-01
-4.035003e-02
4.619509e-02
-1.738876e-01
-2.419250e-01
-8.474852e-02
-1.036780e-01
1.575903e-01
-8.027506e-03
-1.809229e-01
6.218014e-02
-5.650781e-02
-1.098034e-01
-1.545754e-02
-3.367269e-02
5.624542e-02
1.652584e-01
-1.310018e-01
-1.635287e-01
3.691307e-02
-1.223419e-01
1.692142e-01
1.372844e-01
1.299202e-01
-1.288228e-01
1.033217e-01
-6.495263e-02
1.451584e-01
-9.574783e-02
-8.772690e-02
3.660396e-02
-1.044389e-01
-2.466273e-02
1.296700e-01
-3.528688e-02
-1.608866e-01
1.558966e-02
7.716169e-02
-2.133709e-01
-5.759783e-02
1.037721e-01
5.496000e-02
-7.045142e-02
1.024840e-01
1.008006e-01
-5.530753e-02
1.096701e-01
-7.674499e-02
1.341055e-01
1.693934e-01
-1.193769e-02
-2.562428e-01
-1.125361e-01
-9.424911e-02
7.824355e-02
2.228019e-02
-1.102650e-01
-5.470079e-02
-1.085321e-01
-1.136317e-01
-1.194698e-01
-1.412831e-01
-8.369309e-03
-6.321934e-02
-1.845423e-01
1.132451e-01
-1.663765e-01
-6.427804e-02
1.345654e-01
-9.381574e-02
-1.126486e-01
1.288273e-01
1.188343e-02
6.730495e-02
-1.510909e-02
-1.112360e-01
5.273514e-02
-2.324868e-01
-1.516151e-01
-1.456878e-01
-2.009254e-01
-4.802421e-02
1.685645e-02
5.957924e-03
3.447498e-02
-1.021492e-01
-3.067934e-02
1.725442e-01
6.265351e-02
1.482152e-01
-1.596342e-01
-4.511433e-02
1.155526e-01
1.778933e-01
2.139731e-01
6.418414e-02
2.138790e-01
-7.231006e-02
-7.389005e-02
8.292234e-02
2.156089e-01
-1.708153e-02
1.270075e-01
2.997318e-02
-1.585378e-01
4.285692e-02
-1.070712e-01
-4.991182e-02
7.263301e-02
-2.966875e-02
-1.170602e-01
1.706477e-01
-1.156864e-02
-1.123528e-01
-4.953255e-02
1.323557e-01
-4.151475e-02
4.937227e-02
1.145039e-01
7.916572e-02
-8.823617e-02
-8.898906e-02
-1.483377e-01
8.582781e-02
9.352280e-02
-1.296453e-01
-8.315218e-03
-1.454709e-01
-4.409351e-02
-7.536546e-02
-2.459398e-01
-2.726118e-02
-5.315020e-03
-1.408492e-01
1.201018e-01
7.830361e-02
9.577808e-02
-5.014711e-02
-4.692984e-02
5.470821e-03
4.587730e-02
1.012892e-01
1.006063e-02
-9.813686e-02
1.566350e-01
-6.633279e-02
-5.563914e-02
1.110331e-01
5.824158e-02
1.708593e-01
2.585947e-01
2.993231e-01
4.832821e-02
3.597892e-01
-7.448198e-02
2.230189e-02
1.680438e-01
-7.719190e-02
4.258813e-02
2.001823e-01
1.234372e-02
-3.356497e-04
2.665481e-01
2.268083e-01
1.191415e-01
-2.357177e-02
-2.762857e-02
1.635747e-01
3.589262e-02
3.212350e-01
-1.313193e-01
1.440333e-01
1.249903e-01
-2.345409e-01
-8.997349e-02
-1.418660e-01
-1.829618e-01
-2.918038e-01
-1.727614e-01
-2.905891e-01
-3.685211e-01
-1.127796e-01
-2.043668e-01
-3.384390e-01
-3.103191e-01
-2.602900e-02
1.270439e-01
2.136216e-01
-2.960012e-02
-1.315622e-01
2.226118e-01
-2.180437e-01
-1.157579e-01
1.337832e-01
3.471997e-01
2.742697e-01
1.313272e-01
7.439887e-02
4.384409e-01
1.660529e-01
9.628174e-03
1.385040e-01
2.878832e-01
8.366268e-02
5.464125e-02
3.818825e-01
-5.015888e-02
3.273257e-01
9.542485e-02
1.934734e-01
1.800115e-01
3.783320e-02
-1.374499e-01
-9.610925e-03
-1.274724e-01
-2.056076e-01
-2.084024e-01
-1.323153e-01
1.354834e-01
7.739323e-02
-1.329686e-01
2.611960e-01
2.595170e-01
2.313513e-01
3.731015e-01
-6.649119e-02
1.013505e-02
6.528211e-02
7.717910e-02
8.128479e-02
8.902378e-02
2.170852e-01
-2.033845e-02
-1.285043e-01
1.147822e-01
5.716006e-02
-3.389852e-02
-1.906267e-01
-2.895176e-02
2.034119e-01
2.080540e-01
1.264240e-01
1.258611e-02
2.939633e-02
9.135520e-02
-1.625852e-01
-1.384697e-01
-5.199392e-03
2.014447e-02
-1.561460e-01
-1.576514e-01
-2.564490e-01
-1.565916e-01
-2.160923e-01
-9.506309e-04
3.878514e-02
-1.034752e-01
1.409402e-01
7.394500e-02
4.248865e-02
-1.604775e-02
-1.960464e-01
-7.971312e-02
7.133315e-02
-1.718729e-01
4.127590e-02
2.503479e-01
1.864473e-01
2.196379e-01
1.962312e-01
1.352795e-01
2.097820e-01
7.801309e-03
8.046596e-02
1.903479e-01
4.861994e-02
2.080065e-01
3.716263e-01
-4.037925e-02
-3.054615e-02
6.260656e-02
1.263339e-01
1.155953e-01
-1.457154e-01
1.286173e-01
1.691345e-02
7.167430e-03
-5.635829e-02
2.149940e-01
-1.140393e-01
-2.320627e-01
-2.007675e-01
1.022977e-01
1.296652e-01
1.639190e-02
1.828591e-02
-2.739322e-02
-8.827792e-02
4.704452e-02
3.493465e-01
2.174483e-01
3.317748e-02
-2.071876e-01
-1.927757e-01
-1.846329e-02
2.623634e-01
1.981764e-01
1.000060e-01
-2.050299e-02
1.710172e-01
8.343355e-02
5.087263e-02
1.418801e-01
1.341343e-01
-1.439129e-01
1.024732e-01
-7.400580e-02
5.622609e-02
2.184380e-01
-2.513239e-02
2.895491e-01
1.603211e-01
1.499493e-02
1.805182e-02
-1.212637e-01
-2.861761e-02
-4.444385e-01
-2.671449e-01
-3.200096e-01
1.555577e-01
-1.882897e-01
-3.868571e-02
6.795992e-02
-1.077886e-02
-1.263781e-01
1.835648e-01
5.057037e-02
-1.698951e-01
2.316910e-01
-2.567649e-01
-4.588116e-01
3.796132e-01
2.708184e-01
-6.818470e-02
2.438757e-01
3.541230e-01
1.391265e-02
-1.038845e-01
-4.038821e-01
-3.456776e-01
-4.660691e-02
9.222759e-02
-7.887762e-02
-3.109245e-02
1.126924e-01
1.629886e-01
2.045492e-02
5.793563e-02
2.854669e-01
5.461716e-02
-7.922153e-02
-1.416975e-01
8.194275e-02
-1.578424e-01
-2.098390e-01
2.333047e-01
7.467148e-02
-2.246510e-01
2.119280e-01
2.687269e-03
-4.021895e-02
-6.834155e-02
1.466502e-01
7.758261e-02
5.637570e-02
5.458147e-02
-5.181058e-02
-2.529145e-01
-1.016119e-01
2.123236e-01
-1.733043e-01
4.965766e-02
1.473713e-03
-1.507121e-01
-5.285645e-02
5.170102e-02
-1.319291e-01
1.282224e-01
4.770274e-02
-3.224578e-01
1.099354e-01
1.863162e-01
-1.532246e-01
2.084110e-01
2.773783e-01
-1.983867e-01
-1.512327e-01
2.540180e-01
8.394999e-02
-1.847517e-01
-1.923769e-02
3.719628e-02
8.277073e-02
2.001941e-01
-1.752407e-01
-1.688707e-01
-1.091098e-01
-8.738168e-02
1.279694e-01
-4.807862e-02
2.472613e-01
3.955540e-01
2.295647e-01
7.190785e-02
2.781910e-01
5.321849e-01
2.008202e-02
2.737272e-01
4.602303e-01
2.140231e-01
-1.053309e-01
1.186080e-01
-1.620029e-01
1.561391e-02
1.396585e-01
-1.109376e-01
-1.835788e-01
-9.686925e-02
-2.316564e-01
-1.463786e-01
1.991479e-01
6.980692e-03
-7.000394e-02
-9.397786e-03
-6.722111e-02
-1.963942e-01
-1.649263e-02
