-6.202258e-01
1.328939e-01
2.704129e-01
2.066004e-02
5.902005e-01
-5.315107e-01
-2.756276e-01
4.024648e-01
1.720989e-01
4.246179e-01
-3.784290e-01
-4.499933e-01
-1.662659e-01
9.816110e-02
-3.730699e-01
2.440271e-01
3.019512e-01
-2.310446e-01
3.265954e-01
4.502160e-01
-6.869541e-01
-4.442585e-01
-3.587130e-02
4.064270e-01
5.555751e-01
-6.195221e-01
2.357836e-01
4.050882e-01
-2.844785e-01
-4.996555e-01
1.546931e-01
-6.260043e-01
-3.882074e-01
3.312427e-01
1.913109e-01
-3.826964e-01
1.789463e-02
6.901941e-01
1.799584e-01
-1.247109e-01
