-5.020089e-01
-2.990942e-01
4.517027e-01
1.503761e-01
-3.190902e-01
2.219425e-01
2.673222e-01
3.357180e-01
3.249306e-01
2.167388e-01
3.612072e-01
3.322725e-02
3.188758e-01
-1.483810e-02
1.584039e-01
2.729568e-01
2.121898e-01
1.947212e-01
2.410622e-02
9.934018e-03
-2.703368e-01
-1.233991e-01
-2.567933e-02
4.401646e-02
2.680195e-01
4.080766e-01
-2.716659e+00
-1.523567e-01
-8.043112e-01
-3.177491e+00
3.860489e-01
-6.379494e-03
2.313802e-01
6.787207e-01
-2.401605e-01
-6.619904e-01
-8.980766e-02
4.547511e-02
-1.919293e-01
6.744224e-01
3.517020e-02
3.831735e-01
2.819249e-02
4.746468e-01
-3.086863e-01
-2.634841e-01
-4.656377e-01
-1.641818e+00
-5.477976e-01
1.300590e-01
1.253409e-01
2.059982e-01
3.523611e-01
1.876021e-01
1.498443e-01
1.821722e-01
4.487911e-01
4.579983e-01
3.173988e-03
-4.500786e-01
-7.298633e-01
2.455534e-01
2.908805e-01
-5.266466e-01
-3.275035e-01
-2.207678e-01
-3.477385e-01
-1.980836e-01
2.000606e-01
-3.114512e-01
2.387892e-01
1.997654e-01
-2.655609e-01
3.420230e-01
-2.339354e-01
3.822632e-01
3.749358e-01
-2.373380e-02
6.796964e-02
1.479754e-01
3.025412e-03
-6.124738e-01
4.077727e-02
-6.513250e-01
6.750737e-02
5.011628e-01
-1.365267e-01
-2.815957e-01
4.206427e-01
-1.594199e-01
3.934348e-01
2.624680e-01
2.992322e-01
-3.443635e-01
1.083341e-01
-1.530407e-01
3.417679e-01
-3.501906e-04
1.425643e-01
4.058642e-01
2.937415e-01
2.150337e-01
3.752943e-01
-9.967753e-02
-3.438973e-01
6.610183e-02
2.227126e-01
-6.358904e-02
5.358953e-01
-2.715883e-01
4.094965e-01
5.578002e-01
2.583800e-02
-6.574604e-02
-2.567518e-01
-4.699934e-01
6.556538e-01
-1.416443e-02
-2.506442e-01
2.111943e-01
2.211417e-01
7.647802e-02
-3.231034e-01
2.157922e-01
-1.633398e-01
1.012922e-01
-7.873116e-01
-5.872496e-01
2.655360e-01
9.238293e-02
3.870211e-02
1.033742e-01
-9.833591e-02
1.893447e-01
4.216653e-01
-8.072494e-01
4.295952e-01
-4.873758e-01
-1.835301e-01
-1.077900e-01
8.331794e-01
-1.078188e-02
1.352140e-02
3.034757e-01
7.117402e-02
-2.552540e-01
5.003808e-01
3.495673e-01
-6.399369e-01
-1.476555e-01
4.017876e-01
-3.044617e-01
-1.042863e-01
-7.431638e-02
-1.757412e-01
4.250452e-01
3.137693e-01
-8.237690e-01
-1.053845e-01
4.886021e-02
1.791291e-01
-1.635852e-01
1.827531e-01
-4.772969e-01
-5.440211e-04
4.273323e-01
-6.893175e-01
1.915999e-01
-4.223971e-01
-5.013869e-01
-1.936306e+00
1.768286e-01
3.803892e-01
-1.855922e-01
1.102068e-01
-8.909250e-01
-4.902573e-01
8.847337e-02
3.264581e-01
1.242814e-01
3.118473e-01
-8.135246e-01
5.337858e-01
-8.313440e-01
-1.309777e+00
8.034414e-01
-2.321693e-01
-1.687862e+00
-1.335841e+00
-3.071111e-01
-1.177740e-01
-1.512843e+00
-2.772185e-01
-2.751023e-01
7.365269e-01
-4.720276e-01
3.307710e-01
2.943954e-01
2.287664e-02
2.188001e-02
-3.910462e-01
1.542784e-01
2.730324e-01
2.765498e-01
-8.345547e-01
-9.261401e-01
-1.103561e+00
5.526922e-01
7.325605e-01
-6.796274e-01
-1.984127e+00
6.999540e-01
-1.311098e-01
-2.003389e-01
6.802176e-02
-1.428259e-01
-1.398504e-01
-2.456652e-01
-2.675838e-01
1.652115e-01
-7.385647e-02
-3.192063e-02
2.496803e-01
1.676237e-01
1.279858e-01
-2.345202e-01
-1.519845e-01
8.197088e-01
3.841791e-01
2.380800e-01
3.273294e-01
1.795126e-01
-1.329640e-02
-1.449808e-01
3.163111e-01
1.790435e-01
-1.966603e-01
1.656006e-01
3.285044e-01
-6.213377e-01
-8.512040e-01
-5.975131e-01
6.723664e-02
-1.201951e+00
2.486802e-03
-1.951656e-01
-8.360483e-01
-2.049192e-01
8.175366e-02
-2.004929e-01
5.147159e-02
5.160385e-01
-3.650264e+00
-6.136741e-01
6.584820e-01
2.619147e-01
4.702618e-01
1.757274e-01
-1.181534e+00
-7.764459e-01
1.832992e-01
-8.132078e-02
-1.505891e-01
1.401041e-01
-3.392049e-01
-1.278472e-01
-5.904169e-01
-5.853749e-01
-1.830770e+00
-2.101207e-02
-3.346659e-01
-8.048185e-03
5.858635e-01
3.132886e-01
2.704152e-02
7.647735e-01
-2.285688e-01
-1.619538e-02
4.743475e-02
-4.408328e-01
-1.172383e-01
4.526563e-01
3.651240e-01
3.811689e-01
3.897054e-01
7.290077e-02
-2.705435e-02
1.245954e-01
-3.194966e-01
-4.708138e-03
-1.447361e-01
-3.424805e-01
-1.482796e-01
3.198105e-01
5.206384e-01
4.566124e-01
-6.331334e-01
2.866685e-01
2.725340e-02
3.136382e-01
2.763300e-02
-1.740742e-03
4.287386e-01
-1.338933e+00
-3.955985e-01
-5.675770e-01
-1.711734e-01
-5.225274e-01
4.937480e-03
2.163995e-01
-3.791556e-01
1.765141e-01
-1.853933e+00
-1.379560e-01
1.750857e-01
-9.850061e-01
-5.749726e-01
6.837057e-02
-1.321106e-01
-2.035439e-01
-2.364664e-01
-4.903505e-01
-1.735223e+00
1.074770e-01
3.745517e-01
-1.174933e-02
1.459251e-01
5.679635e-01
2.374262e-01
-6.628557e-01
3.310121e-01
2.620758e-01
-1.319247e-01
-1.615650e+00
-1.961080e-01
6.923297e-02
3.070968e-01
3.036669e-03
-1.198573e+00
-7.419816e-02
2.952939e-01
-1.826690e-01
2.764386e-01
-2.037508e-02
-4.205631e-01
-6.325845e-01
-4.051300e-01
-1.411714e+00
4.361718e-01
2.256706e-01
2.354278e-01
3.754070e-01
-2.346376e-02
-2.825766e-01
1.415010e-01
-1.454917e-01
-3.372509e-01
-6.947474e-01
-1.452399e+00
-1.332119e+00
-1.718983e+00
-8.166652e-01
3.686281e-01
-1.102058e+00
-5.970302e-01
-2.216653e-01
2.163441e-01
1.968377e-02
-1.485003e-01
-5.594547e-01
-1.280958e+00
-5.733090e-01
3.325911e-01
2.948436e-01
3.456987e-01
-3.392486e-02
9.137099e-02
-2.122293e-01
-1.676220e-01
3.891815e-01
-3.786439e-01
-1.105345e+00
-3.132309e-01
-4.844584e-02
