3.149329e-01
2.474804e-01
-1.085737e-01
2.535219e-01
1.939753e-01
7.888124e-03
-4.912034e-01
-2.069962e+00
1.560677e-01
-3.435705e-01
5.918716e-01
-5.319470e-01
4.219410e-01
-1.759506e-01
-5.969112e-01
-1.959907e-01
-3.415768e-01
1.235248e-01
-3.163140e-01
-4.180551e-01
6.463638e-02
2.391680e-01
3.053722e-01
2.601303e-01
-5.856904e-02
-4.870548e-02
-3.796630e-01
-5.190440e-01
-4.931923e-01
-1.683353e-02
-2.601227e-01
2.213206e-01
-3.571303e-01
2.965692e-01
-6.700922e-01
4.616230e-01
-6.746993e-02
9.754905e-02
-7.722580e-01
-7.112104e-01
1.153848e-01
-2.996303e-01
5.681080e-01
-4.342836e-01
-5.797048e-01
6.683705e-01
1.427623e-02
-7.658943e-03
-2.461640e-01
8.853172e-02
-1.278969e-01
1.206186e-02
-2.410323e-01
-2.301388e-01
2.669783e-01
1.589074e-01
-3.084207e-01
-1.975645e-01
3.065988e-01
-3.334235e-01
3.283308e-01
2.576857e-02
-3.507282e-02
3.620773e-02
-1.786689e-01
-4.542809e-01
3.219669e-01
-1.020056e-01
-4.820423e-01
-1.191697e-01
3.417822e-01
2.623676e-01
-7.487581e-02
3.259758e-02
2.048536e-01
-1.087660e-01
-9.447306e-02
2.833279e-01
1.367700e-01
2.992450e-02
-1.448086e-01
-2.171076e-01
1.318525e-02
2.964764e-01
-4.209471e-01
2.287016e-01
-1.321385e-01
3.731047e-01
-1.207176e+00
1.996062e-01
5.558558e-01
1.785712e-01
-8.372443e-01
2.210832e-01
1.267139e-01
-2.233259e-01
-4.724928e-01
-6.538826e-02
-3.025481e-01
-7.732024e-01
-5.652686e-01
6.213894e-01
5.853680e-01
5.803300e-01
-8.509080e-01
2.827577e-01
8.595653e-02
4.323531e-02
-1.604175e-01
3.113334e-01
6.515484e-01
8.453181e-01
2.026338e-01
1.703936e-02
-3.046840e-02
-3.612236e-01
2.061323e-01
-1.524259e-01
-3.173049e-01
3.780647e-01
-1.432414e-01
-3.856644e-01
2.220243e-03
-1.785633e-01
-3.746346e-01
-2.192815e-01
-1.890880e-01
1.585353e-01
1.553137e-01
1.779935e-01
1.239166e-01
-6.763417e-02
-1.170467e-01
1.487056e-01
-2.359596e-01
7.702279e-02
5.696422e-01
-3.591883e-01
-1.787262e-01
1.710508e-01
-1.555583e-01
-9.302103e-02
1.836760e-01
-2.228468e-01
-3.813166e-01
-3.383784e-01
-3.620220e-01
2.483938e-01
-3.920926e-01
2.679147e-02
2.962785e-01
-2.208896e-01
-4.203678e-01
1.506235e-01
-2.698056e-01
1.494074e-01
2.674355e-01
-2.493488e-01
1.623280e-01
-1.010094e-01
-3.120899e-01
-1.519904e-01
5.573720e-03
3.429100e-02
4.669383e-02
-3.606016e-01
3.956607e-01
6.841859e-02
3.611070e-01
-3.214007e-01
1.823220e-01
-4.164955e-01
-3.468542e-01
-3.305876e-02
-1.887434e-01
1.385477e-02
-4.417610e-01
-1.733807e-01
-9.397447e-01
2.336540e-01
1.424037e-01
2.781513e-02
-6.948299e-02
6.931700e-01
-1.417388e-01
-6.548435e-01
6.303366e-01
-1.277758e-01
-9.873668e-01
7.892891e-01
5.590804e-01
-8.917683e-02
-6.934441e-02
-3.795773e-01
1.470881e-01
3.062982e-01
-1.334175e-01
-3.000788e-01
-4.967100e-02
-2.991716e-01
5.018828e-01
-2.204094e-01
3.000199e-01
3.687208e-01
-1.230894e-02
-3.640717e-01
3.677233e-01
2.005455e-01
3.383909e-01
-1.308822e-01
-4.818615e-01
-5.838098e-02
-1.998361e-01
-2.361123e-01
-3.292704e-01
3.463911e-01
-3.337521e-01
-2.826879e-01
3.474253e-01
-1.967240e-01
-1.802301e-01
1.925990e-01
1.174947e-01
-2.569225e-01
-3.370987e-01
-8.276694e-01
4.109741e-01
-3.289916e-01
3.863046e-01
-4.210256e-01
-1.502180e-01
5.373583e-01
9.091517e-01
3.961663e-01
-5.357810e-01
9.253818e-01
-1.648535e-01
-3.074983e-01
4.614445e-01
1.812769e-01
5.716426e-01
-2.583808e-01
1.353037e-01
-1.885677e-01
4.938069e-01
-6.102077e-02
-5.849024e-01
4.895153e-02
7.195676e-01
-8.125310e-02
1.772730e-01
4.900482e-01
-9.440074e-02
-5.072136e-01
-1.058737e-01
-5.161372e-01
