-7.647854e-01
-2.582220e-01
-1.071088e+00
6.838876e-02
-5.596268e-01
-1.803968e+00
-1.983302e+00
5.129462e-01
-7.636589e-01
-4.202730e-01
4.302177e-01
-2.608854e+00
5.045583e-01
4.329620e-02
1.132146e+00
5.767866e-01
-3.544267e-01
-9.747559e-02
-8.945810e-01
5.228961e-01
-3.313424e-01
1.726692e-01
6.547761e-01
3.711590e-01
-6.822233e-01
-3.886495e-01
1.800317e-01
-1.216964e+00
-2.025243e-01
-1.238675e-01
-2.571808e-01
-1.047608e+00
5.710923e-01
-9.185221e-03
1.177551e+00
-1.632725e-01
6.201518e-02
5.098469e-01
5.158696e-01
1.420498e-01
3.752112e-01
1.877050e-01
-2.002345e-01
1.931508e+00
-4.095683e-01
-1.341245e-01
-1.852149e+00
-1.898683e-01
6.876890e-01
1.398360e-01
-2.898202e-02
2.556538e-01
-5.591760e-01
1.349516e-01
-5.507781e-01
4.498626e-01
2.709604e-01
-4.692541e-01
2.097150e-01
3.517621e-01
-2.234004e-01
4.115977e-01
-2.841386e-01
1.432161e-01
