1.160726e+00
5.770310e-01
7.949646e-01
8.203486e-01
8.953655e-01
7.196907e-01
7.172180e-01
5.045169e-01
7.701755e-01
7.854994e-01
9.722236e-01
1.028348e+00
9.827877e-01
5.844250e-01
7.563265e-01
7.639284e-01
-1.772136e-02
3.659173e-01
6.419380e-02
2.430364e-01
8.995805e-02
2.360550e-01
1.568752e-01
4.205271e-01
1.970089e-01
1.809818e-01
8.960669e-02
6.752000e-02
-7.500500e-02
4.430192e-01
1.021424e-01
2.292818e-01
6.710004e-01
3.341507e-03
1.859252e-01
9.496805e-01
-1.744511e-01
-2.629932e-01
7.102401e-01
9.087873e-01
1.910970e-01
-2.550739e-01
-1.263681e+00
3.815803e-01
3.069483e-01
1.150360e+00
1.031382e+00
2.804425e-02
2.729171e-01
1.268104e+00
9.389051e-01
2.676679e+00
1.321978e+00
1.372499e+00
1.798295e+00
3.580662e+00
4.373049e-01
1.242545e+00
3.059614e+00
2.458466e+00
1.665062e+00
2.021640e+00
1.098361e+00
1.884699e+00
