1.058136e+00
1.094895e+00
8.412800e-01
1.048797e+00
8.166867e-01
1.007512e+00
6.379337e-01
1.104053e+00
9.381015e-01
9.977806e-01
9.577576e-01
1.002389e+00
1.118076e+00
1.176104e+00
7.422315e-01
1.141983e+00
2.124394e-01
1.222657e-01
-4.706372e-02
1.734373e-01
1.884163e-01
1.784947e-01
-5.644697e-02
4.259244e-01
1.762909e-01
-1.419319e-01
7.779336e-02
-1.486916e-01
9.963338e-02
3.282667e-01
1.379283e-01
-3.716702e-02
-4.420099e-01
6.543010e-02
1.926493e-01
4.001544e-01
-2.279241e-01
2.542611e-01
-1.280725e-01
1.201679e-01
-7.081752e-02
-4.180560e-01
-3.873865e-01
-1.589203e-01
-1.351677e-01
2.144626e-01
3.552740e-02
1.101073e-04
1.988019e-01
6.892669e-02
1.016186e-01
3.259610e-01
3.672630e-02
1.111365e-01
2.000590e-01
6.050757e-02
8.537426e-02
1.313116e-01
9.283779e-02
2.025137e-01
1.189522e-01
6.377246e-02
2.253367e-02
1.650890e-01
