6.305532e-01
8.489826e-01
6.237535e-01
6.990507e-01
7.398585e-01
7.142035e-01
6.847281e-01
6.418349e-01
3.962419e-01
7.810534e-01
8.330911e-01
7.750161e-01
9.247128e-01
8.258063e-01
7.580814e-01
5.550961e-01
8.265574e-01
6.059115e-01
7.648167e-01
1.089368e+00
8.903264e-01
1.017014e+00
6.111264e-01
8.234718e-01
2.251493e-01
1.470680e-01
-3.118080e-01
2.566343e-01
2.706618e-01
-1.068802e-01
-2.612315e-01
-3.115843e-01
-2.270924e-01
1.773995e-01
2.794028e-01
2.127334e-01
-3.266861e-02
3.739947e-02
3.546239e-01
-4.140772e-01
-2.303961e-01
4.203301e-01
2.671358e-01
-1.428630e-03
-2.501389e-01
-6.235068e-02
2.211366e-01
7.906529e-02
-2.757127e-01
2.971875e-02
-1.001835e+00
-6.861255e-01
7.253923e-01
1.076690e-01
4.245629e-01
5.460721e-01
-7.858369e-01
-1.024108e+00
-4.375614e-01
7.036088e-01
-8.865001e-01
9.093993e-01
-1.466563e+00
-2.880224e-01
1.226368e-01
-1.089983e+00
-2.004161e-01
-8.126972e-01
2.381015e-01
5.512190e-01
-1.208229e+00
-6.194182e-01
2.758579e-01
8.494850e-01
1.071593e+00
2.100412e+00
1.365616e+00
1.872042e-01
1.206858e+00
1.557909e+00
7.921987e-01
8.724110e-01
3.046468e-01
5.097851e-01
4.450319e-01
7.447709e-01
4.403081e-01
8.771762e-01
5.074403e-01
9.363152e-01
8.217994e-01
4.384963e-01
2.817714e+00
1.041646e+00
1.469849e+00
7.160544e-01
