7.489856e-01
1.221599e+00
9.319915e-01
8.395714e-01
1.211872e+00
6.576561e-01
9.935350e-01
8.193935e-01
8.059241e-01
1.032269e+00
1.178362e+00
1.073581e+00
8.858876e-01
1.131752e+00
1.263620e+00
8.659981e-01
8.378646e-01
1.180256e+00
1.259684e+00
8.788425e-01
1.190773e+00
1.214191e+00
8.344655e-01
1.050585e+00
1.732868e-01
-4.226583e-02
2.403996e-01
2.093471e-01
1.338403e-01
6.213304e-01
-2.061829e-01
-1.970570e-02
-4.262333e-01
2.378853e-01
2.676943e-01
1.873554e-01
-2.452832e-01
1.306213e-01
-1.876101e-01
-1.032481e-02
4.536240e-03
-5.255288e-01
-1.194765e-01
6.761793e-01
8.911759e-02
3.709384e-01
-2.851393e-01
-6.286777e-01
2.799554e-01
2.109445e-02
5.373026e-02
1.699253e-01
-2.360296e-01
1.847699e-01
-7.894909e-03
6.553864e-02
4.421095e-02
3.526328e-01
-3.320820e-01
-3.074443e-01
-2.720763e-01
-3.232358e-01
-4.293579e-01
3.338655e-02
1.484548e-01
-6.111865e-03
-4.331381e-01
4.186258e-01
1.416998e-01
-3.708476e-01
3.717963e-02
-4.949604e-02
4.164740e-02
1.105714e-01
3.870395e-03
1.556324e-02
1.163090e-01
3.153465e-02
9.004641e-03
1.054934e-02
1.045033e-02
7.024200e-02
6.881912e-02
5.826761e-02
3.907732e-02
1.793031e-01
9.534816e-02
2.310896e-03
3.255305e-02
2.811730e-02
7.147478e-02
1.482035e-01
2.017679e-02
1.980719e-01
2.658054e-02
6.725782e-02
