2.319662e+00
2.107003e+00
2.365568e+00
2.252671e+00
2.396147e+00
2.395747e+00
2.236775e+00
2.509623e+00
2.316149e+00
2.112907e+00
2.315687e+00
2.355428e+00
2.365901e+00
2.301938e+00
2.074121e+00
2.618670e+00
2.250208e+00
2.347353e+00
2.302538e+00
2.062082e+00
2.177514e+00
2.584615e+00
2.670454e+00
2.045040e+00
6.902455e-01
4.586423e-01
6.438232e-01
4.805353e-01
6.001912e-01
5.475391e-01
6.513781e-01
6.577435e-01
8.511584e-01
4.126411e-01
5.483700e-01
5.755606e-01
7.172707e-01
6.035590e-01
3.592739e-01
8.750520e-01
4.669855e-01
4.791715e-01
7.576062e-01
4.409430e-01
6.959110e-01
6.449106e-01
8.691614e-01
3.263651e-01
1.211777e-01
1.003609e+00
-7.231441e-01
-2.222117e-01
7.441869e-02
-1.686938e-01
1.756300e-01
8.207096e-01
-3.091172e-01
-8.421607e-02
-5.543190e-02
1.463319e-01
-1.089835e+00
7.671203e-01
6.571087e-01
3.585957e-01
7.116947e-01
-8.645764e-01
-6.055346e-01
6.380183e-01
3.524236e-01
-4.656349e-01
-7.816145e-01
-8.218552e-01
5.188368e-01
4.349076e-01
3.336017e-01
3.711084e-01
6.082078e-01
4.650443e-01
4.652312e-01
4.582844e-01
9.832660e-01
6.245350e-01
2.510164e-01
2.955794e-01
3.236603e-01
3.609009e-01
4.714900e-01
5.855509e-01
5.246157e-01
7.148491e-01
2.869153e-01
3.517700e-01
8.369716e-01
3.731008e-01
6.151219e-01
5.335653e-01
