-1.528809e-01
4.836971e-02
1.719884e-02
3.065075e-01
1.792963e-01
1.551756e-02
5.615328e-02
1.476244e-01
3.202673e-03
2.312821e-01
2.312968e-01
2.190243e-01
2.578566e-01
4.706159e-02
-2.954966e-01
-5.801601e-02
-1.079116e-01
-8.813602e-02
-3.136837e-01
-5.842730e-02
-2.406641e-02
-6.616326e-02
-2.592222e-01
-2.495666e-01
3.994261e-01
1.336126e-01
1.331694e-01
2.200129e-01
2.873074e-01
1.446004e-01
6.007829e-02
2.885372e-01
-2.449765e-01
3.071348e-01
-2.298640e-02
-2.250078e-01
-1.739949e-01
-2.381052e-01
-5.877314e-02
2.642662e-01
1.662207e-01
3.316615e-01
-1.660516e-01
1.225570e-02
-5.452898e-02
3.023757e-01
4.538168e-01
2.548755e-01
-4.448263e-02
2.369173e-01
2.871997e-01
-3.747386e-02
-2.521532e-01
-1.542108e-01
-3.535443e-01
-4.226878e-02
-1.103200e-01
-3.735603e-01
-1.852904e-01
-2.609993e-01
7.929922e-02
3.648307e-02
-3.494448e-01
-2.632360e-01
-5.019030e-01
9.349967e-02
1.223412e-01
4.609453e-03
2.843531e-01
-1.567183e-02
1.294533e-01
-7.884180e-02
