-1.045560e-01
4.398837e-01
3.981826e-01
2.599486e-01
2.137778e-01
8.354535e-01
-4.449455e-01
-3.690071e-01
6.353599e-01
2.244612e-01
1.059760e-01
3.105967e-01
-8.390141e-02
-6.414741e-01
-5.653522e-01
-1.674522e-01
3.662311e-01
8.191913e-01
-4.409483e-01
-7.620618e-01
3.425849e-01
-7.150005e-02
-1.651613e-01
2.626000e-01
-5.484027e-01
1.500262e-01
1.593768e-01
7.882847e-01
1.900470e-01
-7.450449e-01
-3.482150e-01
9.089067e-02
8.235592e-02
-4.792355e-01
-4.166801e-01
-3.595043e-02
8.671847e-01
-6.748138e-01
6.316429e-01
-2.175241e-01
7.149756e-01
-6.431552e-01
-4.398241e-01
3.660126e-01
-7.607464e-01
-4.466781e-01
-9.862266e-02
-2.532450e-01
1.825107e-02
1.315230e-01
4.754310e-01
-1.165394e-01
4.679973e-01
5.570294e-01
-6.905176e-01
-7.606108e-02
-1.129619e+00
2.393887e-01
4.896319e-02
-8.906801e-01
2.525108e-01
4.524364e-01
-1.624582e-01
5.789370e-01
