2.295587e-01
-2.289264e-01
-1.377652e-01
1.605298e-01
3.089258e-01
-1.675449e-01
-5.173554e-02
1.304219e-01
7.178275e-02
2.051861e-01
2.586366e-02
8.596333e-02
2.802361e-01
-9.672243e-02
-2.265433e-01
7.073227e-02
-1.850483e-01
-1.809334e-01
-7.748698e-02
1.795726e-02
-6.470975e-02
-1.548274e-01
2.546005e-01
2.000795e-01
-2.882015e-01
-2.521352e-01
-3.618963e-02
-2.431661e-01
2.640479e-03
-2.099473e-02
-4.091706e-01
-1.567485e-02
-3.023677e-02
-5.097996e-02
-3.345647e-02
-2.682754e-01
-2.161044e-01
-2.099549e-01
-5.777262e-03
4.846201e-02
1.182689e-01
8.556875e-02
1.394694e-01
2.802054e-01
2.710744e-01
-1.429505e-01
-9.636932e-02
7.223497e-02
-1.494511e-02
3.297555e-01
1.738151e-01
1.692857e-01
2.505512e-01
-1.040579e-01
1.158514e-01
4.758343e-02
4.083377e-01
9.574565e-02
-8.632435e-02
1.956375e-01
8.389426e-03
-8.652845e-02
8.093482e-02
-1.341126e-01
-2.425542e-01
-3.154863e-01
-5.613311e-02
2.968888e-01
-4.585066e-02
3.104750e-02
3.434578e-01
6.501156e-02
