-1.593718e-01
-1.003597e+00
-3.760725e-02
4.034671e-01
1.779156e-01
-4.752394e-03
4.127241e-01
-9.460321e-01
-2.536931e-01
-4.730550e-01
-6.505531e-01
-1.452113e-01
3.087950e-01
-5.574625e-03
3.752665e-01
-5.544520e-01
9.213709e-01
1.132537e-01
7.484486e-02
-2.388091e-01
7.433442e-01
3.400971e-01
1.082953e+00
7.308747e-01
-2.867051e-01
5.530474e-01
3.596831e-01
-2.802003e-02
-8.203565e-01
-4.381679e-01
7.171831e-01
-2.150539e-01
-8.466449e-02
-3.854635e-01
-7.473300e-01
7.813414e-01
-3.499633e-01
9.947140e-01
-5.337386e-01
-4.733456e-01
-7.041730e-01
5.469103e-01
-7.652956e-01
3.510898e-01
-5.519383e-01
-4.396261e-01
1.567977e-01
-5.875539e-01
3.672579e-01
-6.916634e-01
2.483511e-01
1.081703e+00
4.461331e-01
-1.158791e-01
-1.329588e-01
4.060159e-01
1.077125e+00
-2.467880e-01
7.037561e-01
-4.734873e-02
-4.551600e-01
-1.249303e-01
-6.683303e-01
-2.602540e-01
