3.640560e-02
9.075962e-02
3.615828e-01
-9.832010e-02
6.050760e-02
-7.576517e-02
2.269613e-02
-3.698136e-01
-3.996363e-01
4.322664e-03
1.439902e-01
1.653454e-01
2.393355e-01
2.076870e-01
1.301259e-01
4.364588e-02
5.369762e-02
-4.608174e-02
-3.793014e-01
-3.672354e-01
-4.397886e-02
1.421507e-01
-1.705338e-01
-3.299483e-01
6.939777e-02
1.004031e-01
5.384225e-02
1.194133e-01
1.332940e-01
2.502564e-02
3.453152e-02
3.073721e-01
2.145753e-01
1.916418e-01
1.544843e-01
2.789895e-01
-9.991333e-03
-1.238246e-01
-2.541511e-01
-6.846379e-02
-4.352954e-01
3.734191e-01
-2.108585e-02
-3.011389e-02
2.543444e-01
1.020260e-01
4.394541e-02
-1.362048e-01
1.271701e-01
2.248229e-01
1.707668e-01
4.673694e-02
2.677842e-01
2.746471e-01
3.427664e-01
1.279738e-01
1.865337e-01
6.555072e-02
1.068673e-02
1.121822e-01
2.641580e-01
1.227394e-01
1.531359e-01
-5.663462e-03
1.515256e-02
-2.884897e-01
2.729076e-02
1.722186e-01
1.869285e-01
-3.423413e-02
5.989989e-02
2.698374e-01
