-1.150826e-02
-4.492938e-01
1.155609e-02
5.626725e-01
6.865113e-02
-1.331555e-01
2.675343e-01
-2.146448e-01
8.929140e-02
-5.022770e-01
8.854907e-01
6.620734e-01
-4.622738e-01
-2.635064e-01
3.642796e-01
-5.224777e-01
3.888714e-01
-1.553223e-04
6.506480e-01
-2.341228e-01
-3.431007e-02
-1.248618e-01
-3.095266e-01
4.580942e-01
-2.098979e-01
-9.434382e-02
-5.257553e-01
5.783236e-01
-2.134729e-01
-3.051900e-01
-9.069318e-01
3.206327e-01
6.673516e-02
4.886673e-01
-5.103939e-02
6.633233e-01
2.903718e-01
1.302761e-02
4.443493e-02
4.177329e-01
-5.005340e-02
-3.920034e-01
-7.241328e-02
-2.210402e-01
9.686445e-02
-5.356580e-01
-8.004608e-02
-3.558945e-01
-6.243296e-01
-1.857617e-01
2.367336e-01
1.914130e-01
4.455695e-01
-6.566476e-01
-6.099470e-01
-5.893284e-02
-2.787092e-01
-2.607529e-01
-3.758237e-01
7.245484e-01
2.406673e-02
5.125122e-01
-3.268599e-01
-3.178612e-01
2.158443e-01
-5.600406e-01
7.598118e-02
-2.358197e-01
-4.297999e-02
-1.403027e-02
-1.839478e-01
-2.307718e-01
-2.704847e-01
6.130954e-01
-3.868486e-01
3.903883e-02
4.423402e-01
-2.565607e-01
1.739804e-02
-1.001633e-01
-1.024161e-01
1.425067e-02
-3.526297e-01
1.216282e-01
1.985710e-01
2.760769e-01
8.548219e-02
3.466164e-01
4.780476e-01
-2.577054e-01
-4.738736e-02
9.143794e-02
-1.105125e-01
8.017296e-02
2.310102e-01
-6.246908e-01
1.309977e-01
2.308317e-01
-1.450922e-01
-2.806900e-01
2.000805e-02
2.680093e-01
2.897184e-02
6.191004e-01
3.738217e-01
-1.196018e-01
-7.597380e-02
1.629326e-01
3.788524e-01
-4.450716e-01
2.528757e-01
-6.484218e-01
-1.606819e-01
4.770336e-01
4.402991e-01
-2.051336e-02
4.908498e-01
-3.627128e-01
-3.096411e-02
-2.050117e-01
-4.161794e-01
1.219379e-01
-1.396019e-01
1.350721e-01
1.913377e-02
3.635412e-01
1.697594e-01
4.040771e-01
2.580488e-01
-3.543729e-01
-3.442960e-01
-2.794386e-01
3.497373e-01
-6.243548e-01
-4.746831e-01
-9.300022e-02
-2.707804e-01
-6.153237e-01
-8.329092e-01
2.862023e-01
-2.091218e-01
1.704049e-01
-4.124102e-03
1.259333e-01
1.623906e-01
4.796656e-01
3.259382e-01
-1.715425e-01
-9.592936e-02
-4.863340e-01
-5.027222e-02
2.502272e-01
-5.890156e-01
-1.991177e-01
-5.506577e-01
-1.360039e-01
-8.952630e-01
-8.406194e-02
-3.854879e-01
-6.035915e-01
-1.847437e-01
-5.669240e-01
-4.990880e-01
-3.888461e-01
-1.016662e-01
1.704410e-01
3.752119e-01
-7.551990e-02
-1.328701e-01
-3.705818e-01
-5.358642e-01
-7.248780e-01
-5.438556e-01
-3.729523e-01
-4.866789e-02
-6.385310e-01
-4.268427e-01
2.356926e-01
2.988104e-01
-5.090004e-01
3.720261e-01
1.715410e-01
-1.387830e-01
-4.428127e-01
7.892922e-03
-4.331525e-02
-4.278284e-01
-3.041133e-01
-2.390951e-01
-2.288146e-01
-1.599009e-01
1.861949e-01
-4.603863e-01
-3.931694e-01
1.751525e-01
-1.231336e-01
7.650648e-01
2.125978e-02
-1.559504e-01
-1.688576e-01
5.235271e-02
7.106568e-01
-3.032188e-01
2.640185e-01
-3.891376e-01
3.075229e-03
-1.242045e-02
-1.994352e-01
-4.357180e-01
6.564686e-01
1.613216e-02
4.017312e-01
-4.194951e-01
-5.059997e-02
3.049420e-01
-1.340007e-02
-4.817492e-02
-2.375076e-02
5.422486e-01
2.112701e-01
-3.124912e-01
1.204828e-01
-3.171557e-01
-3.895207e-02
-4.985527e-02
-7.328811e-01
1.144666e-01
-1.844682e-01
-2.009295e-01
3.409338e-01
3.975827e-02
-7.946312e-01
-2.513859e-01
-8.394322e-01
3.713458e-01
2.337275e-01
3.853310e-01
-1.534043e-01
-3.223801e-01
-1.828980e-01
-5.501081e-01
-2.729313e-03
-2.675784e-01
1.169251e-01
-5.967234e-02
2.741147e-01
5.226514e-01
-1.223642e-01
8.920309e-02
-6.719163e-01
-4.264303e-02
-6.859919e-02
-1.024140e-01
6.729196e-01
7.674599e-02
-2.711504e-01
