-8.506306e-02
2.481571e-01
1.602477e-01
2.423946e-02
-2.034868e-01
-6.164300e-01
-2.355389e-02
2.600569e-01
-3.618837e-01
-8.404132e-02
1.508911e-01
-4.633816e-01
1.757962e-01
-6.896688e-01
3.022314e-01
2.770233e-01
3.315977e-01
-1.666307e-02
1.404691e-01
-1.667670e-01
-2.631828e-02
-5.162597e-01
5.066101e-02
-2.190230e-01
3.573560e-01
2.161749e-02
3.843722e-01
3.026634e-01
1.015908e-01
1.325100e-01
-4.459602e-01
2.215580e-01
-5.564361e-01
9.389826e-02
-7.453042e-02
9.025556e-02
-3.676186e-01
1.717995e-01
-5.086119e-01
-5.780770e-01
9.852502e-03
-1.681617e-01
4.637560e-01
-5.143543e-01
2.627290e-01
4.491181e-02
-9.423113e-02
-9.548185e-01
-5.294700e-01
1.129867e-02
7.688106e-01
-1.211876e+00
-6.590468e-01
1.372067e-01
2.542331e-01
4.735051e-01
3.088516e-01
-3.792990e-01
-5.057327e-01
-1.546170e-01
3.635266e-01
2.994152e-01
8.314531e-02
-6.467029e-03
7.169657e-01
-2.727093e-01
5.094789e-01
-1.010324e-03
-5.083935e-01
-2.513459e-01
4.943265e-01
4.706143e-01
2.643128e-01
-3.712078e-01
-1.605237e-01
2.331288e-01
3.167671e-01
3.215929e-01
4.434278e-03
6.568579e-01
5.825246e-02
2.626707e-01
2.044175e-01
-8.746570e-02
-2.017547e-01
-1.368264e-01
1.287353e-01
2.166269e-01
1.426057e-01
-4.000626e-01
5.595791e-01
-4.170913e-01
-5.785125e-02
-4.076574e-01
7.497694e-04
7.543266e-02
3.339789e-01
-6.076559e-03
-4.611521e-01
-5.361803e-01
5.966656e-01
-2.018169e-01
-2.336203e-01
4.755280e-01
-4.629394e-01
2.982689e-01
-3.017489e-01
-1.497736e-01
3.941949e-01
-7.364609e-01
7.582003e-01
4.968802e-01
-6.893706e-01
-1.258826e-01
1.233039e-01
1.444383e-01
4.330087e-01
6.066878e-01
-4.035836e-01
-4.499546e-03
3.354089e-01
9.750064e-01
-8.211020e-02
5.661677e-01
7.406008e-01
3.050556e-01
-2.629212e-01
-9.001588e-02
5.997729e-02
7.253764e-01
2.584249e-01
2.207559e-01
-3.663529e-01
-7.550566e-01
2.568624e-02
-4.313812e-01
4.535138e-02
-7.253952e-01
3.812202e-01
-2.937995e-01
-5.498823e-01
-5.676569e-01
-1.760247e-01
-1.612945e-01
-2.849922e-01
1.630071e-02
5.355754e-02
7.128919e-01
4.318630e-01
-7.883591e-01
2.489982e-01
-7.698981e-01
4.288206e-01
-4.346828e-01
2.414742e-01
-3.512167e-01
-1.167206e-01
-5.500225e-01
-3.977947e-01
-4.489696e-01
-2.727607e-01
1.107400e-01
-3.355182e-01
2.711741e-02
3.062465e-01
-2.348001e-01
-4.945066e-01
-3.366961e-01
1.058335e-01
4.346786e-01
-1.345713e-01
3.651971e-01
-4.991224e-01
7.487956e-02
-1.689431e-01
2.234320e-01
-1.097846e-01
-3.974398e-02
2.299290e-01
-5.107301e-01
8.972875e-02
1.411998e-01
4.618949e-01
4.589708e-01
-4.318831e-01
-1.157301e-01
6.816500e-01
-7.496565e-01
4.787188e-01
3.174291e-01
4.745357e-01
1.648387e-01
-4.621518e-01
-2.322050e-01
-4.203251e-01
-3.562844e-02
-6.060924e-01
-2.366893e-01
1.415614e-01
-1.453553e-01
3.083084e-01
-3.875183e-01
-1.472444e-01
1.050290e-01
-1.033673e-01
-1.610123e-01
1.041876e-01
-1.548888e-01
5.219920e-01
9.933104e-02
-1.801167e-01
6.448860e-01
-2.997653e-02
4.032036e-01
2.685222e-01
-1.039895e-01
-2.722682e-01
-2.664240e-03
-1.333023e-01
-1.917129e-01
-2.417893e-01
2.102168e-01
-1.420410e-02
8.980613e-01
5.564213e-02
-3.453669e-01
-4.719590e-01
5.630944e-02
-4.848744e-01
-4.644067e-01
2.685294e-01
-4.163274e-01
-3.520324e-01
-3.991628e-01
-7.556084e-01
-2.057752e-01
-2.539798e-01
1.559336e-01
-3.584473e-01
3.143307e-01
1.611177e-01
-9.657335e-02
-4.711051e-01
-3.982797e-01
-2.732980e-01
-2.514025e-01
-1.406477e-01
4.939289e-01
-2.910261e-01
-1.911749e-01
-5.684170e-01
3.215655e-01
1.604901e-01
-8.104581e-01
6.194402e-01
-6.546649e-02
-3.257607e-01
4.496919e-03
-5.378070e-01
-1.413910e-01
9.325296e-02
5.083173e-01
-1.806815e-01
-9.161066e-02
-2.807051e-01
-1.697352e-01
3.547324e-02
4.804598e-01
-3.088634e-01
2.159427e-01
2.422385e-01
-3.538906e-02
-4.635511e-01
-5.495266e-01
1.183188e-01
-3.254304e-02
2.307607e-01
-8.940603e-02
1.970873e-01
2.331010e-01
-2.624680e-01
-6.535715e-01
8.568209e-02
-9.482067e-02
-4.194670e-01
-9.782664e-01
-3.333773e-01
-2.684800e-01
5.405740e-01
1.022575e-01
-3.507313e-01
-3.040410e-01
-8.549410e-01
-4.416614e-02
-2.537809e-02
8.097957e-01
5.560008e-03
-3.510258e-01
8.934673e-02
-5.208250e-01
-1.160689e-01
-2.943436e-01
9.116650e-02
-2.706454e-01
-2.333266e-01
-4.284627e-01
-9.924859e-02
2.074643e-01
-4.810348e-01
-3.677970e-01
4.082576e-01
3.882360e-01
-1.047646e-02
-4.360636e-01
-6.624829e-02
-1.581661e-01
-4.200658e-01
-2.590780e-01
-1.206367e-01
-1.358735e-01
4.360766e-01
6.284748e-01
5.430253e-02
-1.379893e-01
-5.469852e-01
2.549744e-01
-6.554007e-01
4.097912e-01
-4.081339e-01
-8.455783e-01
-4.826876e-01
-1.041154e-01
3.708516e-01
-1.423990e-01
6.350299e-01
4.887598e-01
7.579868e-01
-2.237808e-01
-4.904600e-01
5.288889e-01
4.923015e-01
-2.551515e-01
8.754188e-02
9.336776e-01
3.588672e-01
1.848643e-02
4.464833e-02
-2.901030e-01
4.371687e-01
-5.229004e-02
-2.081229e-01
-5.426906e-01
-9.182358e-01
-3.288416e-01
3.199266e-01
-2.145459e-01
-9.085674e-02
5.793897e-02
-9.088466e-02
-4.492059e-01
-4.114404e-01
3.649927e-01
2.284712e-02
-1.128531e-02
-3.431272e-01
-1.347114e-01
-8.884458e-02
-8.229366e-01
-1.062472e-01
-5.276976e-01
-3.222410e-01
-6.809229e-02
3.589842e-01
-8.612849e-01
-8.016581e-02
5.343677e-01
-4.390594e-01
1.129069e-01
-2.936857e-01
2.497348e-01
2.980115e-01
-2.368139e-01
-2.434396e-01
6.040543e-01
