9.887604e-02
4.560002e-02
7.427021e-02
1.316114e-01
1.316002e-01
1.936414e-01
1.848588e-02
4.749257e-02
1.623610e-01
7.723238e-02
2.360878e-01
1.844972e-01
-2.450551e-01
-5.269839e-02
9.217516e-02
-2.087688e-01
-7.320413e-02
1.415888e-01
1.160243e-01
1.237449e-01
1.757416e-01
1.113258e-01
8.748205e-02
1.254894e-01
3.484507e-02
6.932039e-02
9.001628e-02
-4.527208e-02
9.825271e-02
1.494360e-01
-4.493967e-02
2.702597e-02
-1.529720e-02
1.258104e-01
1.494769e-01
5.472886e-02
-1.282830e-01
-2.610318e-01
-1.380138e-02
-2.073628e-02
-3.899993e-02
3.378370e-02
-2.406478e-01
-5.159413e-02
3.884471e-02
1.081275e-01
1.235417e-01
1.129137e-01
9.075888e-02
1.149229e-01
1.295137e-01
1.034946e-01
8.555385e-02
1.058320e-01
1.056635e-01
1.407970e-01
2.002224e-01
-2.295374e-01
-9.155761e-02
9.607276e-02
8.270852e-02
8.963304e-03
-1.207873e-01
1.940028e-01
9.530077e-02
7.504361e-02
6.583992e-02
7.581408e-02
-4.288252e-03
1.235900e-02
3.921576e-02
1.484798e-01
2.388577e-01
1.361713e-01
1.698014e-01
1.434518e-01
4.224275e-02
-9.247687e-02
1.383341e-01
7.207052e-02
-2.542874e-01
2.841770e-01
1.400113e-01
1.449294e-01
6.606925e-02
3.048052e-02
8.206303e-02
1.182974e-01
3.080475e-02
1.144583e-01
-5.627446e-02
-7.221370e-02
-6.375636e-02
-7.488059e-02
-9.636794e-02
-9.078542e-02
-1.509889e-01
-5.962659e-02
-1.950126e-01
-7.078405e-02
-1.301714e-01
-1.274741e-01
-1.283648e-01
-1.164636e-01
-1.192795e-01
-1.256092e-01
-8.008970e-02
-6.997604e-02
-5.110549e-02
-2.316311e-02
-1.696737e-01
-2.896578e-02
-8.938691e-02
-9.605955e-02
-2.105207e-01
-6.644712e-02
-2.204863e-01
-3.277540e-01
-4.554987e-02
2.789686e-02
-2.059530e-01
-1.154886e-01
-9.606687e-02
1.374591e-02
-5.475190e-02
-2.666119e-01
-3.539728e-02
-6.448612e-02
-1.314747e-01
-3.008674e-02
-1.251842e-01
-1.004616e-01
-2.057986e-01
-2.041931e-01
-7.929713e-02
7.169718e-02
5.479208e-02
4.848706e-02
1.184573e-01
6.917061e-02
1.222166e-01
8.927222e-02
7.328150e-02
1.351924e-01
3.563192e-02
3.490723e-02
8.359011e-02
7.785268e-02
9.120610e-02
1.603386e-01
1.121986e-01
1.203591e-01
1.431411e-01
5.864381e-02
1.454793e-01
1.368543e-01
7.419191e-02
-3.055759e-02
-3.199388e-02
-1.882071e-01
-4.388963e-02
-1.444379e-01
-9.523848e-02
-5.959931e-02
-5.668571e-02
-1.534892e-01
-1.459677e-01
-1.343250e-01
-1.853277e-01
-1.143049e-01
-1.878397e-01
1.802073e-01
4.548822e-02
1.257025e-01
9.926873e-02
1.434574e-01
1.091636e-01
1.686347e-01
1.133923e-01
1.658594e-01
1.057367e-01
7.508938e-02
7.581715e-02
1.186886e-01
8.777516e-02
1.051384e-01
7.758953e-02
8.936561e-02
2.433836e-01
-9.038465e-02
-8.088573e-02
-7.699652e-02
-1.438939e-01
-1.509704e-01
-1.703295e-01
-2.027237e-01
-1.937378e-01
-9.721898e-02
-2.042739e-01
-1.614920e-01
-1.058880e-01
2.076689e-02
1.642699e-01
1.287563e-02
2.241817e-01
1.457220e-01
4.362704e-02
-1.876450e-01
-1.774006e-01
-2.710857e-01
-1.196319e-01
4.797380e-02
-1.884467e-02
1.399602e-01
1.653208e-01
1.320932e-01
