-4.336689e-01
4.042933e-01
2.988259e-02
3.289220e-02
8.458305e-04
2.008023e-01
2.754548e-01
6.838917e-03
-2.432414e-01
1.006033e-01
4.403930e-01
-7.476634e-02
2.083533e-01
1.780217e-02
3.395741e-02
-4.300099e-01
7.256760e-02
-1.557074e-01
-3.707522e-01
-1.028675e-01
6.351634e-01
-4.796517e-01
1.512380e-01
-4.271851e-01
-2.496024e-02
1.190073e-02
3.217958e-01
-2.919105e-01
4.813596e-01
3.621978e-01
4.481069e-01
2.744748e-01
-1.651154e-01
-1.062298e-01
3.238014e-01
-4.232748e-01
-4.013428e-01
6.860691e-01
-2.877739e-01
4.384704e-02
1.197613e-01
4.775309e-01
1.249699e-01
8.337844e-02
3.846002e-01
-2.332170e-01
1.532564e-01
-2.262166e-02
-5.053743e-01
4.327211e-01
1.191440e-01
-3.379164e-01
9.100219e-02
-8.641758e-02
1.305256e-01
-3.736075e-01
-2.595718e-01
-1.035046e-01
-5.809835e-02
2.948315e-01
-5.749605e-01
-7.748503e-01
-5.326512e-01
2.078168e-01
3.567052e-01
9.115646e-02
3.962741e-01
-6.367970e-02
-4.835618e-02
3.442137e-02
-4.580233e-01
-2.648035e-02
-2.502971e-01
1.453810e-01
5.333005e-01
-1.233379e-01
-6.473483e-01
-6.108457e-01
1.590930e-01
-6.083766e-02
1.702891e-01
3.773609e-01
-9.228726e-04
2.538411e-01
3.911322e-01
-1.408976e-01
-3.579726e-01
6.409735e-01
-1.916519e-01
-5.036672e-01
3.643500e-01
-7.344002e-02
-1.042546e-02
5.177478e-02
9.669014e-02
-1.139561e-01
-1.674002e-01
1.506295e-01
-2.075497e-01
-4.416344e-01
1.449881e-01
2.167301e-01
7.608483e-01
-5.623490e-02
-1.736747e-01
-2.465737e-01
-2.997768e-01
-6.438810e-02
-3.642837e-01
5.918570e-02
-6.971191e-01
-1.481393e-01
5.470952e-01
7.673366e-01
6.355952e-01
1.420375e-01
-1.641694e-01
2.998783e-01
-1.430659e-01
4.631998e-02
1.285965e-01
-1.080070e-01
-2.345804e-01
1.563547e-02
1.298016e-01
2.538084e-01
5.220169e-01
-2.272113e-01
1.231022e-01
-3.185761e-01
-7.571555e-01
1.299756e-01
3.809622e-02
-1.609173e-01
-1.737197e-01
2.548654e-01
1.957653e-01
8.704619e-01
-1.319522e-01
2.878144e-01
-1.292071e-01
-7.640309e-02
2.091235e-01
-1.290118e-01
-8.635306e-02
2.316062e-01
-3.052851e-01
-3.969895e-01
1.291099e-01
1.779180e-01
3.360939e-01
-2.094997e-01
1.039518e-01
-2.933170e-01
-5.729546e-02
-4.935414e-01
-4.035288e-01
-6.865872e-02
-1.787341e-02
-5.466247e-01
4.154535e-02
2.948724e-01
4.029003e-01
4.405967e-01
2.703800e-01
4.261210e-01
9.547609e-03
-1.836292e-01
5.097430e-02
-1.856250e-01
5.798427e-02
1.011972e-02
-3.407403e-01
-1.896629e-01
-2.144782e-01
3.534758e-01
1.255140e-01
4.816591e-01
1.513493e-02
-9.105336e-02
2.585908e-01
3.703840e-01
-6.353139e-02
2.447733e-01
2.860810e-01
-4.290564e-01
3.338856e-01
4.351077e-01
-1.719217e-01
3.092513e-01
1.120525e-04
-2.442854e-01
-3.905510e-02
-2.460929e-01
-5.009270e-01
1.916656e-02
-4.436267e-01
1.104198e-02
-2.316470e-01
-1.971456e-01
2.227213e-01
4.648421e-01
-4.292022e-01
3.998426e-01
4.834763e-01
1.516860e-01
4.216532e-01
2.029945e-01
1.415246e-01
6.841270e-02
-3.065064e-01
4.368928e-01
-8.322394e-02
-7.905965e-01
7.228081e-01
-6.847498e-01
-4.344613e-02
-3.566976e-01
-2.978714e-01
-2.553804e-01
-1.992159e-01
4.954271e-02
-1.879813e-01
2.130640e-01
1.010023e-01
2.048523e-02
-1.144846e-01
-4.784221e-02
1.596434e-01
1.400836e-01
-2.651860e-01
1.616361e-01
9.775896e-01
4.838558e-01
3.165569e-01
8.538330e-02
-4.518469e-01
6.650545e-02
-1.755978e-01
-1.268966e-01
3.789126e-01
-2.149157e-01
-2.543592e-01
4.129801e-01
-3.583201e-01
-1.721826e-01
-2.550803e-01
1.742100e-01
5.981418e-01
1.216278e-01
-1.589915e-01
-4.472657e-01
-7.338216e-02
2.124139e-01
-5.062817e-04
1.488722e-04
-9.794047e-02
-1.430683e-01
1.643881e-02
1.254423e-01
-2.454050e-01
2.717661e-01
3.159444e-01
1.476424e-01
6.607434e-02
-3.515883e-02
-1.530518e-01
3.649913e-02
1.022031e-01
2.256102e-01
-1.046963e-01
2.994820e-01
-2.993588e-01
-2.312985e-01
-3.294218e-01
3.981741e-01
7.470974e-02
3.455787e-02
7.357317e-01
-9.525234e-02
-8.492167e-02
3.174945e-01
-1.623044e-01
1.199869e-01
1.437895e-01
-4.278105e-01
-1.931711e-01
-5.524388e-03
2.565661e-01
-3.006694e-01
-2.900960e-01
3.989366e-01
-9.206401e-02
-1.299860e-01
-2.971980e-01
-4.545812e-02
-1.471764e-01
8.651586e-02
1.340039e-02
-4.302213e-01
9.715436e-02
-1.217574e-01
3.804988e-01
1.324576e-01
3.061548e-01
-8.371328e-02
-3.421151e-01
-8.225609e-02
-5.748191e-01
-8.206127e-01
3.692550e-01
2.185587e-01
1.404152e-01
5.454654e-02
4.114364e-01
-1.832486e-01
3.840201e-01
2.813029e-01
3.014467e-01
1.560929e-01
-1.751614e-01
-1.142568e-01
2.929451e-01
-5.058575e-01
-3.273554e-01
5.623608e-01
-3.096107e-01
2.430759e-01
1.263309e-01
1.152513e-01
9.640957e-03
4.766101e-02
6.084073e-02
-1.117032e-01
1.480438e-01
4.006970e-01
-4.851337e-01
4.909041e-01
-1.549138e-01
-1.011186e-02
6.288475e-01
2.949121e-01
4.395674e-02
5.938317e-02
-2.269115e-01
2.018685e-01
-5.579640e-02
6.591598e-01
-1.489551e-01
-4.207795e-01
1.046765e-01
4.168935e-01
3.728225e-01
-1.662980e-01
-3.337093e-01
-2.604990e-01
2.884928e-01
1.516535e-01
-4.005574e-01
-4.440960e-01
3.292695e-01
-2.631537e-01
4.269414e-01
-2.273008e-01
5.174310e-02
9.062472e-02
-3.571713e-01
7.495419e-01
-1.184181e-01
-7.569636e-02
-3.272221e-01
-2.782989e-01
3.259459e-01
1.398702e-01
2.379734e-01
8.408842e-02
-2.587124e-01
2.768715e-03
2.458007e-02
2.900922e-01
-2.735571e-02
2.596292e-02
2.054930e-01
4.720970e-02
1.744321e-01
3.187680e-01
3.234074e-03
8.880319e-02
-1.504590e-01
-1.981533e-01
3.927904e-01
1.430615e-01
8.685514e-01
3.954957e-02
-3.213771e-02
-1.426993e-01
2.251247e-01
4.202345e-01
-1.431761e-02
7.966211e-01
-1.740119e-01
-1.854707e-02
-2.340780e-01
-2.095446e-01
4.745216e-02
1.758887e-01
8.390796e-01
1.110584e-01
-1.232202e-01
7.513311e-01
-2.140311e-01
-2.275864e-01
8.061472e-02
-3.548246e-01
-2.690566e-01
-2.381025e-01
4.068200e-01
6.590381e-02
3.880231e-01
1.639593e-02
-1.151394e-01
-4.842052e-01
-2.750394e-01
2.441063e-01
-4.637856e-03
-4.188310e-01
-5.812406e-01
-6.121383e-01
-5.925484e-02
2.569579e-02
-8.775964e-02
8.169991e-01
-1.689169e-01
2.220870e-01
1.616211e-01
2.611963e-01
-3.936750e-01
-3.874808e-01
-9.159934e-03
-5.430214e-02
-1.014296e-02
-1.140021e-02
-4.111862e-01
3.989019e-01
6.129233e-01
-2.779727e-01
3.646296e-01
1.004202e-01
-1.000142e-01
-1.110498e-01
-6.444901e-02
-9.122451e-02
1.067264e-02
-4.335995e-01
-5.810530e-02
1.133887e-01
-3.587569e-01
2.016251e-01
-8.320237e-02
-2.567315e-01
3.523421e-02
-5.804043e-02
4.867813e-01
-9.204871e-02
-1.038522e-01
1.673871e-01
-6.307599e-02
3.573908e-01
9.296902e-02
1.316191e-01
1.762834e-01
-9.593149e-02
4.630844e-02
3.752538e-01
-3.049995e-01
3.423170e-01
5.925599e-01
-1.176722e-01
3.138588e-01
-3.771080e-01
-1.587441e-02
5.253268e-02
4.719543e-02
7.561981e-01
6.044850e-02
-2.291837e-01
-1.226535e-01
1.448659e-01
6.492724e-02
4.205438e-01
7.324029e-01
-1.009813e+00
-5.258445e-01
4.215287e-03
-2.033991e-01
1.932583e-01
1.231962e-02
-5.550641e-01
1.448844e-01
1.933033e-01
-1.052162e-01
-4.819895e-02
1.955344e-01
1.291652e-01
2.669653e-01
-1.413095e-01
2.753430e-01
2.844848e-03
-4.759245e-01
-2.863527e-01
-5.449666e-02
-7.112806e-02
4.495970e-01
-9.723742e-02
-3.844798e-01
-3.298542e-01
2.268439e-01
-3.104900e-02
-1.970691e-01
3.906617e-01
-2.620118e-01
7.243706e-02
2.804317e-01
8.199857e-02
-3.022842e-01
1.453647e-01
1.302918e-01
7.973099e-01
-1.274768e-01
6.120200e-01
-1.520018e-02
-5.683715e-02
1.687402e-01
-7.159528e-02
9.843991e-02
-1.149265e-01
6.106703e-02
-2.791335e-01
-1.846475e-01
2.102173e-01
2.684661e-01
-3.025971e-01
2.344037e-01
-3.679982e-01
9.288249e-02
4.158090e-02
-4.923358e-01
-2.986660e-01
8.137804e-02
-5.771502e-01
-2.809556e-01
6.133007e-01
1.242864e-01
2.397319e-01
-3.661887e-01
-1.982419e-01
-5.815499e-02
-8.871421e-02
2.987823e-01
-4.691964e-01
1.986847e-01
-2.244875e-01
-4.505443e-01
8.877011e-02
-3.738086e-01
-6.533107e-01
-4.629159e-01
-5.379820e-02
3.333025e-01
3.763205e-01
4.980060e-01
-1.686649e-01
-2.188204e-01
3.520520e-01
-2.777939e-01
3.648066e-01
