-4.810e+01
-3.757e+01
-2.239e+01
-7.579e+00
-1.277e+00
-1.120e+00
-8.451e+00
3.167e+00
-1.702e-01
-1.291e+01
-9.213e+00
-7.040e+00
-1.154e+01
-9.799e+00
-1.142e+01
-1.190e+01
-1.667e+01
-1.334e+01
-1.229e+01
-9.831e+00
-1.425e+01
-1.504e+01
-1.316e+01
-1.073e+01
-1.198e+01
-1.460e+01
-1.982e+01
-1.394e+01
-1.677e+01
-1.902e+01
-2.732e+01
-1.794e+01
-1.314e+01
-1.635e+01
-2.474e+01
-2.609e+01
-2.619e+01
-2.343e+01
-2.430e+01
-2.264e+01
-2.291e+01
-1.335e+01
-1.638e+01
-2.189e+01
-2.481e+01
-2.335e+01
-2.992e+01
-2.449e+01
-2.256e+01
-2.547e+01
-2.640e+01
-2.064e+01
-2.713e+01
-3.192e+01
-2.943e+01
-2.718e+01
-2.641e+01
-3.210e+01
-3.581e+01
-3.763e+01
-3.191e+01
-2.848e+01
-3.035e+01
-3.235e+01
-3.256e+01
-3.272e+01
-3.863e+01
-3.389e+01
-3.849e+01
-3.557e+01
-3.701e+01
-3.709e+01
-3.649e+01
-3.646e+01
-2.925e+01
-3.228e+01
-3.382e+01
-3.504e+01
-3.246e+01
-3.549e+01
-3.728e+01
-3.524e+01
-3.122e+01
-3.215e+01
-3.403e+01
-3.601e+01
-3.482e+01
-3.296e+01
-3.662e+01
-3.437e+01
-3.398e+01
-3.194e+01
-3.568e+01
-3.652e+01
-2.986e+01
-3.540e+01
-3.470e+01
-3.624e+01
-3.626e+01
-3.566e+01
-3.398e+01
-3.481e+01
-4.025e+01
-3.708e+01
-3.759e+01
-3.840e+01
-3.840e+01
-4.248e+01
-3.741e+01
-3.836e+01
-4.164e+01
-4.059e+01
-4.138e+01
-4.195e+01
-4.260e+01
-4.237e+01
-4.294e+01
-3.994e+01
-3.989e+01
-4.024e+01
-4.111e+01
-4.060e+01
-4.101e+01
-3.748e+01
-4.099e+01
-4.084e+01
-4.794e+01
-6.214e+01
-4.579e+01
-2.891e+01
-1.870e+01
-7.341e+00
-4.879e+00
-6.939e+00
-1.413e+01
-7.926e-01
-1.519e+00
-9.570e+00
-6.259e+00
-7.130e+00
-8.369e+00
-1.127e+01
-1.929e+01
-1.377e+01
-1.782e+01
-2.123e+01
-1.973e+01
-2.473e+01
-2.135e+01
-1.793e+01
-1.849e+01
-2.004e+01
-1.944e+01
-2.520e+01
-2.936e+01
-2.743e+01
-2.474e+01
-2.466e+01
-2.498e+01
-1.391e+01
-1.306e+01
-1.939e+01
-2.017e+01
-1.881e+01
-2.342e+01
-2.099e+01
-2.225e+01
-2.176e+01
-2.086e+01
-1.565e+01
-2.055e+01
-2.772e+01
-2.504e+01
-2.126e+01
-2.321e+01
-2.149e+01
-2.906e+01
-3.386e+01
-2.097e+01
-2.124e+01
-2.791e+01
-3.263e+01
-3.402e+01
-3.298e+01
-3.309e+01
-3.213e+01
-2.921e+01
-2.935e+01
-3.129e+01
-3.218e+01
-3.145e+01
-3.470e+01
-3.358e+01
-3.063e+01
-3.173e+01
-3.232e+01
-3.445e+01
-3.056e+01
-3.327e+01
-3.345e+01
-3.249e+01
-2.660e+01
-2.783e+01
-3.084e+01
-3.639e+01
-3.269e+01
-3.227e+01
-3.376e+01
-3.256e+01
-3.460e+01
-3.320e+01
-3.416e+01
-3.514e+01
-3.150e+01
-3.441e+01
-3.361e+01
-3.759e+01
-3.681e+01
-3.910e+01
-3.450e+01
-3.574e+01
-3.698e+01
-3.357e+01
-3.775e+01
-3.651e+01
-3.683e+01
-3.622e+01
-3.722e+01
-3.502e+01
-3.920e+01
-3.690e+01
-4.104e+01
-3.803e+01
-4.060e+01
-4.098e+01
-4.029e+01
-4.086e+01
-4.349e+01
-4.265e+01
-4.144e+01
-3.821e+01
-3.956e+01
-4.090e+01
-4.662e+01
-4.773e+01
-4.429e+01
-4.216e+01
-4.157e+01
-4.084e+01
-4.519e+01
-3.874e+01
-3.791e+01
-4.034e+01
-4.156e+01
-4.627e+01
-6.195e+01
-4.002e+01
-2.831e+01
-1.908e+01
-5.256e+00
-5.474e+00
-1.334e+01
-9.623e+00
-1.887e+00
-6.050e+00
-9.726e+00
-1.349e+01
-8.533e+00
-1.415e+01
-1.469e+01
-1.119e+01
-1.266e+01
-1.850e+01
-1.686e+01
-1.484e+01
-1.625e+01
-1.735e+01
-1.611e+01
-9.057e+00
-1.062e+01
-2.428e+01
-2.055e+01
-1.949e+01
-2.122e+01
-2.127e+01
-1.991e+01
-1.745e+01
-1.542e+01
-1.409e+01
-1.886e+01
-1.948e+01
-2.206e+01
-2.099e+01
-2.065e+01
-1.982e+01
-1.928e+01
-2.469e+01
-1.564e+01
-1.728e+01
-2.320e+01
-3.359e+01
-3.063e+01
-2.840e+01
-2.645e+01
-2.355e+01
-2.424e+01
-2.383e+01
-2.137e+01
-2.794e+01
-2.913e+01
-3.027e+01
-2.335e+01
-2.831e+01
-3.113e+01
-2.846e+01
-3.041e+01
-3.178e+01
-3.584e+01
-3.159e+01
-3.050e+01
-3.081e+01
-3.336e+01
-3.131e+01
-3.446e+01
-3.448e+01
-3.145e+01
-2.744e+01
-2.855e+01
-3.118e+01
-3.077e+01
-2.886e+01
-2.903e+01
-2.846e+01
-3.438e+01
-3.577e+01
-3.478e+01
-3.911e+01
-3.509e+01
-3.408e+01
-3.587e+01
-3.666e+01
-3.575e+01
-3.523e+01
-4.098e+01
-3.665e+01
-3.626e+01
-3.659e+01
-3.349e+01
-3.714e+01
-3.918e+01
-3.762e+01
-3.778e+01
-3.846e+01
-3.731e+01
-3.757e+01
-3.805e+01
-3.786e+01
-4.011e+01
-4.147e+01
-3.935e+01
-4.456e+01
-4.207e+01
-4.141e+01
-3.918e+01
-4.015e+01
-4.050e+01
-4.314e+01
-4.332e+01
-4.053e+01
-4.183e+01
-4.345e+01
-4.708e+01
-4.704e+01
-4.139e+01
-4.000e+01
-3.943e+01
-4.372e+01
-4.272e+01
-3.965e+01
-3.783e+01
-4.017e+01
-4.234e+01
-4.720e+01
-6.108e+01
-4.508e+01
-2.918e+01
-1.442e+01
-7.257e+00
-1.196e+01
-9.167e+00
-9.764e+00
-6.726e+00
-9.856e+00
-4.652e+00
-5.097e+00
-8.797e+00
-1.148e+01
-6.479e+00
-8.705e+00
-1.319e+01
-2.178e+01
-1.397e+01
-1.670e+01
-1.957e+01
-1.814e+01
-1.641e+01
-1.766e+01
-2.115e+01
-2.193e+01
-2.414e+01
-2.069e+01
-1.646e+01
-2.551e+01
-2.529e+01
-1.638e+01
-1.344e+01
-1.364e+01
-1.704e+01
-1.775e+01
-2.216e+01
-2.622e+01
-2.116e+01
-2.574e+01
-2.460e+01
-1.885e+01
-1.642e+01
-1.912e+01
-1.951e+01
-2.688e+01
-3.313e+01
-2.686e+01
-2.884e+01
-2.880e+01
-2.649e+01
-2.472e+01
-2.123e+01
-3.169e+01
-3.191e+01
-2.626e+01
-2.366e+01
-2.306e+01
-2.814e+01
-2.866e+01
-3.124e+01
-3.034e+01
-3.020e+01
-2.897e+01
-2.749e+01
-2.760e+01
-3.069e+01
-3.874e+01
-3.753e+01
-2.784e+01
-2.969e+01
-3.165e+01
-2.854e+01
-3.108e+01
-2.990e+01
-2.539e+01
-3.654e+01
-3.282e+01
-3.383e+01
-3.483e+01
-3.309e+01
-3.120e+01
-3.283e+01
-3.556e+01
-4.074e+01
-4.053e+01
-3.912e+01
-3.652e+01
-4.284e+01
-3.523e+01
-3.565e+01
-3.507e+01
-3.725e+01
-3.860e+01
-3.887e+01
-3.797e+01
-3.730e+01
-3.713e+01
-3.687e+01
-3.873e+01
-4.077e+01
-4.133e+01
-3.986e+01
-3.693e+01
-3.833e+01
-3.636e+01
-3.697e+01
-3.729e+01
-4.038e+01
-4.014e+01
-3.948e+01
-4.119e+01
-4.117e+01
-3.896e+01
-3.947e+01
-4.033e+01
-4.175e+01
-3.993e+01
-3.718e+01
-3.814e+01
-4.077e+01
-4.418e+01
-4.046e+01
-3.784e+01
-3.735e+01
-3.722e+01
-4.243e+01
-4.617e+01
-6.052e+01
-4.145e+01
-2.942e+01
-2.104e+01
-1.701e+01
-1.620e+01
-1.064e+01
-8.806e+00
-5.666e+00
-7.513e+00
-1.630e+01
-1.442e+01
-7.345e+00
-9.387e+00
-1.244e+01
-1.609e+01
-1.985e+01
-2.401e+01
-1.798e+01
-1.412e+01
-1.382e+01
-1.816e+01
-2.013e+01
-1.543e+01
-1.921e+01
-2.412e+01
-2.244e+01
-2.389e+01
-2.035e+01
-2.465e+01
-2.387e+01
-2.069e+01
-1.686e+01
-1.758e+01
-2.085e+01
-1.990e+01
-2.301e+01
-1.903e+01
-1.709e+01
-1.874e+01
-1.896e+01
-1.791e+01
-1.329e+01
-1.974e+01
-2.893e+01
-3.487e+01
-2.987e+01
-2.674e+01
-3.260e+01
-2.637e+01
-2.662e+01
-2.409e+01
-2.274e+01
-3.353e+01
-2.833e+01
-2.739e+01
-2.248e+01
-2.283e+01
-3.168e+01
-3.023e+01
-2.937e+01
-2.699e+01
-2.780e+01
-3.341e+01
-3.388e+01
-3.796e+01
-3.624e+01
-2.974e+01
-2.978e+01
-3.485e+01
-2.987e+01
-3.043e+01
-3.410e+01
-2.912e+01
-3.051e+01
-2.932e+01
-3.524e+01
-3.287e+01
-3.740e+01
-3.489e+01
-3.667e+01
-3.750e+01
-3.643e+01
-3.782e+01
-3.717e+01
-3.993e+01
-3.648e+01
-3.554e+01
-4.541e+01
-4.008e+01
-4.106e+01
-3.933e+01
-3.646e+01
-3.908e+01
-4.516e+01
-3.801e+01
-3.526e+01
-3.549e+01
-3.411e+01
-3.835e+01
-3.903e+01
-3.868e+01
-4.050e+01
-3.579e+01
-4.071e+01
-4.366e+01
-4.079e+01
-3.769e+01
-3.937e+01
-4.023e+01
-4.385e+01
-4.279e+01
-4.199e+01
-4.089e+01
-4.194e+01
-4.351e+01
-4.770e+01
-4.307e+01
-4.047e+01
-3.853e+01
-4.084e+01
-4.275e+01
-4.193e+01
-4.171e+01
-4.158e+01
-4.291e+01
-4.367e+01
-4.737e+01
-5.986e+01
