-4.561e+01
-2.070e+01
-1.309e+01
-9.117e+00
-1.240e+00
1.200e+00
-7.697e+00
-7.178e+00
-7.401e+00
-8.534e+00
-8.168e+00
-1.152e+01
-1.439e+01
-1.693e+01
-1.935e+01
-1.548e+01
-1.494e+01
-1.363e+01
-1.366e+01
-1.470e+01
-1.298e+01
-1.213e+01
-1.961e+01
-2.409e+01
-3.065e+01
-3.061e+01
-2.544e+01
-2.511e+01
-2.816e+01
-1.768e+01
-2.146e+01
-2.421e+01
-2.041e+01
-2.320e+01
-2.873e+01
-2.332e+01
-2.643e+01
-2.707e+01
-2.992e+01
-2.429e+01
-2.403e+01
-1.189e+01
-1.583e+01
-2.978e+01
-2.659e+01
-2.610e+01
-2.664e+01
-3.285e+01
-2.938e+01
-2.541e+01
-2.338e+01
-2.667e+01
-2.817e+01
-2.624e+01
-2.770e+01
-3.362e+01
-2.831e+01
-2.855e+01
-3.399e+01
-3.434e+01
-3.119e+01
-3.053e+01
-3.309e+01
-3.178e+01
-2.983e+01
-3.558e+01
-3.705e+01
-3.953e+01
-3.881e+01
-3.996e+01
-4.085e+01
-3.263e+01
-3.308e+01
-2.874e+01
-2.548e+01
-3.343e+01
-3.308e+01
-3.337e+01
-2.829e+01
-3.155e+01
-3.992e+01
-3.424e+01
-3.543e+01
-3.690e+01
-3.963e+01
-4.065e+01
-4.218e+01
-4.381e+01
-4.140e+01
-3.936e+01
-3.782e+01
-3.522e+01
-3.727e+01
-3.821e+01
-3.539e+01
-3.557e+01
-3.922e+01
-4.034e+01
-3.899e+01
-3.876e+01
-4.066e+01
-4.196e+01
-4.105e+01
-3.966e+01
-4.037e+01
-3.951e+01
-3.683e+01
-4.464e+01
-4.102e+01
-4.171e+01
-4.343e+01
-4.013e+01
-4.141e+01
-4.438e+01
-4.164e+01
-4.325e+01
-4.141e+01
-4.182e+01
-4.516e+01
-4.601e+01
-4.337e+01
-4.046e+01
-3.835e+01
-3.898e+01
-3.790e+01
-3.854e+01
-5.010e+01
-6.310e+01
-4.417e+01
-2.911e+01
-1.854e+01
-1.217e+01
-2.581e+00
-1.532e+00
-1.721e+01
-1.507e+01
-1.480e+01
-1.334e+01
-1.302e+01
-9.800e+00
-4.656e+00
-6.045e+00
-1.473e+01
-1.070e+01
-1.148e+01
-1.407e+01
-1.725e+01
-1.686e+01
-1.509e+01
-1.546e+01
-1.412e+01
-1.452e+01
-2.226e+01
-2.693e+01
-2.405e+01
-2.039e+01
-2.116e+01
-2.225e+01
-2.288e+01
-1.625e+01
-1.370e+01
-1.811e+01
-1.633e+01
-1.806e+01
-2.446e+01
-2.391e+01
-2.739e+01
-2.413e+01
-2.165e+01
-9.917e+00
-1.249e+01
-2.199e+01
-2.626e+01
-1.983e+01
-2.313e+01
-3.098e+01
-2.921e+01
-2.096e+01
-1.792e+01
-2.125e+01
-2.727e+01
-2.854e+01
-3.322e+01
-2.771e+01
-2.555e+01
-2.744e+01
-3.279e+01
-3.301e+01
-3.160e+01
-3.374e+01
-3.115e+01
-3.102e+01
-3.133e+01
-3.789e+01
-3.467e+01
-3.569e+01
-3.718e+01
-3.438e+01
-3.262e+01
-3.709e+01
-2.993e+01
-3.039e+01
-3.107e+01
-3.607e+01
-3.831e+01
-3.542e+01
-3.104e+01
-3.259e+01
-3.780e+01
-3.808e+01
-3.442e+01
-3.579e+01
-3.545e+01
-4.088e+01
-4.046e+01
-4.537e+01
-4.356e+01
-3.865e+01
-3.996e+01
-3.929e+01
-3.838e+01
-4.095e+01
-3.915e+01
-3.351e+01
-3.545e+01
-3.727e+01
-3.644e+01
-3.632e+01
-3.526e+01
-3.663e+01
-3.782e+01
-3.869e+01
-3.905e+01
-3.819e+01
-4.015e+01
-4.147e+01
-4.369e+01
-3.883e+01
-3.938e+01
-4.080e+01
-4.154e+01
-4.288e+01
-4.375e+01
-4.304e+01
-4.238e+01
-4.046e+01
-4.298e+01
-4.414e+01
-4.096e+01
-4.072e+01
-3.869e+01
-3.776e+01
-3.696e+01
-3.838e+01
-4.595e+01
-6.043e+01
-4.652e+01
-2.398e+01
-1.564e+01
-1.145e+01
-7.588e+00
-2.855e+00
-1.067e+01
-1.256e+01
-2.152e+01
-1.659e+01
-1.484e+01
-1.138e+01
-7.473e+00
-8.701e+00
-1.378e+01
-1.372e+01
-1.972e+01
-1.333e+01
-1.162e+01
-1.417e+01
-8.648e+00
-9.406e+00
-1.272e+01
-1.856e+01
-2.277e+01
-2.343e+01
-2.969e+01
-2.969e+01
-2.473e+01
-1.942e+01
-2.256e+01
-2.260e+01
-1.848e+01
-1.869e+01
-2.293e+01
-2.502e+01
-2.225e+01
-1.984e+01
-2.159e+01
-2.136e+01
-2.035e+01
-1.345e+01
-1.778e+01
-2.361e+01
-2.262e+01
-2.620e+01
-2.495e+01
-2.636e+01
-2.629e+01
-2.685e+01
-1.995e+01
-2.184e+01
-2.480e+01
-2.592e+01
-3.060e+01
-3.250e+01
-3.252e+01
-2.994e+01
-2.900e+01
-3.026e+01
-3.151e+01
-2.978e+01
-2.773e+01
-3.273e+01
-3.467e+01
-3.587e+01
-3.233e+01
-2.957e+01
-3.325e+01
-3.627e+01
-3.635e+01
-3.610e+01
-3.706e+01
-3.324e+01
-3.221e+01
-2.691e+01
-3.491e+01
-3.737e+01
-3.351e+01
-3.257e+01
-3.812e+01
-3.180e+01
-3.260e+01
-3.735e+01
-3.921e+01
-3.979e+01
-3.947e+01
-4.437e+01
-3.874e+01
-3.775e+01
-3.459e+01
-3.919e+01
-3.825e+01
-3.842e+01
-3.534e+01
-3.413e+01
-3.775e+01
-3.715e+01
-3.395e+01
-3.794e+01
-3.758e+01
-3.615e+01
-3.833e+01
-4.259e+01
-3.952e+01
-4.058e+01
-4.161e+01
-4.081e+01
-3.906e+01
-3.798e+01
-3.905e+01
-3.666e+01
-4.034e+01
-3.860e+01
-4.130e+01
-4.210e+01
-4.335e+01
-4.518e+01
-4.186e+01
-3.944e+01
-3.801e+01
-3.796e+01
-3.732e+01
-3.630e+01
-3.754e+01
-3.870e+01
-4.424e+01
-6.297e+01
-5.212e+01
-2.420e+01
-1.556e+01
-1.588e+01
-7.733e+00
-5.052e+00
-7.377e+00
-6.519e+00
-9.552e+00
-1.470e+01
-8.454e+00
-1.056e+01
-1.692e+01
-1.520e+01
-1.700e+01
-9.227e+00
-8.357e+00
-1.376e+01
-2.036e+01
-1.714e+01
-1.757e+01
-1.411e+01
-8.182e+00
-8.637e+00
-1.404e+01
-1.968e+01
-2.761e+01
-2.130e+01
-2.211e+01
-1.843e+01
-2.269e+01
-1.743e+01
-1.195e+01
-1.588e+01
-2.037e+01
-1.709e+01
-2.098e+01
-2.633e+01
-2.376e+01
-2.395e+01
-2.127e+01
-1.405e+01
-1.546e+01
-2.144e+01
-3.368e+01
-3.063e+01
-3.002e+01
-2.701e+01
-2.192e+01
-1.884e+01
-2.237e+01
-1.789e+01
-2.275e+01
-2.413e+01
-2.625e+01
-2.678e+01
-2.753e+01
-3.066e+01
-3.169e+01
-3.074e+01
-2.999e+01
-3.054e+01
-3.494e+01
-3.177e+01
-3.148e+01
-3.734e+01
-3.436e+01
-3.422e+01
-3.681e+01
-4.148e+01
-3.760e+01
-3.881e+01
-3.354e+01
-3.206e+01
-2.895e+01
-2.930e+01
-3.553e+01
-3.293e+01
-2.789e+01
-3.357e+01
-3.996e+01
-3.845e+01
-3.883e+01
-3.771e+01
-3.927e+01
-4.058e+01
-3.998e+01
-4.302e+01
-3.820e+01
-3.796e+01
-3.828e+01
-3.562e+01
-3.701e+01
-3.867e+01
-3.781e+01
-3.671e+01
-3.643e+01
-3.543e+01
-3.869e+01
-3.738e+01
-3.879e+01
-3.612e+01
-3.654e+01
-4.406e+01
-4.681e+01
-4.181e+01
-4.175e+01
-4.418e+01
-4.404e+01
-3.864e+01
-3.923e+01
-4.084e+01
-4.064e+01
-3.971e+01
-4.174e+01
-3.938e+01
-4.047e+01
-4.087e+01
-4.409e+01
-4.151e+01
-3.997e+01
-3.944e+01
-3.918e+01
-3.463e+01
-3.745e+01
-4.206e+01
-4.749e+01
-5.954e+01
-4.463e+01
-2.519e+01
-2.264e+01
-7.186e+00
-2.659e+00
-2.372e+00
-1.361e+01
-1.521e+01
-1.104e+01
-5.275e+00
-1.390e+01
-1.180e+01
-8.813e+00
-1.270e+01
-1.269e+01
-1.132e+01
-9.408e+00
-1.230e+01
-1.050e+01
-1.464e+01
-1.614e+01
-1.725e+01
-1.241e+01
-1.286e+01
-2.018e+01
-2.232e+01
-2.031e+01
-1.719e+01
-1.959e+01
-2.675e+01
-2.242e+01
-1.420e+01
-1.553e+01
-2.013e+01
-1.597e+01
-1.550e+01
-2.192e+01
-2.143e+01
-1.807e+01
-1.888e+01
-1.724e+01
-1.040e+01
-1.456e+01
-2.122e+01
-2.023e+01
-2.391e+01
-2.315e+01
-2.448e+01
-2.602e+01
-3.105e+01
-4.321e+01
-2.599e+01
-2.833e+01
-2.388e+01
-2.154e+01
-2.369e+01
-3.260e+01
-3.376e+01
-3.103e+01
-2.861e+01
-3.207e+01
-2.636e+01
-2.554e+01
-2.237e+01
-2.425e+01
-2.870e+01
-2.949e+01
-3.185e+01
-3.182e+01
-3.094e+01
-2.812e+01
-2.659e+01
-2.366e+01
-2.299e+01
-2.324e+01
-2.436e+01
-2.979e+01
-3.061e+01
-2.791e+01
-3.018e+01
-3.700e+01
-3.193e+01
-3.423e+01
-3.599e+01
-3.485e+01
-3.766e+01
-4.088e+01
-4.142e+01
-4.022e+01
-3.974e+01
-3.687e+01
-4.003e+01
-3.971e+01
-3.997e+01
-3.533e+01
-3.206e+01
-3.473e+01
-3.795e+01
-3.922e+01
-3.875e+01
-3.697e+01
-3.993e+01
-3.876e+01
-4.131e+01
-4.742e+01
-4.094e+01
-4.225e+01
-3.689e+01
-3.753e+01
-4.396e+01
-4.004e+01
-3.799e+01
-4.011e+01
-4.097e+01
-3.915e+01
-4.000e+01
-4.141e+01
-4.428e+01
-4.314e+01
-4.212e+01
-4.265e+01
-3.974e+01
-3.887e+01
-3.682e+01
-3.994e+01
-3.974e+01
-4.431e+01
-6.149e+01
