-5.297e+01
-3.098e+01
-1.342e+01
-5.730e+00
-1.668e+00
5.470e-01
-5.396e+00
-9.252e-01
-5.448e+00
-1.012e+01
-1.300e+01
-6.211e+00
-3.146e+00
-9.176e+00
-1.780e+01
-1.398e+01
-1.857e+01
-2.282e+01
-2.072e+01
-1.637e+01
-1.661e+01
-1.006e+01
-4.179e+00
-6.433e+00
-1.678e+01
-2.600e+01
-2.196e+01
-2.393e+01
-2.193e+01
-2.379e+01
-1.851e+01
-1.460e+01
-1.507e+01
-1.937e+01
-2.067e+01
-2.181e+01
-1.893e+01
-2.302e+01
-1.942e+01
-2.240e+01
-2.121e+01
-1.057e+01
-1.356e+01
-2.750e+01
-2.664e+01
-2.464e+01
-2.816e+01
-2.380e+01
-2.475e+01
-2.026e+01
-1.930e+01
-2.375e+01
-2.416e+01
-2.370e+01
-2.991e+01
-3.017e+01
-2.460e+01
-2.479e+01
-2.843e+01
-3.186e+01
-3.022e+01
-3.006e+01
-3.098e+01
-2.719e+01
-2.683e+01
-3.668e+01
-3.368e+01
-2.977e+01
-3.604e+01
-3.270e+01
-3.288e+01
-3.645e+01
-3.541e+01
-3.128e+01
-3.116e+01
-2.760e+01
-3.470e+01
-3.117e+01
-3.041e+01
-3.148e+01
-3.543e+01
-3.352e+01
-3.472e+01
-3.617e+01
-3.360e+01
-3.843e+01
-3.649e+01
-3.786e+01
-3.811e+01
-3.915e+01
-3.720e+01
-3.771e+01
-3.672e+01
-3.969e+01
-3.886e+01
-3.677e+01
-3.916e+01
-3.963e+01
-3.773e+01
-3.802e+01
-3.906e+01
-3.924e+01
-3.625e+01
-4.017e+01
-4.226e+01
-4.046e+01
-4.088e+01
-3.836e+01
-4.235e+01
-4.274e+01
-4.296e+01
-4.320e+01
-4.287e+01
-4.083e+01
-4.301e+01
-4.284e+01
-4.121e+01
-4.236e+01
-4.283e+01
-4.302e+01
-4.275e+01
-4.070e+01
-3.983e+01
-3.813e+01
-3.711e+01
-4.018e+01
-4.757e+01
-5.955e+01
-5.268e+01
-2.599e+01
-2.171e+01
-1.462e+01
-3.455e+00
-9.475e-01
-7.212e+00
-1.672e+00
-9.525e+00
-7.781e+00
-5.327e+00
-2.404e+00
-9.843e-01
-6.452e+00
-1.441e+01
-6.310e+00
-9.602e+00
-1.364e+01
-1.327e+01
-1.537e+01
-1.654e+01
-1.117e+01
-1.579e+01
-1.308e+01
-1.807e+01
-2.076e+01
-2.004e+01
-2.318e+01
-1.705e+01
-1.736e+01
-2.006e+01
-1.350e+01
-1.423e+01
-2.261e+01
-2.512e+01
-2.989e+01
-2.553e+01
-1.906e+01
-2.280e+01
-2.390e+01
-2.629e+01
-1.043e+01
-1.352e+01
-2.346e+01
-2.316e+01
-2.828e+01
-2.684e+01
-3.050e+01
-3.160e+01
-2.497e+01
-2.311e+01
-2.576e+01
-2.467e+01
-2.626e+01
-2.688e+01
-2.891e+01
-2.266e+01
-2.174e+01
-3.083e+01
-3.371e+01
-3.590e+01
-3.327e+01
-2.747e+01
-2.800e+01
-2.800e+01
-3.423e+01
-3.462e+01
-3.501e+01
-3.461e+01
-3.245e+01
-3.469e+01
-3.208e+01
-3.019e+01
-2.976e+01
-3.044e+01
-3.499e+01
-3.678e+01
-3.303e+01
-3.179e+01
-3.501e+01
-4.028e+01
-3.786e+01
-3.384e+01
-3.803e+01
-4.103e+01
-4.128e+01
-4.086e+01
-3.798e+01
-4.273e+01
-3.855e+01
-3.854e+01
-3.544e+01
-3.410e+01
-3.854e+01
-3.577e+01
-3.451e+01
-3.481e+01
-3.584e+01
-3.884e+01
-3.698e+01
-3.655e+01
-4.030e+01
-3.589e+01
-3.738e+01
-3.773e+01
-4.029e+01
-3.849e+01
-3.857e+01
-3.849e+01
-3.513e+01
-3.868e+01
-4.026e+01
-4.079e+01
-4.419e+01
-4.407e+01
-4.208e+01
-4.062e+01
-4.375e+01
-4.452e+01
-4.359e+01
-4.345e+01
-3.714e+01
-3.660e+01
-3.788e+01
-3.441e+01
-3.628e+01
-4.580e+01
-6.189e+01
-4.027e+01
-3.494e+01
-3.366e+01
-1.596e+01
-1.175e+00
1.806e+00
-1.024e+01
-1.318e+01
-1.776e+01
-1.868e+01
-1.966e+01
-1.235e+01
-1.208e+01
-1.563e+01
-1.214e+01
-1.170e+01
-1.231e+01
-1.141e+01
-1.507e+01
-1.583e+01
-8.277e+00
-5.269e+00
-1.076e+01
-1.352e+01
-2.141e+01
-2.564e+01
-2.121e+01
-2.189e+01
-2.078e+01
-1.703e+01
-1.869e+01
-1.532e+01
-1.129e+01
-1.674e+01
-1.608e+01
-1.790e+01
-2.303e+01
-2.064e+01
-2.062e+01
-2.527e+01
-1.800e+01
-8.749e+00
-1.262e+01
-2.838e+01
-2.232e+01
-2.196e+01
-2.464e+01
-2.911e+01
-2.808e+01
-2.877e+01
-2.682e+01
-2.739e+01
-2.580e+01
-2.150e+01
-2.615e+01
-2.607e+01
-2.839e+01
-3.285e+01
-2.913e+01
-3.057e+01
-3.657e+01
-3.411e+01
-3.254e+01
-3.218e+01
-3.191e+01
-2.865e+01
-3.105e+01
-2.892e+01
-2.763e+01
-3.229e+01
-3.580e+01
-3.020e+01
-3.217e+01
-3.202e+01
-2.828e+01
-3.152e+01
-3.358e+01
-2.800e+01
-2.870e+01
-3.048e+01
-3.566e+01
-3.365e+01
-3.284e+01
-3.804e+01
-3.767e+01
-3.549e+01
-3.552e+01
-3.786e+01
-3.577e+01
-3.651e+01
-3.634e+01
-3.728e+01
-3.991e+01
-3.972e+01
-3.480e+01
-3.179e+01
-2.963e+01
-3.421e+01
-3.843e+01
-3.831e+01
-3.644e+01
-3.851e+01
-3.544e+01
-4.134e+01
-4.162e+01
-4.143e+01
-3.917e+01
-3.871e+01
-4.200e+01
-4.027e+01
-3.885e+01
-4.085e+01
-4.156e+01
-4.268e+01
-4.206e+01
-3.831e+01
-3.728e+01
-3.798e+01
-4.441e+01
-3.733e+01
-3.927e+01
-3.922e+01
-4.168e+01
-3.844e+01
-3.758e+01
-3.991e+01
-4.329e+01
-6.134e+01
-4.561e+01
-2.070e+01
-1.309e+01
-9.117e+00
-1.240e+00
1.200e+00
-7.697e+00
-7.178e+00
-7.401e+00
-8.534e+00
-8.168e+00
-1.152e+01
-1.439e+01
-1.693e+01
-1.935e+01
-1.548e+01
-1.494e+01
-1.363e+01
-1.366e+01
-1.470e+01
-1.298e+01
-1.213e+01
-1.961e+01
-2.409e+01
-3.065e+01
-3.061e+01
-2.544e+01
-2.511e+01
-2.816e+01
-1.768e+01
-2.146e+01
-2.421e+01
-2.041e+01
-2.320e+01
-2.873e+01
-2.332e+01
-2.643e+01
-2.707e+01
-2.992e+01
-2.429e+01
-2.403e+01
-1.189e+01
-1.583e+01
-2.978e+01
-2.659e+01
-2.610e+01
-2.664e+01
-3.285e+01
-2.938e+01
-2.541e+01
-2.338e+01
-2.667e+01
-2.817e+01
-2.624e+01
-2.770e+01
-3.362e+01
-2.831e+01
-2.855e+01
-3.399e+01
-3.434e+01
-3.119e+01
-3.053e+01
-3.309e+01
-3.178e+01
-2.983e+01
-3.558e+01
-3.705e+01
-3.953e+01
-3.881e+01
-3.996e+01
-4.085e+01
-3.263e+01
-3.308e+01
-2.874e+01
-2.548e+01
-3.343e+01
-3.308e+01
-3.337e+01
-2.829e+01
-3.155e+01
-3.992e+01
-3.424e+01
-3.543e+01
-3.690e+01
-3.963e+01
-4.065e+01
-4.218e+01
-4.381e+01
-4.140e+01
-3.936e+01
-3.782e+01
-3.522e+01
-3.727e+01
-3.821e+01
-3.539e+01
-3.557e+01
-3.922e+01
-4.034e+01
-3.899e+01
-3.876e+01
-4.066e+01
-4.196e+01
-4.105e+01
-3.966e+01
-4.037e+01
-3.951e+01
-3.683e+01
-4.464e+01
-4.102e+01
-4.171e+01
-4.343e+01
-4.013e+01
-4.141e+01
-4.438e+01
-4.164e+01
-4.325e+01
-4.141e+01
-4.182e+01
-4.516e+01
-4.601e+01
-4.337e+01
-4.046e+01
-3.835e+01
-3.898e+01
-3.790e+01
-3.854e+01
-5.010e+01
-6.310e+01
-4.417e+01
-2.911e+01
-1.854e+01
-1.217e+01
-2.581e+00
-1.532e+00
-1.721e+01
-1.507e+01
-1.480e+01
-1.334e+01
-1.302e+01
-9.800e+00
-4.656e+00
-6.045e+00
-1.473e+01
-1.070e+01
-1.148e+01
-1.407e+01
-1.725e+01
-1.686e+01
-1.509e+01
-1.546e+01
-1.412e+01
-1.452e+01
-2.226e+01
-2.693e+01
-2.405e+01
-2.039e+01
-2.116e+01
-2.225e+01
-2.288e+01
-1.625e+01
-1.370e+01
-1.811e+01
-1.633e+01
-1.806e+01
-2.446e+01
-2.391e+01
-2.739e+01
-2.413e+01
-2.165e+01
-9.917e+00
-1.249e+01
-2.199e+01
-2.626e+01
-1.983e+01
-2.313e+01
-3.098e+01
-2.921e+01
-2.096e+01
-1.792e+01
-2.125e+01
-2.727e+01
-2.854e+01
-3.322e+01
-2.771e+01
-2.555e+01
-2.744e+01
-3.279e+01
-3.301e+01
-3.160e+01
-3.374e+01
-3.115e+01
-3.102e+01
-3.133e+01
-3.789e+01
-3.467e+01
-3.569e+01
-3.718e+01
-3.438e+01
-3.262e+01
-3.709e+01
-2.993e+01
-3.039e+01
-3.107e+01
-3.607e+01
-3.831e+01
-3.542e+01
-3.104e+01
-3.259e+01
-3.780e+01
-3.808e+01
-3.442e+01
-3.579e+01
-3.545e+01
-4.088e+01
-4.046e+01
-4.537e+01
-4.356e+01
-3.865e+01
-3.996e+01
-3.929e+01
-3.838e+01
-4.095e+01
-3.915e+01
-3.351e+01
-3.545e+01
-3.727e+01
-3.644e+01
-3.632e+01
-3.526e+01
-3.663e+01
-3.782e+01
-3.869e+01
-3.905e+01
-3.819e+01
-4.015e+01
-4.147e+01
-4.369e+01
-3.883e+01
-3.938e+01
-4.080e+01
-4.154e+01
-4.288e+01
-4.375e+01
-4.304e+01
-4.238e+01
-4.046e+01
-4.298e+01
-4.414e+01
-4.096e+01
-4.072e+01
-3.869e+01
-3.776e+01
-3.696e+01
-3.838e+01
-4.595e+01
-6.043e+01
