1.813e+00
-1.345e+00
-1.340e+01
-5.664e+00
2.717e-01
-6.829e+00
-1.242e+00
1.450e+01
-2.098e+00
2.998e-01
6.149e-01
-4.947e-01
-6.976e+00
9.757e-02
7.122e-02
2.158e+00
5.515e+00
3.037e+00
1.381e+00
-2.267e+00
-2.066e+01
-4.412e-01
5.401e+00
2.790e+00
5.134e+00
1.358e+01
-6.675e+00
4.702e+00
-1.105e+00
-2.665e+00
-2.013e+00
-1.101e+00
-2.021e+00
-6.147e+00
2.319e+00
-1.388e+00
4.336e+00
3.185e+00
-1.682e+00
-4.760e+00
4.795e+00
2.535e-01
-1.075e+00
7.339e-01
-1.465e-01
-3.149e-02
-4.985e+00
1.298e+00
1.254e+01
-3.249e+00
-3.437e+00
-1.915e+00
-3.048e+00
-3.819e+00
-3.874e+00
-9.400e+00
-2.318e+00
-1.486e+00
-5.308e+00
-1.042e+00
1.166e-01
2.700e+00
-3.427e+00
-9.101e+00
-1.016e+01
2.102e+00
-6.613e-01
1.256e+00
-2.905e+00
-1.873e+00
-7.106e-01
4.928e+00
4.163e+00
6.568e+00
6.718e+00
3.641e+00
-1.600e+00
-4.266e-01
-1.048e+01
3.199e+00
-3.784e-01
1.457e+00
-2.433e+00
1.117e+00
5.562e+00
5.763e+00
5.989e+00
5.981e-01
4.036e-01
2.896e+00
9.406e+00
-2.729e-01
1.030e+01
-1.421e+01
5.862e+00
9.000e-01
-1.374e+00
-3.552e+00
-8.257e+00
2.792e+00
2.947e+00
1.346e+01
3.055e+00
2.467e+00
2.778e+00
4.462e+00
-1.674e+01
1.906e+00
7.404e+00
-4.128e+00
3.595e-01
-2.887e+00
7.106e-01
-1.487e+00
-6.438e-01
-1.594e+00
-4.883e+00
-3.186e-01
4.081e+00
4.252e+00
-5.038e-01
-2.872e-01
3.816e+00
-5.496e-03
8.127e-01
6.765e+00
-7.256e+00
8.450e+00
