1.750e+00
-6.170e-03
-1.848e-02
-1.105e-01
-6.808e-01
-2.066e+00
3.826e-01
-2.981e-02
1.514e-02
1.014e-01
-8.664e-02
-1.442e-01
2.915e-01
-9.660e-02
1.780e-01
2.247e-01
2.129e-01
1.023e-01
3.420e-01
1.717e-01
3.212e-01
2.988e-01
-1.593e-01
-4.464e-02
5.869e-01
-6.837e-01
-2.362e-03
-2.123e-01
8.610e-01
-4.491e-01
1.570e-01
-3.079e-02
4.712e-02
-9.410e-01
1.914e-01
3.191e-01
1.505e-01
-1.412e-01
-2.492e-01
1.008e-01
-1.934e-01
7.416e-02
1.102e-01
-1.288e-02
-1.216e+00
1.616e-01
5.556e-01
-1.076e+00
-8.090e-02
-1.006e-01
-2.554e-01
-1.504e-01
-2.265e-01
1.296e+00
1.134e-01
-1.396e+00
2.740e-02
6.123e-01
8.553e-02
-1.358e-01
-1.382e-01
-5.004e-01
6.204e-01
-8.194e-02
4.091e-01
3.638e-01
3.059e-01
-1.039e-01
1.809e-01
-2.198e-01
1.444e-01
2.059e-01
-1.097e-01
-1.188e-01
1.018e+00
2.062e-01
4.036e-01
6.691e-02
-1.927e-01
-1.239e+00
4.687e-02
-1.430e-01
3.190e-01
-2.129e-01
-2.325e+00
-2.382e-01
-4.042e-01
1.054e-01
3.537e-01
-2.756e-01
-3.089e-01
-5.333e-01
-3.710e-01
-1.055e-01
1.442e-01
-1.777e-01
3.719e-01
-3.121e-01
-5.701e-01
9.342e-02
1.877e-02
-8.744e-02
2.396e-02
-9.179e-02
-1.711e-01
1.038e-01
2.336e-02
-1.222e+00
1.163e-01
-2.790e-02
1.365e+00
8.837e-02
4.662e-01
-2.388e-01
-7.314e-02
4.016e-03
7.801e-01
3.446e-01
4.665e-01
-2.089e-01
3.309e-01
2.241e-01
3.161e-01
1.621e-02
2.239e-01
-2.552e-02
4.123e-01
-1.351e+00
