9.941e-01
5.083e-01
-1.691e-01
1.141e+00
-3.597e-01
1.337e-01
3.133e-01
-3.080e-01
1.433e-01
7.782e-03
-4.006e-02
-2.378e-01
-3.583e-02
-2.291e-01
4.931e-01
3.663e-02
2.812e-01
6.448e-01
8.677e-02
2.119e-01
-1.975e+00
6.528e-02
2.090e-01
-5.060e-02
4.298e-01
-2.999e-02
-1.553e-01
5.436e-02
-2.131e+00
6.965e-02
2.597e-01
-1.098e-01
2.467e-01
1.703e-01
-1.775e-01
3.247e-01
-5.321e-01
7.068e-02
1.145e-01
-4.039e-02
1.065e+00
1.305e-01
-8.629e-01
3.570e-02
-1.381e-01
1.316e-01
-1.700e-01
5.197e-01
1.431e-01
3.656e-01
3.357e-01
3.086e-02
1.707e-01
4.727e-01
1.359e-01
-4.166e-02
-5.312e-01
-5.457e-01
-1.259e-01
-2.644e-03
-1.069e+00
5.689e-02
-1.886e-01
-1.333e-01
-1.202e-01
1.177e-01
1.740e-01
2.269e-01
3.158e-01
-4.596e-01
1.238e-01
5.400e-01
-2.603e-01
-2.098e-02
-8.038e-02
5.646e-02
1.217e-01
5.015e-01
-1.469e-01
2.466e-01
3.576e-02
-1.074e-01
-2.638e-01
1.482e-01
1.659e-01
8.731e-02
9.871e-03
1.064e-01
-3.665e-02
5.477e-01
5.257e-01
1.591e-01
-2.624e-01
-3.463e-02
-1.582e-01
1.198e-01
-2.217e-01
-1.562e-01
3.354e-01
-3.598e-01
-9.216e-02
1.718e-01
4.844e-05
-7.531e-02
2.712e-01
6.654e-02
-3.990e-02
1.767e-01
-1.349e-02
5.308e-02
1.298e-01
-1.269e-01
5.706e-01
5.791e-02
-1.906e-01
3.820e-01
1.644e-01
2.840e-01
-5.047e-02
-2.853e-02
-5.900e-02
1.469e-01
1.606e-01
-3.083e-01
3.673e-01
2.719e-02
1.113e+00
6.965e-03
