2.611e-01
-4.646e-02
-9.796e-01
1.088e-01
-3.189e-02
3.852e-01
-1.680e-01
-3.766e+00
2.439e-02
-2.601e+00
-2.202e+00
1.391e-01
6.432e-02
-1.211e-02
2.389e-01
1.908e-01
-5.355e-02
-6.338e-01
3.510e-02
-3.802e+00
-3.394e-01
1.210e-01
-1.075e-01
5.996e-02
1.557e-01
-2.912e-01
1.630e-01
2.900e-01
6.713e-02
2.526e-01
-1.171e-01
-1.444e-01
-2.216e+00
-3.172e-01
2.880e-02
-1.608e-01
2.360e-01
-2.260e-02
-1.433e-02
1.243e-01
1.597e+00
7.987e-01
1.779e-01
3.844e-01
2.876e-02
-1.208e-01
-3.751e-02
-1.118e-02
-1.851e-02
-2.090e-01
-2.460e-01
1.222e-01
3.268e-01
-6.447e-01
7.693e-02
-5.038e-01
-1.110e-01
-6.624e-01
7.381e-02
5.139e-01
-1.149e+00
-4.233e-01
-9.140e-02
-1.781e-03
-3.315e-01
6.167e-01
3.134e-01
-3.392e-01
2.159e-01
2.312e-01
3.150e-01
3.274e-01
-7.499e-02
5.130e-02
4.581e-02
1.981e-01
4.803e-01
-4.154e-01
-3.427e-01
3.322e-02
5.454e-01
1.087e-01
7.305e-02
3.301e-01
-2.159e-01
3.966e-02
3.039e-01
1.919e-01
6.961e-02
2.708e-01
-4.994e-01
2.195e-02
-8.963e-02
-1.964e-01
-1.791e+00
9.084e-02
4.370e-01
-3.466e+00
4.281e-01
-2.160e-01
-7.911e-02
3.944e-01
-2.843e-01
2.362e-02
-3.843e-01
-1.666e-02
4.305e-01
2.300e-01
3.988e-02
1.534e-01
2.643e-01
-3.234e-01
-2.202e-01
-9.839e-01
-4.395e-01
1.473e+00
-3.017e-01
4.223e-01
-1.160e-01
1.011e-01
-8.057e-02
-2.207e+00
1.941e-01
-3.007e+00
9.165e-03
1.129e-01
-3.615e-01
-1.539e-01
