2.788e-02
-4.986e-02
-1.489e-02
-1.060e-02
-2.292e-02
-8.424e-02
3.275e-01
-4.808e-02
1.076e-02
-6.644e-02
-3.437e-02
2.933e-02
1.263e-04
1.470e-02
8.529e-02
-7.742e-02
-8.198e-02
1.600e-03
1.861e-02
-1.556e-01
7.299e-02
-8.918e-03
-4.101e-02
7.234e-02
2.234e-02
-3.423e-04
6.220e-02
-8.678e-02
4.021e-02
7.661e-02
-7.926e-03
7.137e-03
7.403e-03
-4.682e-01
-1.613e-01
-6.811e-02
3.037e-03
-2.547e-02
-5.582e-02
-1.753e-01
1.491e-02
-1.179e-01
-5.457e-02
4.825e-02
1.660e-02
4.615e-02
1.237e-02
2.233e-02
-2.161e-02
-1.628e-02
1.045e-02
-1.298e-01
9.580e-02
3.971e-03
-2.859e-02
-1.002e-01
-1.495e-02
-7.917e-02
3.327e-02
2.243e-01
-2.070e-02
8.195e-03
-3.010e-02
2.373e-02
2.837e-02
5.061e-02
2.722e-01
-3.491e-01
6.258e-02
-1.019e-01
-1.892e-02
-3.398e-02
1.496e-01
4.552e-02
-5.862e-02
-1.804e-02
-7.649e-02
7.605e-03
-1.600e-01
1.636e-02
7.239e-02
-3.326e-02
-1.128e-01
1.145e-01
4.376e-02
4.568e-02
1.131e-02
-4.178e-02
-7.504e-02
2.276e-03
-2.354e-01
-1.016e-01
-2.467e-02
6.287e-02
2.022e-02
-2.033e-01
-4.668e-02
-2.124e-02
-3.303e-02
3.078e-03
1.628e-02
-1.310e-01
-4.661e-03
1.190e-01
-4.010e-03
-5.013e-02
-7.520e-02
-3.823e-01
-1.130e-02
-1.603e-02
8.123e-02
-1.028e-01
1.156e-02
6.250e-02
5.766e-02
2.652e-01
8.419e-02
-4.867e-02
-2.309e-02
-3.619e-03
-9.841e-03
-6.977e-03
4.566e-01
-9.720e-02
-1.436e-01
2.499e-02
-3.557e-03
1.665e-02
1.082e-02
1.672e-01
-3.002e-02
6.012e-03
3.858e-01
5.782e-02
-9.663e-03
-1.509e-01
-3.176e-02
-1.169e-01
1.923e-02
1.070e-02
1.188e-02
9.750e-03
-2.154e-02
2.537e-02
3.439e-02
-4.095e-03
1.799e-02
-8.691e-02
-3.488e-02
-1.874e-01
7.593e-03
3.126e-02
3.361e-02
-1.190e-02
-3.452e-02
1.916e-02
8.997e-04
-1.747e-02
-2.374e-03
-1.165e-01
3.273e-03
3.708e-02
-7.500e-02
-3.202e-04
-5.609e-03
-1.259e-03
-2.111e-04
-1.005e-01
5.349e-03
-3.341e-03
2.864e-02
-4.772e-05
2.436e-02
-9.063e-02
-1.143e-01
-5.232e-01
-4.778e-03
1.893e-02
2.259e-03
-8.044e-02
-5.885e-02
9.280e-03
-2.499e-02
3.957e-02
2.184e-01
-4.005e-02
-2.845e-02
3.201e-02
6.423e-01
-1.976e-01
1.692e-01
-3.639e-02
-1.660e-01
-2.982e-02
2.300e-02
3.792e-02
2.476e-02
5.078e-03
5.215e-02
-2.953e-03
-1.461e-01
-1.060e+00
-1.195e-01
-3.174e-02
6.067e-02
1.282e-02
-1.477e-03
-2.957e-02
8.100e-02
2.647e-02
-2.767e-02
-5.736e-02
-8.766e-03
-1.771e-02
7.522e-04
4.433e-02
7.241e-02
3.389e-02
-5.240e-03
-1.053e-02
-3.925e-02
8.919e-02
-1.003e-03
1.218e-02
-4.158e-03
-9.582e-02
1.961e-02
-1.638e-02
-8.442e-03
-6.176e-02
-5.665e-03
-9.243e-03
2.419e-01
-1.133e-01
5.808e-02
-4.236e-02
5.869e-03
3.116e-03
-2.322e-02
-2.497e-03
2.282e-03
5.493e-02
-1.056e-01
2.364e-02
-4.226e-03
3.926e-03
3.601e-02
1.953e-02
2.100e-01
1.099e-02
-1.687e-02
-1.634e-02
-4.896e-02
3.075e-02
-3.264e-03
1.481e-03
-2.340e-02
-6.859e-02
1.990e-02
2.506e-02
-9.073e-02
2.601e-01
-1.555e-01
-8.336e-02
-8.846e-02
-7.006e-03
9.933e-02
-1.727e-02
-5.459e-02
8.791e-03
-8.491e-02
1.343e-01
3.348e-02
9.813e-03
1.226e-01
-1.090e-01
-1.453e-01
5.998e-02
3.662e-02
3.293e-02
1.124e-01
1.820e-02
-1.122e-01
1.643e-02
-9.537e-04
9.975e-02
-4.675e-02
6.947e-02
1.362e-02
2.276e-01
6.955e-02
3.103e-02
-6.064e-02
4.086e-02
7.807e-02
-2.279e-02
3.326e-02
-1.797e-03
7.327e-02
-3.703e-03
8.921e-02
-9.402e-02
-3.198e-02
1.155e-01
-2.693e-02
5.004e-02
1.072e-01
-1.093e-01
-2.466e-01
-4.770e-04
-9.715e-02
5.837e-02
-6.761e-02
-7.715e-02
-2.587e-02
-1.961e-02
-1.428e-01
2.031e-02
-8.094e-02
-2.732e-03
6.653e-04
-5.595e-02
8.236e-03
2.029e-01
9.646e-02
-2.164e-02
1.613e-01
-2.234e-02
-6.766e-01
2.687e-01
-2.411e-01
-1.093e-01
3.686e-02
2.362e-02
6.882e-02
-1.092e-01
3.695e-02
3.815e-02
-4.245e-02
-2.470e-01
-3.603e-02
-1.161e-01
-2.804e-02
1.892e-01
-1.047e-01
2.832e-01
-4.720e-02
2.515e-03
-1.665e-01
-4.508e-02
6.716e-03
3.969e-02
1.698e-01
-1.225e-01
5.739e-02
-6.535e-02
-3.719e-02
-1.517e-01
-1.731e-02
-3.953e-01
-4.152e-02
-1.147e-01
2.423e-01
-5.387e-02
1.768e-02
2.614e-02
-1.748e-01
6.049e-04
4.973e-02
1.269e-01
6.184e-02
9.070e-02
-6.229e-02
-2.344e-02
1.232e-01
6.885e-02
-2.579e-02
-2.768e-02
-1.296e-01
-6.600e-02
2.004e-02
1.463e-01
-3.302e-02
-9.014e-03
2.330e-01
-6.616e-03
-2.226e-02
-2.977e-02
-1.924e-02
1.932e-01
-2.979e-02
6.124e-03
-1.140e-01
-1.838e-02
-7.901e-02
5.146e-02
-1.110e-02
3.695e-02
-4.004e-03
2.344e-02
-2.087e-02
-3.582e-02
1.193e-02
-2.748e-02
-1.117e-01
-3.466e-04
-8.998e-02
6.835e-03
-9.010e-02
1.882e-02
2.756e-02
-8.219e-03
-1.210e-01
-2.652e-02
-7.950e-03
8.718e-02
-7.439e-02
1.874e-02
9.817e-04
5.479e-02
2.579e-01
3.047e-02
1.093e-01
2.248e-03
-1.486e-02
-3.038e-02
2.267e-02
2.001e-01
1.648e-02
-3.877e-02
4.039e-03
1.612e-02
3.802e-02
-2.455e-01
-2.248e-02
2.868e-02
-2.068e-01
1.308e-01
1.299e-01
-1.022e-02
-2.082e-02
-5.359e-03
5.236e-02
7.158e-02
-2.779e-02
1.772e-02
-1.579e-02
-6.068e-02
5.723e-02
-6.178e-02
-1.764e-02
1.062e-01
-1.321e-01
1.144e-02
-1.530e-01
1.005e-02
-1.658e-01
5.174e-02
2.306e-02
1.277e-01
-3.141e-02
-4.464e-02
4.311e-03
4.700e-02
-1.341e-01
2.049e-02
-2.943e-03
-1.969e-01
2.701e-02
-9.080e-02
5.424e-02
3.258e-02
-3.906e-02
-2.868e-02
-1.295e-02
1.246e-02
1.053e-01
1.142e-01
1.393e-02
1.690e-02
6.505e-02
3.100e-02
-3.368e-02
1.469e-01
1.962e-02
6.630e-02
3.185e-03
-1.631e-02
-1.265e-02
-5.304e-02
2.061e-02
-2.846e-02
1.282e-02
-1.569e-02
-8.940e-02
-1.386e-02
-2.277e-02
8.048e-02
-8.052e-02
1.527e-02
3.676e-02
1.178e-02
-9.792e-02
-1.214e-02
-2.234e-03
-7.344e-02
-4.029e-02
9.073e-03
-6.634e-02
-1.717e-02
1.294e-02
3.557e-03
1.271e-01
-1.322e-02
-1.028e-02
7.401e-03
-2.446e-03
5.475e-03
1.687e-01
-6.555e-02
-3.850e-02
-7.849e-02
7.728e-02
8.756e-03
2.689e-02
-2.310e-02
2.553e-02
-3.629e-02
-1.315e-01
-3.081e-02
3.995e-02
1.599e-02
-2.324e-02
5.753e-03
1.763e-01
-6.463e-02
-6.410e-03
-2.346e-02
-6.112e-02
1.799e-01
-1.841e-02
-2.816e-02
1.462e-03
1.149e-02
9.570e-03
-1.581e-01
1.935e-01
-1.363e-01
2.342e-02
5.365e-02
5.233e-02
2.090e-02
-1.309e-02
2.734e-01
2.255e-02
2.202e-01
5.107e-02
8.321e-02
-2.884e-03
1.231e-02
3.298e-02
2.677e-02
8.925e-02
2.011e-01
-3.493e-04
7.526e-02
5.855e-02
2.344e-02
-1.291e-02
-1.289e-01
1.880e-01
3.085e-02
-8.928e-03
-1.511e-03
-8.948e-03
-2.053e-01
-4.530e-02
6.087e-03
-7.018e-03
5.917e-01
2.925e-02
1.914e-01
4.554e-02
5.170e-02
4.977e-02
-1.261e-03
-1.258e-01
1.739e-02
1.252e-02
-8.721e-02
-6.066e-02
-2.853e-02
-4.931e-02
-7.347e-02
-1.982e-01
-1.137e-02
6.885e-02
-1.498e-01
-2.026e-02
-9.312e-03
1.110e-02
-5.880e-02
4.545e-01
-1.278e-01
-4.107e-02
9.915e-02
3.155e-02
-9.275e-02
-6.689e-02
-3.493e-02
5.894e-02
-5.488e-02
-4.588e-03
-1.203e-01
2.071e-02
9.638e-02
-2.619e-02
-1.146e-03
-3.210e-02
-6.883e-01
-3.588e-03
1.373e-02
-1.939e-01
-1.148e-01
2.539e-03
9.392e-02
-1.110e-01
-1.587e-01
-3.985e-02
8.949e-02
4.728e-02
-1.778e-03
-3.961e-03
-1.500e-02
1.432e-01
-7.018e-02
1.305e-01
1.023e-01
-3.097e-03
-1.467e-02
-9.940e-02
5.800e-03
-2.137e-03
2.307e-02
1.690e-02
-1.169e-01
2.172e-01
-2.682e-02
-5.978e-03
-9.095e-03
4.425e-02
-3.785e-02
-1.637e-01
4.480e-02
9.008e-02
-1.220e-01
-1.689e-01
1.114e-02
2.226e-01
-4.160e-02
1.054e-02
-2.015e-02
6.044e-02
4.854e-02
7.075e-02
1.350e-01
-1.177e-01
1.393e-02
-6.779e-03
-3.017e-02
-4.765e-02
2.611e-02
-6.811e-03
-3.539e-01
2.508e-02
6.572e-02
1.192e-02
8.398e-02
7.437e-02
2.487e-02
-2.180e-02
8.017e-03
1.195e-01
-6.303e-02
1.582e-01
3.652e-02
9.963e-03
-2.447e-02
3.734e-02
-7.183e-02
-6.181e-02
4.033e-02
1.193e-01
-7.941e-02
8.649e-02
1.479e-01
1.773e-02
1.284e-01
3.770e-02
-5.310e-03
1.960e-02
-2.858e-02
1.459e-02
-1.481e-02
-7.321e-02
-9.312e-04
8.667e-02
1.881e-01
-1.055e-01
-2.936e-04
7.118e-02
-4.189e-03
3.129e-01
-3.063e-02
-1.778e-03
3.937e-03
1.361e-01
-5.675e-02
-1.081e-01
-1.254e-01
-3.147e-02
2.066e-01
4.108e-02
1.218e-01
-1.113e-01
-4.096e-01
3.357e-02
-7.482e-02
-1.067e-01
-1.431e-02
4.512e-02
1.949e-01
-1.692e-02
1.176e-03
-3.689e-02
-5.146e-02
-8.074e-02
1.565e-02
2.315e-02
1.710e-02
-1.725e-02
1.393e-01
-1.903e-02
-5.475e-02
7.975e-03
-9.730e-02
-1.373e-01
2.338e-01
5.571e-02
-1.703e-02
-5.257e-01
6.248e-02
1.652e-02
-1.559e-01
7.631e-02
-4.777e-02
3.135e-01
-2.421e-02
2.419e-02
7.881e-02
9.090e-03
-1.524e-02
3.226e-01
1.179e-02
1.171e-01
4.428e-02
-8.504e-03
-2.143e-02
-4.445e-02
-6.486e-03
-5.071e-02
-1.964e-01
6.918e-03
-4.016e-03
1.108e-02
-4.060e-02
1.260e-02
-4.340e-03
1.503e-02
-4.786e-02
-2.029e-02
1.245e-01
-3.376e-03
-1.463e-02
2.766e-03
-1.124e-01
-1.134e-02
-7.814e-03
-1.441e-02
-5.066e-03
4.759e-03
-9.411e-03
8.150e-03
1.535e-02
-3.450e-02
-1.513e-02
1.265e-03
-1.440e-02
-1.182e-01
9.273e-03
1.242e-03
-7.787e-04
-2.615e-03
1.217e-02
-2.389e-03
3.520e-02
-7.329e-03
2.177e-02
-9.176e-02
-1.566e-02
3.669e-03
-4.769e-02
-8.799e-03
-3.586e-02
-2.093e-02
-1.186e-02
-1.464e-01
-1.241e-02
6.072e-02
-1.354e-02
-7.602e-03
-4.452e-02
-1.191e-02
-1.777e-02
6.468e-03
-1.223e-01
-2.852e-02
-2.758e-02
9.381e-03
-1.152e-02
1.056e-02
1.319e-02
-1.862e-02
-5.030e-02
1.901e-03
1.670e-02
6.229e-04
-2.270e-02
2.898e-03
8.270e-03
-3.171e-02
-2.228e-02
-1.232e-02
-5.591e-03
2.007e-02
2.103e-02
-3.296e-03
-5.129e-03
-1.659e-02
1.021e-02
-9.900e-03
-6.244e-03
-1.406e-02
7.151e-03
-8.431e-02
1.412e-02
-1.486e-02
3.188e-03
-2.081e-02
-1.879e-02
4.162e-03
-1.794e-02
-1.642e-01
-1.697e-02
4.270e-03
-7.851e-03
1.193e-02
-3.325e-04
-7.431e-02
-2.727e-02
1.188e-01
2.405e-02
9.612e-03
2.271e-02
1.319e-02
7.005e-04
-7.209e-02
1.583e-01
9.224e-03
4.921e-03
1.001e-01
-2.107e-03
1.217e-02
-4.763e-02
8.964e-03
1.226e-03
-6.775e-03
2.050e-02
1.779e-03
-4.755e-03
2.714e-02
-1.555e-02
1.404e-02
8.118e-03
-1.542e-01
2.139e-01
7.044e-02
1.064e-02
1.468e-02
1.018e-04
1.501e-02
9.120e-03
-2.543e-02
-9.622e-03
-7.065e-02
-2.248e-03
-5.793e-02
-1.105e-02
-3.934e-03
5.729e-03
8.400e-04
3.319e-03
1.291e-01
-2.747e-02
-7.238e-05
1.446e-02
-1.312e-02
-1.321e-02
3.594e-02
-3.279e-02
-3.849e-03
4.204e-02
-1.501e-01
-6.519e-01
-8.918e-03
-2.061e-02
2.033e-02
5.156e-02
1.214e-02
-2.037e-02
-7.382e-02
2.964e-02
1.520e-02
-1.447e-02
-1.015e-01
3.211e-01
-7.188e-03
-1.311e-01
6.015e-02
1.600e-01
-4.821e-04
6.669e-02
-2.411e-02
2.235e-03
-1.338e-02
2.912e-02
-5.911e-03
-1.100e-01
-9.021e-03
7.028e-02
1.615e-02
1.765e-01
8.498e-03
4.314e-02
3.887e-02
-8.473e-02
1.953e-02
-6.591e-03
2.604e-02
-3.816e-02
5.915e-03
2.675e-01
1.208e-01
-4.669e-01
-4.180e-03
-6.159e-01
1.137e-02
-1.725e-01
-3.219e-03
-5.644e-02
1.992e-03
-2.010e-03
-1.363e-01
-3.358e-02
2.279e-03
1.623e-03
-5.006e-02
6.652e-02
-5.339e-02
-1.917e-02
1.881e-02
-4.292e-02
-2.597e-03
2.366e-03
9.053e-03
-7.382e-02
-2.712e-01
-2.635e-02
-1.467e-03
1.378e-02
2.438e-02
1.435e-02
-3.075e-02
-1.944e-02
-2.077e-01
5.555e-02
-1.842e-02
-1.328e-02
-1.765e-03
1.141e-01
1.726e-03
-2.975e-02
6.412e-03
-1.269e-01
3.424e-02
-1.276e-02
-7.749e-02
-1.949e-02
-1.462e-02
7.042e-02
1.434e-01
-8.848e-03
-1.013e-01
-3.381e-01
2.340e-02
1.417e-02
3.460e-03
2.695e-02
2.460e-02
1.982e-02
1.108e-03
8.559e-02
1.822e-02
2.846e-03
