-7.355e-01
-1.087e-01
-1.025e+00
-2.582e-04
-5.211e-02
1.588e-01
-1.134e-01
4.562e-01
-5.637e-01
-3.851e-01
6.767e-02
-2.199e-01
-7.265e-02
2.947e-01
-2.049e-01
6.813e-01
3.364e-01
1.340e-01
6.633e-01
3.149e-02
1.390e-01
1.373e+00
2.364e-02
-2.274e-01
-4.623e-01
-1.613e-01
-2.830e-01
1.435e-01
9.597e-01
-1.761e-01
-9.570e-02
2.863e-01
-2.139e-01
-8.225e-02
-3.447e-01
-1.148e-02
-2.721e-01
-1.642e-01
-6.151e-01
-2.458e-02
3.255e-01
2.526e-02
-2.360e-01
1.460e+00
-8.179e-01
-4.426e-02
9.800e-02
-9.932e-02
1.795e-01
-3.064e+00
7.434e-01
-2.600e-02
2.286e-02
-6.328e-02
-9.497e-02
-7.547e-02
8.535e-01
-3.539e-02
2.271e-01
-3.887e-01
-1.625e-01
-9.975e-01
1.046e-01
9.435e-02
-5.382e-02
-9.698e-02
-2.506e-01
-1.519e-01
-2.334e-01
-7.998e-01
-4.233e-02
1.344e-01
-4.540e-01
-1.047e-01
1.417e-01
-6.372e-01
-2.629e-01
4.954e-01
2.528e-01
5.460e-01
-1.441e-01
2.156e+00
-4.493e-01
3.182e-02
-1.144e-01
1.212e-01
3.572e-02
5.538e-02
2.093e-01
1.309e+00
-1.589e-01
-7.526e-02
-1.311e-01
-1.209e-01
-1.171e-01
-1.859e-01
-2.614e-02
-3.526e-02
4.965e-02
1.086e-01
4.828e-02
4.923e-02
9.895e-01
-3.902e-02
-7.069e-02
-2.038e-01
-3.477e-01
4.399e-01
-8.879e-01
5.739e-02
-1.821e-02
9.813e-01
-1.701e-01
2.429e-01
-3.986e-02
-1.064e-01
-7.258e-01
-8.881e-02
5.173e-01
-4.527e-01
2.461e-01
-1.181e-01
-3.507e-01
-1.251e-01
1.752e-01
3.118e-01
1.180e-01
3.030e-01
2.012e-01
-2.240e-01
-7.188e-01
-5.418e-02
5.258e-01
-2.384e-02
-5.629e-01
6.832e-02
6.929e-02
-3.103e-02
-5.235e-01
3.222e-01
3.436e-01
-8.381e-01
-1.595e-01
7.377e-01
-4.744e-02
-6.429e-03
-5.834e-03
6.864e-02
-1.639e-01
-9.919e-01
3.227e-01
-2.388e-01
5.122e-02
-8.625e-02
-1.331e+00
-7.575e-02
3.884e-01
-1.355e-01
1.733e-01
7.605e-01
8.025e-01
7.357e-02
3.003e-01
3.143e-01
-8.530e-01
-1.208e-01
-1.906e-01
5.737e-01
3.913e-01
-7.794e-03
-1.074e-01
-1.594e-02
3.949e-01
-1.257e+00
2.035e-01
1.772e-01
2.105e-01
1.032e+00
-1.898e-01
2.084e-01
-3.346e-01
2.744e-01
8.100e-02
-1.063e-01
-6.427e-01
6.103e-02
-1.480e-01
-1.314e-01
8.012e-01
-1.139e-01
3.824e-02
-2.312e+00
4.611e-01
-1.796e+00
6.892e-01
8.298e-03
-1.218e-01
-6.017e-02
-1.553e-01
-2.807e-01
-1.698e-02
1.367e-02
-3.118e-01
-4.234e-02
-2.745e-02
-3.861e-01
5.587e-01
-3.800e-02
1.152e-01
-1.069e-01
-1.297e-01
-1.400e-01
-7.006e-02
2.853e-02
3.395e+00
1.141e-01
7.086e-02
-5.481e-02
-4.190e-01
1.093e-01
-2.240e-01
-2.753e-01
6.939e-01
-4.350e-01
-4.921e-01
6.096e-02
3.053e-01
-8.155e-01
-7.177e-01
-1.838e-01
-7.093e-02
-2.180e-01
-1.232e-01
5.923e-02
1.168e-02
2.125e-01
5.004e-01
1.373e-01
1.026e-01
-7.266e-01
5.605e-01
-1.302e-01
-2.267e-01
6.876e-02
-9.643e-02
-3.457e-01
2.585e-02
-8.473e-01
-2.531e+00
-7.457e-02
3.207e-01
-1.255e-01
-8.676e-01
-1.515e+00
8.164e-02
3.260e-01
-9.511e-01
-3.132e-01
-3.858e-02
-2.512e-02
-1.787e-01
-2.684e-01
-7.427e-02
-2.389e-02
4.048e-02
1.645e-01
7.233e-01
-1.805e-01
4.291e-01
4.740e-01
-1.696e-02
-9.856e-01
1.188e-01
1.187e-01
6.847e-01
-2.762e-01
-5.009e-02
-1.336e-01
-3.409e-01
-7.311e-01
-8.843e-01
-1.070e-02
-5.360e-02
3.252e-02
-9.224e-01
2.981e-01
-2.445e-01
-1.261e-01
-6.395e-01
-8.287e-02
-5.833e-01
2.399e-01
-2.881e-01
-1.482e-01
-5.187e-01
-1.509e-01
9.179e-01
-6.586e-02
-2.768e-01
1.135e-01
6.085e-01
7.794e-01
-6.766e-02
6.906e-02
-4.274e-01
-1.009e+00
-4.312e-01
1.006e-01
3.778e-01
2.523e-01
-9.132e-02
2.352e-01
-3.251e-01
5.676e-02
-4.026e-01
8.779e-01
-5.958e-02
3.857e-01
-1.879e-01
6.681e-02
-3.269e-01
-3.549e-03
-1.672e-01
-3.276e-01
6.051e-01
1.204e-01
-4.355e-01
-5.794e-01
-1.526e-01
3.335e-01
9.855e-01
4.875e-01
-4.417e-01
-6.930e-01
1.821e-01
-2.973e-01
-5.107e-01
1.404e-01
5.378e-01
2.334e-01
-1.282e+00
8.672e-03
2.625e-01
-3.926e-01
-1.830e-01
1.337e-01
-2.174e-01
-2.665e-01
-1.428e-01
4.381e-02
-4.207e-01
8.794e-01
1.279e-02
-1.917e-01
8.810e-01
5.269e-02
-3.027e-01
1.567e-01
-1.154e-01
-4.132e-01
-1.208e-01
-1.811e-02
-5.122e-02
-1.994e-02
-1.029e+00
9.511e-01
-9.131e-02
-7.531e-01
7.655e-02
1.695e-04
-1.084e-01
3.469e-02
2.973e-02
-1.881e-01
-7.879e-01
4.742e-03
7.664e-01
2.171e-02
5.679e-01
-2.253e-01
-6.110e-01
-6.090e-02
5.273e-02
-1.609e-01
5.254e-01
8.492e-02
-1.099e-01
6.511e-01
-2.248e-01
3.878e-01
-9.153e-02
-2.505e-02
-1.182e-01
-7.989e-02
1.865e-01
-5.169e-01
-2.643e-02
-2.548e-02
-6.091e-01
1.497e-01
1.954e-01
-7.608e-02
-6.724e-01
1.411e-01
5.424e-01
3.621e-01
1.359e-01
2.225e-01
-1.221e-02
5.947e-01
5.133e-01
-1.046e-01
-1.786e-01
1.216e-01
-1.726e-01
-7.914e-02
7.137e-01
2.431e-01
-2.086e-01
8.364e-02
-4.810e-01
-2.994e-01
1.837e-02
3.209e-01
-6.546e-01
2.070e-01
-6.619e-01
6.129e-02
5.847e-01
3.856e-01
1.204e-01
-1.264e-01
-3.338e-01
2.384e-01
-4.136e-01
-1.253e-01
-6.468e-02
-6.341e-01
-1.457e-01
7.221e-01
-6.107e-01
4.554e-01
1.609e+00
1.695e+00
-1.826e-01
-7.982e-01
3.971e-04
2.200e-02
-6.842e-01
4.475e-01
1.599e+00
1.610e+00
-1.553e-01
-8.446e-01
4.467e-02
4.648e-02
-9.801e-02
5.224e-01
-1.773e-01
1.935e-01
-3.266e-02
1.285e-01
1.573e-01
1.026e-02
9.507e-01
4.702e-02
1.518e-01
-8.303e-01
5.416e-01
-5.200e-01
-1.516e-02
-1.389e-02
6.119e-01
1.272e-01
2.648e-01
-1.478e-01
-6.192e-01
-4.552e-01
-1.651e-01
-5.101e-01
-1.541e-02
-3.755e-02
1.161e-01
-5.691e-02
-1.324e-01
2.155e-01
5.579e-01
6.769e-01
1.302e+00
1.110e-01
2.161e-01
6.849e-02
4.017e-01
4.785e-01
-3.584e-01
-1.065e-01
-6.506e-01
-1.142e-01
-2.567e-01
2.686e-01
-2.349e-01
8.010e-01
4.314e-01
1.126e-01
2.521e-01
6.207e-02
7.465e-02
6.639e-02
1.164e-01
-7.043e-01
-2.548e-02
-5.388e-01
-4.559e-01
4.248e-02
-3.702e-02
7.569e-02
7.927e-01
6.478e-03
8.559e-02
-2.915e+00
-1.773e-01
5.250e-03
4.740e-01
-2.026e+00
7.450e-01
-5.299e-03
-1.972e-01
4.114e-02
3.062e-01
-4.174e-01
-1.582e-01
-7.329e-02
4.957e-01
-4.068e-01
-1.460e-01
8.192e-01
5.009e-01
5.515e-01
1.338e-01
-1.236e-01
5.159e-01
-7.427e-01
7.954e-02
2.300e-01
-6.199e-01
-1.721e-01
-6.356e-02
-1.396e+00
1.069e+00
1.828e-01
-2.479e-01
2.245e-02
8.609e-01
1.594e-01
7.850e-02
-3.486e-02
2.341e-02
-2.333e-01
6.124e-02
-5.383e-01
-1.104e+00
-8.327e-02
-6.975e-02
2.085e-02
-2.097e+00
6.588e-01
-3.838e-02
-4.658e-01
1.023e+00
9.539e-02
8.084e-02
2.513e-01
7.005e-01
-1.467e-01
1.429e-02
5.354e-02
-4.025e-01
-1.314e-01
3.892e-01
1.784e-01
1.440e+00
-2.732e-01
-5.811e-02
2.084e-02
5.138e-01
5.772e-02
-1.263e-02
8.346e-02
1.148e+00
-5.280e-01
3.095e-02
2.570e-01
-3.942e-01
-9.255e-02
-3.491e-03
-2.023e-01
-1.468e+00
2.134e-01
2.320e-02
-3.670e-01
7.185e-01
1.628e-01
3.171e-01
1.920e-01
-4.009e-01
5.785e-01
-1.569e-01
-1.124e-01
-1.682e-01
-1.410e-01
1.173e-01
-1.840e+00
-3.320e-01
2.840e-01
3.802e-01
-3.338e-01
9.162e-01
2.402e-01
2.181e-01
-5.585e-02
5.888e-01
3.169e-01
1.831e-01
5.188e-02
-1.271e-01
1.275e-01
1.286e-01
1.948e+00
2.678e-01
8.224e-02
4.414e-02
7.252e-02
6.626e-01
-1.848e-01
-6.024e-01
-4.675e-01
-1.230e-01
4.044e-01
1.460e-01
-1.915e-01
-3.557e-01
1.198e+00
-4.765e-01
-8.831e-02
8.611e-02
8.218e-02
-5.139e-02
2.868e-01
2.102e-02
1.881e-03
-1.351e-01
7.597e-01
1.023e-01
-3.427e-01
-1.052e+00
3.828e-01
-5.923e-03
9.530e-02
5.542e-01
-2.166e+00
4.323e-01
-1.563e-01
-1.994e-01
-9.276e-02
2.094e-01
-1.488e-02
1.209e-02
1.413e-01
2.017e-02
-4.505e-01
-1.004e+00
-2.815e-01
-1.230e+00
2.359e-01
1.048e+00
-5.521e-03
-6.584e-01
-1.342e+00
1.215e-01
-1.710e-01
2.225e-01
-8.622e-02
-3.368e-01
-1.317e+00
-2.021e-01
-6.139e-01
-1.012e-01
1.820e-01
6.035e-01
6.858e-02
-6.548e-02
-5.072e-01
-4.590e-01
7.607e-01
1.087e-01
-4.229e-01
-6.221e-01
-3.425e-02
-3.453e-01
1.483e+00
1.401e-01
1.409e-01
6.924e-02
-3.908e-01
4.705e-01
1.892e-01
6.144e-01
-1.607e-01
6.000e-01
-8.195e-01
1.139e-01
-3.988e-02
-7.704e-01
2.916e-01
9.568e-02
-1.194e-01
1.868e-01
4.626e-01
-1.692e-02
3.972e-01
2.276e-01
-1.255e-01
-2.817e-02
9.504e-02
-4.526e-01
-8.209e-02
5.063e-01
5.461e-02
-5.201e-01
9.381e-02
2.059e-01
1.515e-01
1.111e-01
-3.901e-03
-2.721e-01
1.021e-01
2.112e-02
1.786e-01
7.845e-01
-2.473e-01
1.549e-01
6.810e-01
-3.549e-01
-4.473e-04
-9.800e-02
9.272e-02
1.058e-01
1.183e-01
7.044e-02
-2.301e-02
-2.913e+00
-1.072e-01
1.326e-01
-1.570e-01
2.608e-01
1.540e-01
8.334e-02
4.645e-01
-1.719e-01
-1.087e+00
2.689e-01
-1.357e-01
-5.544e-01
-3.223e-01
1.081e-01
1.568e-01
-7.320e-01
-2.401e-02
1.752e-01
-7.539e-02
-7.015e-01
-4.728e-02
-1.552e-01
-1.427e+00
-1.661e-01
-3.045e-01
4.267e-01
3.809e-01
1.463e-01
-7.553e-02
2.364e-01
1.256e-02
-1.807e-01
-8.044e-01
4.806e-01
7.862e-02
1.230e-02
3.876e-01
-7.078e-01
1.386e-01
-8.066e-02
-5.987e-01
-9.673e-02
-1.131e-01
3.731e-01
2.071e-01
-2.657e-01
-1.670e-01
2.596e-02
-7.784e-01
-4.877e-01
7.332e-02
-2.827e-02
-6.864e-02
6.732e-01
6.444e-02
-5.610e-02
-2.426e+00
-1.266e-01
1.095e-01
4.871e-01
-3.764e-01
4.155e-01
2.081e-01
7.573e-01
3.374e-01
-1.646e-03
-1.732e-01
3.911e-02
9.205e-02
1.881e-01
-3.816e-01
2.754e-01
1.346e+00
-1.080e-01
1.307e-01
3.024e-01
1.043e+00
4.771e-01
2.153e-02
-2.887e-01
7.721e-01
4.733e-01
-6.701e-02
-4.576e-01
-4.177e-02
3.752e-02
-7.439e-01
4.189e-01
-1.842e-01
5.396e-01
1.151e-01
3.270e-01
-1.068e+00
-4.102e-01
2.260e-01
-1.093e-01
-3.725e-01
2.405e-01
-2.673e-01
-1.007e+00
-3.208e-01
-8.933e-03
3.985e-01
-3.355e-02
-2.101e-02
6.756e-01
4.826e-02
-4.944e-02
-2.503e-01
2.317e-01
-7.383e-01
2.039e-01
-2.982e-01
2.009e-01
-2.093e-01
-8.465e-01
4.332e-01
-2.781e-02
-5.927e-02
2.755e-01
-1.394e-01
1.538e-01
6.812e-03
-4.981e-04
-4.265e-04
-4.369e-01
1.094e-01
-1.672e-01
2.007e+00
-4.873e-01
1.401e-01
-5.350e-01
1.129e-01
-1.472e-01
3.752e-04
2.296e-01
5.211e-01
-1.491e-01
-1.733e-02
5.274e-02
-2.174e-01
-1.306e+00
-8.062e-02
-2.723e-01
-2.651e-01
2.954e-01
2.216e-01
9.143e-01
-1.879e-01
3.387e-01
7.611e-02
-1.943e-01
1.668e-01
7.791e-01
6.003e-02
-1.653e-03
4.262e-01
-7.699e-01
-4.597e-01
-3.687e-01
-2.418e-02
1.982e-01
-1.101e-01
-4.249e-01
9.863e-01
-1.513e-01
-1.717e-01
3.233e-01
-1.671e-02
1.840e-01
2.811e-02
3.419e-01
-2.410e-01
2.956e-02
2.541e-01
-5.271e-01
2.329e-01
1.076e-01
-3.223e-02
-2.741e-01
6.646e-02
-3.398e-01
-5.220e-02
-5.234e-01
-1.984e-01
-1.924e-01
-1.665e+00
1.560e-01
-5.548e-02
1.808e-01
2.036e-02
1.190e-01
2.204e-01
3.205e-01
-8.507e-03
9.533e-02
-1.156e+00
-5.179e-01
-8.430e-01
-1.513e-01
-3.059e-01
4.280e-01
-6.759e-01
2.650e-01
-6.249e-02
3.919e-01
-3.549e-01
-1.709e-02
4.136e-02
-3.760e-01
-1.842e-02
1.028e-01
-6.782e-02
9.549e-02
1.264e-01
4.747e-01
-3.341e-01
-3.054e-01
-1.808e-01
-5.787e-01
-4.705e-01
-5.087e-02
3.166e-01
-2.746e-01
1.416e-02
3.364e-01
3.581e-02
-4.890e-02
-6.460e-02
-7.373e-01
-1.773e-01
2.938e-02
9.272e-01
-3.893e-02
2.487e-01
1.733e-01
-3.919e-01
5.701e-01
-1.068e-01
3.176e-01
-4.165e-01
6.244e-01
3.272e-01
1.013e+00
-3.697e-01
-8.090e-02
-3.076e-02
5.496e-01
-1.324e-01
3.928e-01
-8.780e-02
1.204e-01
4.255e-01
-4.286e-02
6.871e-01
4.528e-02
-2.063e-01
1.092e-01
5.231e-02
1.128e-01
-3.464e-01
2.655e-02
-1.177e+00
3.509e-01
-2.606e-01
-7.691e-02
-2.604e-01
-6.675e-01
-9.517e-01
-1.852e-01
-8.609e-02
-2.076e-02
-1.656e-01
