2.642e+00
1.202e+00
-5.932e+00
-1.103e+00
4.090e+00
-1.753e+00
5.710e+00
5.431e-01
3.606e+00
-1.180e-01
-4.683e+00
-2.160e+00
-2.756e+00
-2.611e-01
1.479e+00
-1.270e+00
2.286e+00
4.405e-01
2.102e+00
4.112e-01
-2.007e+00
1.056e+00
-3.100e+00
4.193e+00
3.134e+00
4.248e-01
-8.330e+00
9.017e-01
4.130e+00
-1.366e-01
2.409e+00
8.854e+00
4.391e+00
-2.124e+00
1.023e+00
3.971e+00
4.907e+00
-4.962e+00
2.762e+00
-1.256e+00
2.337e+00
-2.112e+00
1.626e+00
4.854e-01
-3.269e-01
2.678e+00
2.583e+00
-4.220e-01
-3.042e+00
2.518e+00
-2.170e+00
-1.834e+00
-9.424e-01
3.016e-01
1.594e+00
-5.918e+00
-6.326e+00
-1.828e+00
-6.197e-01
1.339e+00
-3.058e+00
-4.770e+00
-1.374e+00
1.668e+00
4.769e+00
3.402e+00
-6.832e-01
-2.232e+00
2.517e+00
-1.767e+00
6.331e+00
-4.876e+00
-2.474e+00
-3.136e+00
4.676e+00
-3.153e+00
4.501e+00
-5.671e+00
-5.929e+00
7.753e-01
-2.032e+00
4.521e-01
3.816e+00
3.475e+00
4.067e+00
5.869e+00
-4.351e-01
-2.484e+00
-2.428e+00
-1.245e+00
-6.370e-01
4.711e-01
-2.907e+00
6.939e+00
8.247e-01
2.843e+00
6.126e+00
-5.598e-01
7.367e-04
1.548e+00
3.758e+00
-4.551e+00
-3.405e+00
-5.126e+00
1.221e+00
1.156e+00
2.787e+00
2.738e-01
8.842e-01
-3.746e+00
5.647e-01
4.738e+00
-3.362e+00
7.853e-01
-1.543e+00
-4.260e-01
2.867e+00
3.170e+00
5.088e+00
7.721e-01
-2.441e-01
3.531e+00
-5.793e-01
-8.402e-01
-4.744e+00
-3.655e+00
2.841e+00
5.325e+00
