-5.525e-01
-4.576e-02
9.001e-01
-1.255e+00
1.275e-01
5.063e-01
5.309e-01
3.976e-01
6.161e-01
5.030e-01
4.960e-01
-2.327e-01
-5.848e-01
7.444e-01
4.340e-01
5.286e-01
5.683e-01
-4.825e-01
-8.252e-01
4.284e-01
6.793e-03
7.285e-01
2.129e-01
6.039e-01
-2.774e-01
6.171e-02
-1.917e-01
3.683e-01
1.086e-01
-1.080e+00
-1.043e-01
8.526e-01
-7.426e-01
-1.213e+00
6.105e-01
4.236e-02
1.305e+00
9.129e-01
5.312e-01
1.827e-01
-2.177e-01
8.845e-01
5.122e-01
4.680e-01
2.338e+00
-2.038e-01
7.826e-01
-1.308e+00
-2.901e-01
1.323e+00
2.000e-01
5.223e-01
9.107e-01
-5.981e-02
-1.855e-01
-6.852e-01
8.443e-02
1.043e+00
-5.329e-01
-3.574e-02
1.638e+00
1.129e+00
-6.630e-01
4.128e-01
-1.595e-01
-2.122e-01
7.078e-01
-8.741e-02
2.554e-01
1.469e+00
-9.444e-01
-3.136e-01
-8.678e-01
-2.140e-01
1.074e+00
2.553e-01
1.264e+00
-1.047e-01
1.502e-01
-9.527e-01
2.078e-01
6.663e-01
3.557e-02
2.539e-01
4.223e-01
-1.974e-02
-6.306e-01
-7.280e-01
1.008e-01
5.886e-01
2.180e-01
1.732e-01
-1.414e+00
-3.565e-01
1.426e+00
1.246e-01
1.933e-01
-4.540e-01
7.902e-01
7.326e-01
-4.229e-01
3.701e-01
-1.420e-01
-9.729e-01
1.232e+00
-1.922e+00
-1.236e-01
-7.804e-01
-8.488e-01
-1.449e-01
-3.744e-01
5.270e-01
1.079e+00
6.898e-01
-5.860e-01
2.454e-01
1.017e+00
-6.826e-01
5.825e-02
9.545e-01
-4.036e-01
-2.478e-01
1.508e+00
4.053e-01
8.956e-01
5.714e-01
4.733e-01
1.207e+00
