6.650e-02
5.658e-01
-3.640e-01
1.291e-01
-2.577e-01
4.579e-02
-2.444e-01
3.763e-01
2.106e-01
-6.067e-01
6.924e-01
1.141e+00
2.059e+00
2.472e-01
1.912e-01
1.460e+00
3.221e-02
-2.834e-02
6.051e-02
-2.292e-01
2.685e-01
7.384e-01
-4.259e-01
7.111e-01
3.929e-02
3.863e-01
8.773e-01
-4.010e-01
-1.014e+00
4.586e-01
-3.603e-02
3.031e-01
2.256e-01
-1.173e+00
-9.739e-01
-5.463e-02
-4.337e-01
6.013e-01
1.310e-01
-2.036e-01
1.273e+00
1.563e-01
1.454e+00
1.127e-01
2.209e-01
-2.986e-01
4.301e-01
3.599e-01
7.677e-01
9.419e-01
-4.724e-01
1.833e-01
5.246e-01
-5.356e-01
4.368e-01
5.105e-01
-9.421e-01
-1.054e+00
4.521e-01
6.247e-01
2.403e-02
6.049e-01
1.105e+00
1.067e+00
-1.967e-01
1.061e+00
-1.966e-01
-6.999e-01
5.077e-01
-1.664e-01
-3.933e-01
-1.093e+00
-7.487e-01
6.470e-01
-3.762e-01
-9.499e-01
4.038e-01
5.275e-01
-5.903e-01
-4.552e-02
1.348e+00
5.855e-01
2.485e+00
-1.240e+00
1.306e+00
8.651e-01
-8.301e-02
-5.206e-01
-7.343e-01
1.595e-01
9.134e-02
-4.884e-03
-2.111e+00
-1.474e-01
1.231e-01
2.379e-02
-2.426e-01
1.190e-01
-2.952e-02
3.731e-01
5.533e-01
-1.836e-01
1.237e+00
1.287e+00
-2.334e-01
2.889e-01
2.534e-01
7.058e-01
-1.083e-01
8.263e-01
3.665e-01
1.056e+00
7.191e-01
2.895e-01
-6.344e-02
2.210e-01
-8.051e-01
1.051e+00
1.382e-03
-1.533e-01
-3.172e-01
2.296e+00
-1.462e-01
3.773e-01
1.593e+00
2.982e-01
-1.806e+00
-5.977e-01
