-2.439e-02
2.071e+00
2.631e+00
2.864e+00
4.438e-01
1.703e+00
4.133e-01
7.495e-01
8.833e-01
1.649e+00
1.424e-01
7.764e-01
1.312e+00
2.379e+00
1.411e+00
1.038e+00
3.244e+00
1.093e+00
6.385e-01
1.704e+00
2.730e+00
1.984e+00
1.306e+00
-1.276e-01
4.246e-01
9.991e-01
-4.136e-01
4.461e-01
1.818e+00
2.143e+00
1.329e+00
1.520e+00
1.691e+00
4.662e-01
8.124e-01
5.045e-01
1.061e+00
1.800e+00
6.834e-01
7.411e-01
7.485e-01
3.324e-01
7.872e-01
1.984e+00
4.884e-01
1.079e+00
2.589e-01
4.249e-01
2.201e+00
7.531e-01
8.776e-01
-5.957e-01
7.612e-01
1.616e+00
1.053e+00
1.349e+00
5.427e-01
1.207e+00
1.624e+00
1.644e+00
1.146e+00
2.136e+00
2.280e+00
1.422e+00
9.346e-01
-4.612e-01
1.947e-02
1.918e+00
3.403e-01
1.107e+00
9.219e-01
3.899e-02
2.106e+00
8.384e-01
1.649e+00
1.003e+00
1.164e+00
1.109e+00
-5.071e-01
1.372e+00
7.562e-01
2.749e+00
8.141e-01
7.421e-01
2.041e+00
7.483e-01
1.680e+00
8.608e-01
3.373e-01
1.725e+00
2.587e-01
2.189e+00
5.195e-01
2.046e+00
2.265e+00
4.046e-01
1.100e+00
9.110e-01
1.993e+00
1.142e+00
2.257e+00
1.994e+00
1.129e+00
7.589e-01
7.432e-01
1.338e+00
1.810e+00
1.052e+00
2.626e+00
1.138e+00
6.038e-01
1.576e+00
-1.233e-01
3.313e-01
4.115e-01
8.259e-01
1.122e+00
6.638e-01
6.343e-01
-4.279e-01
1.486e+00
9.829e-01
7.062e-01
6.917e-01
8.101e-01
7.786e-01
1.306e+00
1.625e+00
