-1.302e+00
-5.753e-01
-3.315e-01
1.244e-02
-8.927e-03
1.517e-01
-2.150e-01
-4.048e-02
2.338e-04
4.143e-02
-1.237e-01
-1.976e-01
-1.632e-01
-2.032e-02
-2.883e-01
-2.401e-01
-2.939e-01
-1.281e-01
-1.995e-01
-2.923e-01
-3.391e-01
-3.308e-01
-2.847e-01
-3.142e-01
-4.394e-01
-4.263e-01
-6.448e-01
-3.469e-01
-3.407e-01
-3.885e-01
-3.498e-01
-2.664e-01
-3.358e-01
-3.728e-01
-4.184e-01
-3.071e-01
-3.183e-01
-3.849e-01
-4.774e-01
-3.396e-01
-4.958e-01
-3.723e-01
-4.198e-01
-5.045e-01
-5.584e-01
-3.648e-01
-3.325e-01
-4.252e-01
-5.124e-01
-4.953e-01
-4.098e-01
-3.335e-01
-3.522e-01
-3.716e-01
-3.829e-01
-4.826e-01
-4.349e-01
-4.988e-01
-5.060e-01
-5.327e-01
-5.883e-01
-4.630e-01
-5.218e-01
-5.814e-01
-5.037e-01
-4.956e-01
-5.723e-01
-7.350e-01
-6.765e-01
-5.987e-01
-6.195e-01
-5.412e-01
-5.636e-01
-5.710e-01
-5.420e-01
-6.082e-01
-5.628e-01
-5.696e-01
-5.746e-01
-6.071e-01
-5.811e-01
-6.281e-01
-6.974e-01
-8.275e-01
-8.115e-01
-9.627e-01
-8.405e-01
-8.101e-01
-7.620e-01
-8.529e-01
-6.187e-01
-7.590e-01
-7.757e-01
-8.492e-01
-7.166e-01
-6.771e-01
-8.413e-01
-8.653e-01
-8.614e-01
-7.835e-01
-7.374e-01
-7.819e-01
-9.248e-01
-8.630e-01
-9.496e-01
-9.542e-01
-8.733e-01
-1.060e+00
-1.199e+00
-1.085e+00
-8.731e-01
-9.877e-01
-1.047e+00
-1.131e+00
-9.440e-01
-9.450e-01
-9.475e-01
-9.684e-01
-1.162e+00
-1.090e+00
-1.041e+00
-8.996e-01
-9.983e-01
-8.007e-01
-7.171e-01
-8.090e-01
-1.255e+00
-2.146e+00
-1.224e+00
-5.220e-01
-3.177e-01
4.175e-03
-4.864e-02
1.301e-01
-2.057e-01
-9.948e-02
-5.696e-02
5.000e-03
-1.539e-01
-2.298e-01
-1.849e-01
-4.148e-02
-3.262e-01
-2.870e-01
-3.530e-01
-1.900e-01
-2.167e-01
-2.601e-01
-3.305e-01
-3.445e-01
-3.086e-01
-3.383e-01
-4.509e-01
-4.351e-01
-6.362e-01
-3.300e-01
-3.576e-01
-4.029e-01
-3.299e-01
-2.755e-01
-3.063e-01
-3.715e-01
-4.630e-01
-3.591e-01
-3.531e-01
-3.828e-01
-4.747e-01
-3.133e-01
-4.630e-01
-3.701e-01
-4.287e-01
-4.897e-01
-5.064e-01
-3.353e-01
-3.473e-01
-4.485e-01
-5.021e-01
-5.022e-01
-4.620e-01
-3.975e-01
-3.955e-01
-4.063e-01
-3.776e-01
-4.489e-01
-4.558e-01
-5.152e-01
-5.192e-01
-5.812e-01
-6.412e-01
-4.990e-01
-5.559e-01
-5.893e-01
-5.126e-01
-5.002e-01
-5.897e-01
-7.647e-01
-6.710e-01
-6.293e-01
-6.744e-01
-5.562e-01
-5.919e-01
-5.938e-01
-5.690e-01
-5.866e-01
-5.460e-01
-6.007e-01
-6.168e-01
-6.156e-01
-5.708e-01
-5.869e-01
-6.516e-01
-7.930e-01
-7.635e-01
-9.292e-01
-7.983e-01
-7.197e-01
-7.236e-01
-8.254e-01
-6.097e-01
-7.106e-01
-7.461e-01
-8.058e-01
-6.772e-01
-6.458e-01
-7.929e-01
-8.066e-01
-7.935e-01
-7.304e-01
-7.150e-01
-7.267e-01
-8.801e-01
-8.363e-01
-9.093e-01
-9.129e-01
-7.614e-01
-9.158e-01
-1.060e+00
-9.610e-01
-7.116e-01
-8.292e-01
-9.340e-01
-9.997e-01
-8.236e-01
-8.502e-01
-8.656e-01
-9.120e-01
-1.106e+00
-1.059e+00
-9.716e-01
-8.329e-01
-9.407e-01
-7.376e-01
-6.638e-01
-7.294e-01
-1.192e+00
-2.046e+00
-1.173e+00
-4.880e-01
-2.989e-01
2.041e-02
-6.885e-02
1.522e-01
-1.684e-01
-1.482e-01
-1.043e-01
2.141e-03
-1.292e-01
-2.337e-01
-2.180e-01
-7.152e-02
-3.703e-01
-3.023e-01
-3.919e-01
-2.091e-01
-1.829e-01
-1.973e-01
-3.231e-01
-3.404e-01
-3.055e-01
-2.807e-01
-4.290e-01
-4.508e-01
-5.969e-01
-2.818e-01
-3.440e-01
-3.752e-01
-3.099e-01
-2.679e-01
-3.117e-01
-3.604e-01
-4.698e-01
-3.280e-01
-3.147e-01
-3.546e-01
-4.614e-01
-2.749e-01
-4.508e-01
-3.746e-01
-4.078e-01
-4.576e-01
-4.907e-01
-3.444e-01
-3.516e-01
-4.681e-01
-4.834e-01
-4.774e-01
-4.808e-01
-4.172e-01
-3.952e-01
-3.915e-01
-3.709e-01
-4.479e-01
-4.621e-01
-5.087e-01
-5.242e-01
-5.725e-01
-6.585e-01
-5.113e-01
-5.530e-01
-5.999e-01
-5.037e-01
-5.033e-01
-6.093e-01
-7.321e-01
-6.740e-01
-6.312e-01
-6.692e-01
-5.469e-01
-5.884e-01
-5.766e-01
-5.665e-01
-5.754e-01
-5.517e-01
-5.516e-01
-5.701e-01
-5.805e-01
-5.731e-01
-5.649e-01
-6.312e-01
-7.689e-01
-7.670e-01
-9.676e-01
-8.247e-01
-7.086e-01
-7.000e-01
-7.840e-01
-6.174e-01
-7.103e-01
-7.596e-01
-8.546e-01
-7.086e-01
-6.492e-01
-8.254e-01
-8.167e-01
-8.109e-01
-7.725e-01
-7.671e-01
-7.214e-01
-9.177e-01
-8.876e-01
-9.523e-01
-9.496e-01
-7.998e-01
-9.436e-01
-1.106e+00
-1.002e+00
-6.966e-01
-8.271e-01
-9.482e-01
-9.928e-01
-8.114e-01
-8.497e-01
-8.994e-01
-9.609e-01
-1.161e+00
-1.106e+00
-9.905e-01
-8.825e-01
-9.761e-01
-7.686e-01
-6.908e-01
-7.678e-01
-1.229e+00
-2.059e+00
-1.190e+00
-4.942e-01
-2.864e-01
1.647e-02
-3.924e-02
1.638e-01
-1.561e-01
-1.987e-01
-1.861e-01
-5.119e-02
-1.810e-01
-2.446e-01
-1.948e-01
-5.349e-02
-3.653e-01
-3.143e-01
-3.996e-01
-2.133e-01
-1.518e-01
-2.016e-01
-3.429e-01
-3.294e-01
-2.619e-01
-2.336e-01
-3.659e-01
-4.407e-01
-5.896e-01
-2.627e-01
-2.994e-01
-3.601e-01
-2.808e-01
-2.206e-01
-3.261e-01
-3.613e-01
-4.621e-01
-3.073e-01
-3.003e-01
-3.443e-01
-4.472e-01
-3.088e-01
-4.502e-01
-3.531e-01
-3.605e-01
-4.285e-01
-4.867e-01
-3.369e-01
-3.470e-01
-4.571e-01
-4.839e-01
-5.118e-01
-4.665e-01
-4.121e-01
-3.869e-01
-4.148e-01
-3.670e-01
-4.510e-01
-4.511e-01
-4.802e-01
-5.191e-01
-6.015e-01
-6.316e-01
-4.927e-01
-5.318e-01
-6.173e-01
-5.212e-01
-5.266e-01
-6.144e-01
-6.949e-01
-6.710e-01
-6.097e-01
-6.259e-01
-5.350e-01
-5.688e-01
-5.246e-01
-5.201e-01
-5.631e-01
-5.330e-01
-5.235e-01
-5.390e-01
-5.384e-01
-6.273e-01
-5.835e-01
-6.435e-01
-7.715e-01
-7.607e-01
-9.948e-01
-8.344e-01
-7.358e-01
-7.077e-01
-7.456e-01
-6.257e-01
-7.245e-01
-7.554e-01
-8.605e-01
-7.061e-01
-6.516e-01
-8.415e-01
-8.172e-01
-8.228e-01
-7.749e-01
-7.758e-01
-7.045e-01
-9.180e-01
-9.032e-01
-9.658e-01
-9.493e-01
-8.111e-01
-9.854e-01
-1.154e+00
-1.088e+00
-7.319e-01
-8.558e-01
-9.794e-01
-1.027e+00
-8.132e-01
-8.461e-01
-8.947e-01
-9.544e-01
-1.209e+00
-1.113e+00
-9.704e-01
-8.713e-01
-9.659e-01
-6.734e-01
-6.054e-01
-7.336e-01
-1.185e+00
-2.007e+00
-1.253e+00
-5.682e-01
-3.403e-01
2.202e-02
1.726e-02
1.889e-01
-1.209e-01
-1.684e-01
-1.980e-01
-6.061e-02
-1.577e-01
-2.304e-01
-1.624e-01
-1.739e-02
-3.379e-01
-2.987e-01
-3.717e-01
-2.051e-01
-1.673e-01
-2.144e-01
-3.636e-01
-3.378e-01
-2.386e-01
-2.009e-01
-3.249e-01
-4.177e-01
-5.951e-01
-3.211e-01
-2.901e-01
-3.385e-01
-2.779e-01
-2.536e-01
-3.868e-01
-3.854e-01
-4.702e-01
-3.378e-01
-3.123e-01
-3.378e-01
-4.407e-01
-3.270e-01
-4.717e-01
-3.424e-01
-3.522e-01
-4.008e-01
-4.989e-01
-3.239e-01
-3.414e-01
-4.648e-01
-4.807e-01
-5.241e-01
-4.353e-01
-3.803e-01
-4.041e-01
-4.493e-01
-3.692e-01
-4.522e-01
-4.367e-01
-4.282e-01
-4.786e-01
-5.934e-01
-6.600e-01
-5.137e-01
-5.515e-01
-6.061e-01
-5.314e-01
-5.615e-01
-5.740e-01
-6.639e-01
-6.501e-01
-6.231e-01
-6.376e-01
-5.016e-01
-5.371e-01
-5.093e-01
-5.190e-01
-5.675e-01
-5.401e-01
-5.100e-01
-5.338e-01
-5.534e-01
-6.902e-01
-6.384e-01
-6.848e-01
-8.045e-01
-7.717e-01
-1.023e+00
-8.422e-01
-7.048e-01
-6.901e-01
-7.692e-01
-6.716e-01
-7.369e-01
-7.847e-01
-8.641e-01
-7.159e-01
-7.213e-01
-8.902e-01
-8.316e-01
-8.406e-01
-7.894e-01
-7.821e-01
-7.150e-01
-9.176e-01
-9.270e-01
-9.635e-01
-9.802e-01
-8.534e-01
-1.027e+00
-1.248e+00
-1.157e+00
-8.340e-01
-9.512e-01
-1.054e+00
-1.113e+00
-8.789e-01
-9.068e-01
-9.764e-01
-1.021e+00
-1.267e+00
-1.203e+00
-1.022e+00
-9.128e-01
-1.026e+00
-6.899e-01
-6.343e-01
-7.955e-01
-1.269e+00
-2.109e+00
