2.7721e-01
-4.6093e-01
2.6386e-01
-5.4845e-01
-8.9810e-02
3.1364e-01
-4.7493e-01
6.9028e-01
3.3479e-01
-5.1742e-02
-2.8657e-01
-1.3479e-01
2.0801e-02
-5.9718e-01
-7.7003e-01
6.3082e-01
-1.5668e-01
2.2713e-01
5.9317e-01
5.3392e-01
3.7807e-01
1.0229e+00
-7.1441e-01
-6.2965e-01
4.7015e-01
4.2283e-01
-8.0536e-01
5.3976e-01
1.6556e-01
-9.9943e-02
-1.5811e-01
-3.3056e-03
-3.0262e-02
3.7488e-01
-5.0755e-01
-1.2007e-01
-3.4150e-01
3.0181e-01
1.7260e-02
-4.7106e-01
-5.6329e-01
8.3470e-03
-3.1231e-02
6.1681e-01
8.9552e-01
7.2864e-01
-6.9508e-01
-2.4014e-01
2.2525e-01
8.7384e-02
3.4167e-01
6.5837e-01
9.4720e-01
-5.1113e-01
2.2659e-01
-4.5816e-01
-9.0902e-01
7.1814e-01
-1.7576e-01
1.7285e-01
-4.0193e-01
-3.6626e-01
-3.5055e-01
-6.4561e-01
-2.5109e-01
-1.1150e-01
8.3160e-03
2.0502e-01
-4.2406e-01
4.0801e-01
-4.9118e-01
1.7482e-02
