6.2283e-02
-2.6401e-01
9.7145e-02
1.3893e-01
-1.2080e-01
2.4154e-01
1.4747e-01
1.0317e-01
1.5662e-01
-1.7320e-02
9.1047e-03
3.3516e-03
-3.2437e-01
-8.6658e-02
-7.3908e-02
-2.4106e-01
-2.4281e-01
1.5297e-01
2.7498e-01
2.9733e-01
-1.3554e-01
-2.1417e-01
8.1604e-02
-1.8035e-02
-1.5445e-01
-1.1125e-01
-5.9017e-03
9.9853e-02
4.6934e-02
4.7314e-02
-7.8724e-02
-3.8277e-01
-3.0746e-02
3.6280e-01
-8.9555e-02
5.7002e-02
-3.1570e-01
7.4145e-02
2.5273e-02
1.3668e-01
3.4968e-01
4.5590e-02
4.4016e-02
-4.3367e-03
-1.0099e-01
1.0446e-02
-8.3568e-02
-1.1367e-01
-5.9815e-02
5.3623e-02
-1.3896e-01
1.2051e-01
2.4006e-01
3.2306e-02
1.1348e-01
1.6385e-01
6.0184e-03
5.6779e-02
6.3952e-02
2.3430e-01
8.8291e-02
6.0285e-02
2.8116e-01
-7.7921e-02
-2.6551e-03
-8.7658e-02
-1.8723e-01
-5.7476e-02
-7.9381e-02
3.2920e-01
-2.4024e-01
-4.5616e-02
-2.6475e-02
3.0414e-02
4.1867e-02
2.8070e-01
-1.0982e-01
1.6938e-01
5.2729e-02
3.1328e-01
2.2056e-01
8.4384e-02
3.3829e-01
2.0208e-01
-2.5768e-02
-2.3305e-01
2.6178e-01
-1.0700e-01
-2.7605e-01
6.3138e-02
-5.8850e-02
-8.6607e-02
-3.4945e-02
-1.8671e-03
-1.3196e-01
2.7389e-02
5.7983e-02
1.3893e-01
1.6425e-01
-5.0674e-03
4.9590e-02
-1.6405e-01
2.0871e-01
-1.4511e-01
1.1416e-01
1.7557e-01
-3.3390e-01
-1.5064e-01
1.8490e-01
-1.6070e-01
-4.9597e-02
7.7125e-02
1.3314e-01
1.8610e-02
6.5089e-02
-2.2840e-01
2.5813e-01
4.0775e-01
4.6795e-01
2.6655e-01
3.2018e-01
-3.3535e-02
-7.7247e-04
-2.7316e-01
1.5595e-01
1.2198e-01
-3.3551e-01
3.5427e-01
-8.3534e-02
-3.7904e-01
4.6332e-02
3.1446e-02
-7.2693e-02
6.0961e-02
1.3138e-01
-2.3204e-01
-5.4590e-02
1.2773e-01
-2.2739e-02
-6.1176e-02
-1.8718e-01
-3.8693e-02
1.3104e-01
7.5003e-02
1.6486e-01
3.3892e-01
-3.8956e-02
7.2670e-02
1.6354e-01
-3.8492e-01
2.7599e-01
2.0381e-01
6.9394e-02
6.5604e-02
1.0141e-01
-2.3891e-02
3.9648e-02
1.4779e-01
-1.2955e-01
-3.4364e-01
6.9194e-02
1.8031e-01
-1.0951e-01
-1.0057e-01
-2.3448e-01
6.1327e-03
1.5182e-01
-1.3936e-01
7.5635e-02
2.9112e-01
-1.1189e-01
-1.5760e-01
-1.8188e-01
1.7465e-01
2.7046e-01
-5.3014e-02
1.1352e-02
3.1772e-01
-2.0376e-01
-3.0004e-02
-3.3831e-01
5.4845e-02
-7.7692e-02
1.5040e-01
-1.6698e-01
-3.0167e-01
-7.8267e-02
-8.2192e-02
9.0949e-02
2.5032e-01
7.6776e-02
1.8820e-01
2.5579e-01
8.4436e-02
3.8794e-01
6.9800e-02
-9.8374e-02
1.9363e-01
3.4959e-01
-8.3965e-02
1.1879e-01
-2.9516e-02
1.2029e-02
3.4964e-01
3.0885e-01
5.8600e-02
-3.2314e-01
-2.1296e-01
-1.2450e-01
6.2131e-02
1.1047e-01
1.0021e-01
3.2739e-01
2.3919e-01
-1.7176e-02
9.2673e-02
8.5637e-03
-2.1946e-01
3.6874e-02
1.9209e-01
8.4931e-02
3.2294e-01
-9.2934e-02
-1.4017e-01
-5.8291e-02
3.5865e-01
3.5019e-02
-4.2881e-02
-2.2372e-01
2.9544e-01
-1.4032e-02
4.0876e-02
-2.1360e-02
1.8834e-01
1.1961e-01
5.0446e-02
-3.3030e-01
-2.9427e-02
-2.7831e-01
-3.8011e-01
2.2350e-01
9.1501e-02
1.7149e-01
-5.2956e-02
-1.2316e-01
-3.5973e-02
1.6932e-01
9.5886e-02
-7.2829e-02
-1.0391e-01
-7.7364e-02
-1.8251e-02
2.2776e-01
3.1968e-01
-1.1281e-01
3.1164e-01
-3.1381e-01
-2.0617e-01
1.6971e-01
1.4360e-01
2.9382e-01
-1.4926e-02
-8.3926e-02
1.8398e-01
-1.2358e-01
3.5819e-02
-1.5036e-02
-7.3168e-02
6.4940e-02
1.5025e-02
1.5290e-01
1.9644e-01
2.4099e-01
-2.6041e-01
1.0072e-01
-1.4640e-01
-2.5922e-01
-2.1220e-01
-2.5066e-01
3.6969e-04
2.7066e-01
-9.6752e-02
2.0273e-03
-1.3405e-01
-3.0173e-01
7.7956e-02
-5.9737e-02
-1.0607e-01
3.2324e-01
-6.1355e-02
-1.3980e-01
-2.1682e-01
-3.1644e-01
1.3465e-01
1.6063e-02
1.0173e-01
2.0039e-01
-1.6689e-01
1.7019e-01
1.8625e-01
-1.2975e-03
1.6848e-01
-1.1304e-01
-2.7425e-02
-3.9751e-02
-4.0632e-02
3.6121e-02
-6.7725e-02
-2.3655e-01
2.1090e-02
1.1221e-01
3.6775e-01
-2.2945e-01
1.2246e-01
9.4966e-02
1.6902e-01
2.2360e-01
-8.4958e-02
1.7041e-01
-1.0477e-01
-2.7983e-01
2.8873e-01
-1.3774e-01
7.6757e-02
-1.0613e-01
1.7546e-02
-4.6192e-01
-1.2377e-01
2.6206e-01
-2.3476e-02
1.6889e-01
2.2444e-01
-7.3820e-02
-6.8940e-02
-2.6049e-01
-1.4862e-01
1.0357e-01
-7.0053e-02
1.2974e-01
4.2313e-01
2.5722e-01
3.2370e-01
4.3641e-02
-3.4939e-01
6.2364e-02
-1.7924e-01
3.6209e-02
-1.0588e-02
2.6819e-01
3.3711e-01
-1.2478e-01
-4.8014e-03
-1.8284e-01
-1.1904e-01
3.0163e-01
3.7480e-02
-2.7836e-01
-3.4079e-01
1.7013e-01
2.2608e-01
-2.4176e-01
-3.2651e-01
-1.9449e-01
7.1622e-02
-1.9200e-01
-1.6001e-01
-1.3181e-01
-5.6281e-03
-1.8968e-01
1.8929e-01
-3.0923e-01
7.6664e-02
-4.8382e-02
-1.0597e-02
9.8024e-02
2.2524e-01
5.0427e-02
-4.4454e-02
-1.3723e-01
-1.5095e-01
2.8700e-02
1.9156e-02
1.8533e-01
1.3566e-01
-2.1290e-01
-2.2770e-02
-1.1826e-02
2.4714e-01
-9.5588e-02
-1.3810e-01
2.0016e-01
-1.5085e-01
-7.8297e-03
-5.7567e-02
1.7530e-01
-1.1400e-01
1.4649e-01
8.4537e-02
2.7418e-01
-2.0668e-01
-2.8422e-02
-1.5990e-01
2.1547e-01
-5.8462e-02
-9.4812e-02
9.8084e-02
2.2139e-01
1.6006e-02
2.1389e-01
2.1099e-01
-4.2529e-02
-6.9167e-03
-4.6338e-02
3.5980e-01
2.4779e-01
3.4034e-01
-5.4453e-02
-6.5460e-02
6.7911e-02
3.1865e-02
4.9962e-02
-2.3393e-01
-8.7017e-02
5.8933e-02
-2.2695e-01
1.2317e-01
3.7921e-01
-4.0348e-02
-1.3911e-01
-9.1092e-02
1.8999e-01
-1.6297e-01
9.6897e-02
-3.4463e-01
1.7235e-01
9.9749e-03
7.4492e-02
3.0168e-01
1.0321e-01
1.5171e-01
-2.1738e-02
-9.8981e-03
1.2037e-02
9.1996e-02
-2.3145e-01
-1.2325e-01
2.8763e-01
-6.3737e-02
-2.5792e-01
1.7741e-01
-7.2707e-02
-2.5078e-01
-8.2261e-02
1.6518e-01
4.2797e-02
-3.1510e-01
-1.5060e-01
1.2127e-01
-1.1403e-01
1.3477e-01
-1.0236e-01
3.3353e-01
1.6200e-01
3.7280e-01
4.7601e-02
9.7546e-02
-4.3075e-03
-1.5885e-01
-1.4507e-01
5.1213e-01
5.4117e-02
-7.7689e-03
8.6056e-02
-1.6276e-01
8.2382e-02
-7.1250e-02
-1.0141e-01
2.8203e-01
-1.8440e-03
1.8076e-01
-5.1216e-02
2.2519e-01
-4.2172e-01
1.1191e-01
8.9166e-02
-3.1610e-01
-5.6853e-03
2.3630e-01
1.4203e-01
6.2655e-02
3.0139e-02
-2.0136e-01
9.7346e-02
-7.9575e-02
1.0689e-01
-7.7421e-02
7.1906e-02
-5.0251e-02
-3.5139e-02
1.9263e-01
1.3442e-01
9.0332e-02
1.4014e-01
-4.9399e-02
-8.9331e-04
1.5221e-01
1.6134e-02
2.7296e-01
2.4245e-01
2.2661e-01
2.6643e-01
5.3321e-02
-8.8813e-02
2.1133e-01
4.4069e-03
2.8894e-01
-3.2549e-01
3.3675e-01
-4.5503e-01
-1.6765e-01
1.8130e-01
-1.0530e-01
7.3313e-02
-1.3991e-01
2.9858e-02
-2.3558e-01
1.6254e-01
-9.7655e-02
1.0664e-01
-1.1455e-02
-1.3649e-01
-7.0767e-02
-3.2467e-02
4.1015e-01
-1.2815e-01
1.6311e-01
-1.6111e-01
9.2521e-03
4.8676e-01
-1.2048e-01
8.5554e-02
1.7529e-01
3.1076e-01
1.3714e-01
1.7316e-01
-3.1403e-01
-1.2379e-01
1.1836e-01
-8.6242e-02
-1.3444e-01
1.7815e-01
5.6535e-02
-1.6068e-01
2.2421e-01
3.7901e-01
7.3215e-02
-1.4314e-01
-2.7544e-01
-2.0514e-01
-8.3799e-02
3.0789e-01
-1.5324e-02
-1.3845e-01
-2.2778e-01
5.4207e-03
9.2981e-02
-2.4061e-01
4.2164e-01
6.6131e-02
2.6338e-01
1.6999e-01
-2.1438e-01
5.2239e-02
-1.4696e-01
-2.7926e-01
4.3885e-02
-1.1604e-01
3.3678e-01
-2.6391e-01
-3.9052e-04
-4.3519e-01
5.1837e-02
2.8466e-02
-1.7652e-01
-1.4009e-02
2.0138e-01
1.0172e-01
1.9846e-01
3.1384e-02
-3.0707e-01
-8.4980e-02
6.8881e-03
-7.8001e-02
3.4989e-01
2.5173e-01
-1.6061e-01
1.3410e-01
-2.4299e-01
-1.7143e-01
-2.8238e-01
-2.2162e-01
2.5783e-01
9.0448e-02
2.9355e-01
-6.2838e-02
-8.8675e-03
3.5362e-01
-1.9888e-01
-2.4668e-01
6.0455e-02
2.1483e-01
1.2148e-01
-1.9400e-01
1.6525e-01
1.6014e-01
-1.4923e-01
6.1728e-03
-2.9463e-01
3.1827e-01
3.9750e-02
1.3671e-02
-4.8025e-02
-9.5017e-02
-2.0492e-02
1.4250e-03
-7.6377e-02
2.1965e-01
-2.4223e-01
-9.9840e-02
-3.0980e-01
4.9054e-02
2.8036e-01
9.4595e-02
-3.1481e-01
-1.2824e-01
2.7963e-01
1.7513e-01
-1.6313e-01
2.8065e-01
7.0030e-02
-1.4233e-01
-2.4497e-01
1.5929e-01
1.7021e-01
3.4499e-02
4.9682e-02
3.1327e-01
3.8061e-01
-2.8071e-01
9.9938e-02
-2.4609e-01
-2.8537e-02
3.7136e-02
-1.8007e-01
5.6622e-02
-9.3054e-03
-3.6746e-03
3.6222e-02
2.8622e-01
5.3525e-02
1.8934e-02
2.3288e-01
1.4324e-01
-3.4527e-02
-4.2264e-02
-1.9650e-01
-1.7293e-01
-1.2763e-01
-1.4323e-01
2.4837e-01
-1.9615e-01
-7.7753e-02
4.2456e-01
9.4409e-02
1.4477e-01
-4.9949e-02
9.2546e-02
3.6556e-01
1.8062e-01
-1.1868e-01
5.0235e-02
1.4710e-01
-1.6386e-01
-1.2607e-01
-6.8053e-02
3.9729e-02
3.1448e-01
8.1605e-02
1.2078e-01
-3.8495e-01
-1.4835e-01
-1.7507e-01
-9.2601e-02
1.0564e+00
1.8893e-01
2.4029e-01
-3.1233e-01
1.8053e-01
-8.5376e-02
-5.1272e-02
-2.5431e-02
-2.3403e-01
1.5963e-01
1.9287e-02
-1.9567e-01
-1.6745e-01
-1.8234e-01
-8.6950e-02
2.6712e-03
-1.6690e-01
1.6635e-01
1.9215e-02
9.0971e-02
-1.5299e-01
8.8945e-02
-9.2104e-02
-7.3113e-02
-1.3977e-01
2.8662e-02
-1.0613e-02
-7.9303e-02
-2.0987e-01
-1.4224e-01
-9.7402e-02
1.9369e-01
6.9575e-02
4.3330e-01
-6.1114e-04
-3.8946e-01
-3.7941e-01
-1.2929e-01
-1.8005e-02
-3.2985e-01
-1.6804e-01
-2.1976e-02
1.7314e-03
-3.7709e-01
8.5889e-03
-2.3009e-02
-4.0116e-02
-1.8099e-01
-1.2072e-01
1.3963e-01
-1.7205e-02
3.6033e-01
-1.2984e-01
1.7140e-01
2.7596e-01
-3.9570e-02
2.7186e-01
-3.1020e-01
-1.1515e-01
2.1657e-01
-9.3350e-02
7.0429e-03
3.4982e-01
-3.8427e-02
-2.2597e-01
9.2021e-02
1.8336e-01
-2.5281e-01
2.3603e-01
7.0078e-02
3.0584e-02
-4.1902e-02
1.7137e-01
8.8035e-02
-1.6423e-01
-2.5360e-01
3.4014e-02
-2.4429e-01
-1.8671e-01
-1.1205e-01
-1.8036e-01
-4.9230e-02
1.1738e-01
-5.4782e-02
1.5321e-01
4.9943e-02
-4.0740e-01
5.4445e-02
1.1370e-01
-1.2335e-01
4.1374e-02
-1.5583e-01
-1.0249e-01
2.9485e-01
1.8034e-01
1.6116e-01
1.0470e-01
-1.3141e-01
1.7948e-01
3.0769e-02
-2.7007e-01
-1.6566e-01
-1.2801e-01
1.6112e-01
-1.6514e-01
6.0407e-02
-1.2135e-03
-1.6355e-01
-1.5918e-02
6.3074e-02
4.3896e-03
3.2720e-01
-1.3314e-01
1.6319e-01
3.3884e-01
-5.5828e-02
-1.3944e-01
2.9952e-01
7.1173e-04
1.3330e-01
2.4568e-02
-1.9803e-01
3.3056e-01
6.1875e-02
1.2257e-01
-5.9827e-02
-1.7035e-01
2.2227e-01
-6.6585e-02
-1.7629e-02
-2.3810e-01
-5.6010e-02
-2.0483e-01
-2.0298e-01
1.8598e-01
-1.6249e-01
2.9836e-01
9.0130e-02
-4.3851e-02
-2.3984e-01
2.3187e-01
-3.7252e-01
9.0294e-02
3.2018e-01
6.6462e-02
-9.7590e-02
2.8063e-01
-6.6995e-02
-1.1655e-01
-8.5662e-02
7.2180e-02
-4.0002e-01
-3.7839e-01
-6.3237e-01
1.2908e-01
-2.8858e-01
-6.5390e-01
-6.9306e-01
1.0828e-01
2.2843e-01
1.1813e-01
-2.3321e-01
-8.1957e-02
1.0652e-01
1.2026e-01
2.5302e-01
6.4461e-02
5.8684e-02
-4.0762e-01
1.4759e-01
-2.0143e-02
1.0736e-01
-1.1459e-01
5.5716e-02
4.3685e-01
2.9074e-01
2.2319e-01
3.4342e-01
2.0087e-01
-2.6736e-01
-4.5027e-01
-6.6214e-01
-2.6612e-01
2.3888e-01
2.6688e-01
-5.9529e-02
-1.2747e-01
-2.1356e-01
3.2089e-01
2.2194e-02
-2.5836e-01
-1.1673e-01
-6.9769e-02
2.2819e-01
1.5649e-01
9.9137e-02
1.4757e-01
2.0518e-01
-1.4263e-01
4.4713e-02
-2.1478e-01
-4.5724e-01
-3.1148e-01
