5.4326e-02
8.0958e-02
-8.1788e-02
5.5003e-02
-2.0480e-01
3.0288e-02
7.7057e-02
9.2761e-02
7.9164e-02
1.4611e-01
1.0792e-01
-1.2873e-01
1.4370e-01
-1.9795e-01
-5.2329e-02
-1.8055e-01
1.6053e-01
-1.1355e-01
-4.9693e-02
2.7820e-02
-1.9405e-01
-1.3459e-01
-4.5100e-02
-9.6465e-02
7.6916e-02
-1.2199e-01
-2.2001e-02
-5.4072e-02
6.9351e-02
-4.3106e-02
-9.6900e-03
-9.3046e-02
-1.4132e-01
-1.3154e-01
1.2973e-01
5.4080e-02
6.4849e-02
1.0255e-01
4.1606e-02
1.9247e-01
-4.8363e-03
-6.6269e-02
-6.6036e-02
-1.5973e-01
-1.3361e-01
-7.7901e-02
4.6267e-02
-2.0146e-01
-3.3876e-01
-1.2329e-01
4.5774e-02
7.5071e-02
2.3871e-01
6.3258e-02
1.6320e-01
5.7492e-02
-2.3699e-01
8.1494e-02
1.9067e-01
-3.1936e-02
-2.0514e-01
1.4122e-01
1.6093e-01
1.9114e-01
6.2937e-02
-2.0269e-01
-1.3231e-01
-2.2207e-01
7.6109e-02
1.5571e-01
-1.6822e-01
6.9597e-02
1.4179e-01
-1.1490e-02
2.4075e-02
-1.9421e-02
1.5181e-01
-1.9842e-02
-1.8268e-01
-2.0422e-02
-6.4801e-02
5.6137e-02
7.0599e-02
-1.2433e-01
-1.7739e-01
-4.2251e-01
1.6429e-01
-1.2120e-01
-6.3667e-02
-1.5245e-01
-1.1674e-01
-2.1745e-01
5.0621e-02
2.8049e-01
1.1064e-01
-2.4704e-01
-1.0945e-01
-1.0028e-01
-1.0270e-02
1.1229e-02
-3.7179e-02
-1.2687e-01
-6.0561e-02
-1.3033e-01
1.5670e-01
4.1814e-02
3.0212e-01
2.2951e-01
1.4837e-01
7.0012e-02
-1.0840e-02
1.2891e-01
4.1710e-02
6.6458e-02
4.7774e-02
1.2031e-01
1.5217e-01
-1.5461e-01
1.2174e-01
1.8648e-02
-5.1815e-02
3.2796e-03
2.7498e-01
6.2797e-03
2.7085e-01
1.7986e-01
-1.6002e-01
-6.8334e-02
-2.6209e-02
-1.0953e-01
1.0805e-01
-3.8565e-02
2.6514e-01
2.0618e-01
1.7021e-01
9.4062e-03
1.1768e-01
-1.0215e-01
2.6929e-02
1.1973e-01
1.7666e-02
2.1096e-01
-2.0252e-01
-7.5223e-02
4.0257e-02
6.1137e-02
1.9005e-01
-6.1027e-02
2.4004e-02
4.4053e-02
9.0221e-02
1.0897e-01
-1.3403e-02
-1.9614e-01
3.4470e-01
1.6662e-01
2.0824e-01
1.2549e-01
9.4637e-02
-5.4503e-03
6.8358e-02
5.4521e-02
-1.5639e-01
-1.8648e-01
4.9212e-02
-1.8904e-01
-2.8776e-01
1.0188e-02
3.6297e-02
1.7441e-01
-2.1234e-02
-2.3543e-01
6.4763e-02
-1.6310e-02
2.4423e-01
3.1622e-02
-1.6176e-01
-6.1635e-02
-5.9691e-02
1.4915e-01
-1.5317e-01
-1.8875e-01
-8.4724e-02
-6.7177e-02
1.0734e-01
1.4154e-01
2.0416e-01
-7.6188e-03
-5.4367e-02
-1.0158e-02
1.1282e-01
2.2053e-01
-8.4732e-02
2.7997e-01
-9.6125e-02
-5.5165e-02
1.8777e-01
-6.4258e-02
-4.7671e-02
8.9736e-02
5.5168e-02
9.3440e-02
-1.8985e-02
-3.7335e-02
-1.0049e-01
3.3845e-02
-2.9012e-01
1.0321e-01
-1.9521e-01
-7.2654e-02
1.4340e-02
-4.4324e-02
-1.1061e-01
1.8259e-01
2.0258e-01
1.1449e-01
1.3223e-01
-3.0825e-01
4.1737e-02
-8.6347e-02
-2.5332e-01
-3.3556e-01
-4.3126e-01
-3.0586e-01
1.0849e-02
-8.0663e-02
1.2326e-01
1.4774e-01
-2.2388e-01
1.9812e-01
3.0274e-02
7.4345e-02
-7.2486e-02
-2.2324e-01
-2.9921e-02
-2.7218e-01
-1.5230e-01
-5.4369e-02
-2.9580e-01
-1.4786e-01
2.3538e-02
-2.1038e-02
1.0741e-01
1.0202e-01
2.9226e-01
1.0939e-01
-1.7693e-01
5.4806e-03
1.1099e-01
-9.2485e-02
3.1909e-02
2.1042e-02
-1.7615e-01
2.1578e-02
4.4901e-02
-1.6942e-01
-1.6896e-01
7.7522e-02
-1.3494e-01
8.2741e-02
-2.6103e-01
1.3439e-01
1.1663e-02
1.6984e-02
1.2009e-01
-5.4440e-02
1.3974e-01
2.5647e-01
1.1832e-01
1.2658e-01
7.1306e-02
-1.0028e-01
-1.6345e-01
1.0141e-01
-1.0366e-01
-6.0295e-03
-1.6388e-01
-4.7067e-02
1.3407e-01
6.0824e-01
-2.6694e-02
-1.9344e-01
1.4513e-01
-1.2116e-01
-1.2600e-01
-3.5950e-01
-4.4110e-01
1.4611e-01
-8.4651e-02
2.0521e-01
-2.2249e-02
-7.0385e-02
-1.9966e-01
5.5606e-01
1.3759e-01
-1.9955e-01
5.8066e-02
-9.3091e-02
-4.2078e-02
-1.9825e-01
-1.2997e-01
7.8144e-02
-1.6351e-01
2.3665e-02
-1.2009e-01
-3.1628e-02
-1.6287e-01
-3.0415e-01
-1.3629e-01
1.2376e-01
1.5157e-01
5.2373e-02
5.4461e-02
-8.5175e-03
2.1015e-01
1.1055e-01
1.6588e-01
5.0251e-02
-2.2538e-01
-1.9227e-01
-2.9097e-02
-8.0716e-02
9.8530e-02
1.2690e-01
-2.1194e-02
1.2053e-01
-9.3926e-02
2.5308e-01
-1.1233e-01
8.0751e-02
-1.1113e-01
1.8156e-01
1.4597e-01
-1.0242e-01
1.6605e-01
-1.1173e-01
-1.5785e-02
-1.6233e-01
-9.9800e-02
1.5292e-01
-1.7169e-02
2.3303e-01
-2.5767e-02
7.8227e-02
3.1309e-01
3.3091e-02
1.2984e-01
1.5291e-01
1.3082e-01
-9.2884e-03
-5.1814e-02
-6.3630e-02
-2.6855e-03
7.4530e-02
3.5246e-02
1.1772e-01
-1.3813e-01
1.1986e-01
1.5012e-01
4.9022e-02
4.0967e-02
-1.9738e-02
1.8277e-01
1.6052e-01
-1.1177e-01
1.8491e-01
7.2608e-02
-5.0184e-02
-1.2944e-01
-1.3456e-01
2.2517e-03
2.4500e-01
4.0777e-02
-2.1422e-01
5.7996e-02
-2.2533e-01
-1.0795e-02
1.9856e-01
1.7235e-01
3.3393e-01
5.9345e-02
5.3797e-02
6.1815e-02
-8.9192e-02
1.0308e-01
-1.1554e-01
1.4263e-01
1.3939e-01
-1.4201e-01
-9.1821e-02
-2.3734e-01
3.5809e-02
1.6547e-01
-1.6924e-01
1.4412e-01
1.9762e-01
1.1999e-01
-4.8913e-02
-3.9181e-02
-5.4085e-03
-1.6348e-01
-2.4976e-01
-1.3816e-01
1.5051e-02
-1.5456e-01
2.7973e-02
1.2854e-02
-2.1664e-01
-5.1859e-02
7.2797e-02
-1.1702e-02
-4.1439e-02
-1.9440e-02
1.0763e-01
1.8179e-01
2.5720e-01
1.5530e-01
-5.2826e-02
1.9939e-01
4.6979e-02
3.6989e-02
8.7961e-02
-2.9403e-02
-9.9736e-02
-7.3520e-02
-4.2529e-04
-1.0921e-01
1.7130e-01
-2.8985e-01
-1.4319e-01
1.9308e-01
1.4930e-02
-5.0495e-02
-1.7498e-01
2.2152e-01
1.7633e-01
1.5526e-01
1.6428e-01
6.7470e-02
5.2063e-02
9.9847e-02
-1.5695e-02
1.6351e-04
-7.0922e-02
2.1913e-01
-2.1350e-01
1.4761e-01
1.4125e-01
-2.1392e-02
4.4113e-02
-1.5513e-01
3.3461e-03
6.8834e-03
1.6939e-01
1.2958e-02
-1.6321e-02
1.2062e-01
-6.7677e-03
5.7480e-02
9.3260e-02
2.6718e-03
-6.1257e-02
-1.8985e-01
1.5163e-01
1.1987e-01
-7.8344e-02
8.2040e-02
1.1712e-01
5.0218e-02
-4.5177e-02
9.1454e-02
-1.0889e-01
-4.5417e-02
-6.4883e-02
5.4149e-02
-9.5089e-02
1.1326e-01
-9.9784e-02
-2.2619e-01
1.6595e-01
4.2443e-02
1.5009e-01
1.6578e-01
8.1961e-02
-5.1943e-02
1.0716e-01
8.4603e-03
-3.5187e-02
-1.5054e-01
2.2284e-02
5.4669e-02
-5.2386e-02
1.1692e-01
1.3846e-01
-1.0836e-01
-9.4861e-02
-2.0886e-01
-1.8866e-01
-1.4101e-01
-1.5459e-01
2.6336e-02
2.8727e-02
4.3862e-04
1.3482e-01
2.5407e-01
-2.9035e-04
2.1205e-01
2.5674e-02
4.4676e-02
-1.6732e-01
-7.8713e-02
-3.0342e-02
3.1258e-02
-2.6484e-01
-1.9642e-01
1.9221e-01
-3.3264e-02
1.8731e-01
-2.7301e-01
6.8020e-02
-5.3248e-02
9.9612e-02
1.5598e-01
-3.8777e-02
2.1409e-01
7.6225e-02
-9.4566e-02
-6.7641e-02
7.3122e-02
1.9790e-01
-1.8956e-01
1.0565e-01
1.4882e-01
6.3732e-02
-1.5506e-01
1.2516e-01
-7.5407e-04
-2.8014e-01
1.9587e-01
2.0188e-01
-8.0349e-02
-8.7157e-02
-4.6733e-02
4.5990e-02
1.6680e-01
-1.4627e-01
-7.5540e-02
6.3066e-03
-5.1891e-03
-1.3926e-01
-1.9196e-01
-4.5918e-02
2.2061e-02
9.9180e-02
-3.1439e-01
-3.7132e-01
-1.4645e-01
-4.5647e-02
8.2234e-04
-6.1884e-02
2.1259e-01
-3.4439e-03
-2.1213e-01
-2.9693e-02
-9.1626e-02
5.5367e-02
1.3494e-01
3.8917e-02
7.2945e-02
-2.8280e-02
2.1706e-01
5.6308e-02
1.4306e-02
1.8966e-01
-1.1714e-02
1.0206e-01
1.5102e-02
-3.6009e-02
5.4516e-02
5.2674e-02
-2.2251e-01
1.6699e-01
1.0574e-02
7.3211e-03
-8.9581e-02
1.6999e-01
-2.1576e-01
3.3447e-02
-1.5628e-01
7.8352e-02
-1.6939e-01
4.8253e-02
-3.7247e-02
7.0089e-02
-1.0103e-01
1.2873e-01
-4.5742e-02
-5.6123e-02
2.2268e-01
-1.1963e-01
6.5635e-02
-1.0011e-01
1.8681e-01
1.4120e-01
8.5746e-02
1.7917e-01
2.3958e-01
-3.8840e-02
1.7374e-01
8.9333e-02
1.3288e-01
-1.0796e-01
-1.0471e-01
9.5551e-03
-5.5288e-02
-4.6554e-02
-3.4464e-02
-8.6612e-02
1.0642e-01
-1.3783e-01
1.4585e-01
-1.2128e-01
-1.4461e-01
1.9212e-01
-1.1860e-01
-2.7253e-01
3.3432e-02
-2.0065e-01
-2.2982e-01
-1.6814e-01
-5.5506e-02
-1.9035e-01
5.3877e-02
1.8577e-01
-4.1853e-02
9.3845e-02
-4.3540e-02
-3.0232e-02
7.4625e-03
1.5593e-01
-1.9285e-02
-1.0274e-02
-1.2267e-01
2.4677e-03
4.1726e-01
2.9618e-01
2.8844e-02
-8.2857e-02
-1.1772e-01
2.8046e-01
-7.1660e-02
1.6918e-01
1.3150e-01
-1.9511e-01
-2.1284e-01
1.5542e-01
8.8466e-02
-5.6179e-02
2.5152e-01
-3.9153e-02
7.7294e-02
5.4882e-02
1.4986e-01
2.0724e-01
2.0757e-02
5.2614e-02
-1.7034e-01
-2.1499e-01
-9.8075e-02
-1.9715e-01
-8.7413e-05
-1.4357e-01
5.7764e-02
8.1345e-02
1.0694e-01
-4.4664e-02
-5.2341e-02
2.4201e-01
1.4553e-01
-2.6525e-01
-1.7836e-01
-4.8352e-02
2.3726e-01
1.2423e-02
1.0095e-01
-1.0498e-01
-5.9829e-02
-1.1946e-01
1.2518e-01
-3.0826e-01
-5.2115e-02
2.3318e-01
1.3528e-01
-1.8774e-01
1.2450e-01
-2.4019e-01
-5.9212e-02
-4.1733e-02
-1.6391e-01
5.3699e-02
-1.6006e-01
-9.6589e-02
-1.3960e-01
-2.1915e-01
2.0605e-02
-2.0663e-02
-2.2478e-02
-1.6921e-02
-7.2348e-02
1.2772e-01
-3.9856e-02
-5.0737e-02
1.9188e-01
-7.2790e-02
-9.0683e-02
2.5487e-02
1.0090e-01
-2.6066e-01
-1.2527e-02
-2.7954e-02
7.4374e-02
2.5941e-02
1.1759e-01
-1.4139e-01
-1.5078e-01
-1.5310e-02
-1.3887e-02
2.2292e-01
-9.4764e-02
2.8324e-01
2.1973e-01
-6.5278e-02
1.2307e-01
1.0867e-01
-7.6251e-02
7.5143e-02
-2.1300e-02
1.2357e-01
-1.8809e-01
4.6331e-02
-4.5031e-02
2.9654e-02
-6.3187e-02
-1.3975e-01
-1.2476e-01
9.6035e-03
1.0147e-01
1.7002e-03
-2.2255e-02
1.4873e-01
-1.6819e-01
-2.5406e-01
1.4402e-01
-1.6083e-01
-1.9447e-01
1.8177e-01
-2.4092e-01
-3.4913e-02
-1.0029e-01
-4.3469e-02
-1.8649e-01
-1.6962e-01
-1.8158e-01
-1.4026e-01
2.1026e-02
4.2506e-02
2.3150e-01
-6.4518e-02
7.1984e-02
-1.7296e-01
-1.2855e-01
-5.4413e-02
6.1473e-02
1.1743e-01
-8.6435e-02
6.0007e-02
5.3896e-02
-1.2215e-01
-7.2072e-02
6.9565e-02
2.1919e-01
1.3065e-01
-9.4079e-02
-5.1391e-02
-7.4675e-02
-2.9064e-03
8.0417e-02
6.4043e-02
7.1416e-02
1.5998e-01
3.6849e-02
-7.4639e-02
-7.9316e-02
-4.4757e-02
2.5466e-02
1.0560e-01
-1.2436e-01
1.6158e-01
1.3552e-01
1.0695e-01
-4.8160e-02
2.2676e-02
1.5505e-02
2.9479e-01
1.2428e-01
1.6138e-01
2.3255e-01
-9.9814e-02
1.3612e-02
-1.0283e-01
-2.8045e-01
1.2957e-01
7.2554e-02
6.3014e-02
5.6335e-02
-2.8595e-03
-3.7142e-02
-7.8011e-02
-1.7562e-01
-6.9821e-02
-7.4632e-02
-1.7169e-01
-1.3816e-01
-1.5496e-01
8.5645e-02
1.8904e-01
9.3126e-02
2.2305e-02
-2.3902e-02
-4.7765e-02
-1.8431e-01
-3.2421e-02
-1.0933e-01
-7.1832e-02
-3.4272e-02
-2.0044e-01
-1.8946e-01
8.8648e-02
-3.5724e-03
2.2355e-01
-1.0465e-01
-2.0938e-01
-1.5525e-03
-3.4615e-02
-1.7363e-02
1.4815e-01
-3.4685e-02
9.0308e-03
2.3681e-01
4.1874e-02
1.1663e-01
-2.1498e-02
1.6580e-01
2.9491e-01
3.3713e-02
1.3818e-01
-5.7772e-02
-1.8965e-02
-1.6027e-01
-3.8249e-02
1.6807e-01
1.4332e-01
-1.7361e-02
1.3291e-02
-4.0642e-02
-9.5869e-02
-1.0025e-01
4.1345e-02
-1.2735e-01
3.8871e-02
2.2338e-01
1.8170e-01
8.1968e-02
7.5128e-02
6.1181e-02
-2.0628e-01
2.0787e-01
5.3200e-02
2.0515e-01
8.5673e-02
1.4229e-01
2.2356e-03
4.9618e-02
2.1232e-01
2.6964e-02
-2.2751e-01
2.7313e-01
-2.9758e-02
-2.9241e-02
1.6073e-02
-1.3444e-01
2.2678e-01
1.4309e-01
1.3608e-01
3.5303e-01
1.8405e-01
-1.4201e-01
-3.8184e-02
-3.2128e-02
1.2522e-01
-2.0170e-02
-1.6598e-03
-3.2888e-02
-3.0933e-01
-3.7579e-02
-6.6352e-02
3.0313e-02
-9.5265e-02
-1.5784e-01
-6.2885e-02
1.4301e-01
6.0779e-02
5.5703e-02
3.9601e-02
-1.2278e-01
-1.6265e-01
-1.2020e-01
2.0470e-01
-3.3067e-02
-2.0635e-01
-1.1013e-01
-3.9103e-02
-4.1406e-02
-3.7562e-02
-6.4391e-02
2.1991e-02
-6.9328e-02
-3.9606e-02
2.7953e-02
-1.2029e-01
1.1859e-01
8.6033e-02
-1.7451e-01
1.5456e-01
6.8775e-02
-1.5321e-01
9.2718e-02
-9.8050e-02
1.3764e-01
-7.3998e-02
-1.0861e-01
-1.1279e-01
-4.7167e-02
8.9991e-02
1.1414e-01
1.3496e-01
2.0676e-01
7.4097e-02
-4.2331e-02
1.5689e-01
-1.7307e-01
-7.9939e-02
2.0308e-01
-1.0097e-01
9.9760e-02
-2.5502e-01
2.0015e-01
9.4825e-03
2.2205e-01
-1.2563e-01
-7.8648e-02
-1.6453e-02
2.5317e-02
2.8217e-01
1.7256e-01
-2.7962e-01
3.3965e-02
8.6691e-02
2.4301e-02
1.7316e-01
1.9115e-01
1.0941e-01
-1.0122e-01
3.0724e-02
3.0080e-02
2.5383e-02
-1.4491e-02
1.2091e-02
-2.0405e-02
-1.5448e-01
5.5379e-01
1.7089e-01
6.3087e-02
-1.7143e-01
1.9970e-01
-3.7762e-02
2.7461e-01
1.2972e-01
6.5373e-02
2.1391e-01
-1.0819e-01
8.5361e-02
1.6279e-01
1.3107e-01
-9.4571e-02
-7.6316e-02
-9.4572e-02
2.3957e-02
-5.4053e-02
-1.1206e-01
-1.1410e-01
2.8957e-02
2.0063e-01
1.1200e-01
-5.7601e-02
6.4772e-03
7.3499e-02
9.9933e-02
-7.4723e-03
1.8888e-02
1.3535e-01
7.1005e-02
2.9685e-02
-3.2011e-02
-1.4729e-02
-1.3201e-01
3.1395e-02
1.1840e-01
9.0977e-02
-8.3810e-03
-1.1177e-01
-1.0644e-02
-2.8573e-01
1.0489e-01
5.8790e-03
1.6566e-02
-2.4154e-02
-1.4388e-02
-9.2927e-02
6.6499e-03
-5.9270e-02
-5.3205e-04
-1.9228e-02
6.8326e-02
2.0183e-02
3.2712e-02
-1.1160e-01
-1.1945e-01
-1.3380e-01
2.5980e-02
-9.2287e-02
-5.7136e-02
-4.0254e-02
-3.0045e-02
1.5690e-01
1.1646e-01
-1.4246e-01
1.1424e-01
-5.4901e-02
-4.0791e-02
-4.2117e-01
-1.5733e-01
8.4912e-02
-1.3933e-01
-1.5192e-02
7.1600e-02
-4.4806e-02
6.3496e-02
3.3927e-02
-1.4922e-01
-7.1339e-02
-1.0722e-01
1.7688e-01
-7.0449e-02
2.0618e-01
2.2387e-01
1.6443e-01
1.1505e-01
-9.7920e-02
9.3401e-02
3.7269e-02
-2.7105e-01
-5.7938e-02
6.0256e-03
1.3850e-01
-1.3005e-01
3.8090e-02
-2.0387e-02
-2.5876e-02
-6.8689e-02
-1.2533e-01
-2.7110e-02
1.5576e-01
-3.4114e-03
-1.7259e-01
-9.1899e-02
-1.0421e-01
-1.0376e-01
-2.8014e-02
2.3041e-02
-1.6797e-01
-1.0556e-02
1.0312e+00
8.2339e-02
-1.0891e-01
1.8728e-01
-5.7224e-02
-1.5272e-01
5.5743e-02
1.4735e-01
2.9833e-01
2.1499e-01
-4.8093e-02
-4.4837e-02
4.5151e-02
1.7378e-01
-1.5074e-01
-1.3494e-01
-1.3037e-01
-7.8034e-02
-1.1886e-01
-3.2466e-02
8.4416e-02
3.8737e-01
8.8347e-02
3.6103e-02
8.4709e-02
-2.3612e-01
-1.8762e-01
-2.4602e-01
9.5356e-02
-1.3101e-01
8.1166e-02
-1.7422e-01
-3.2080e-02
-1.8642e-02
-1.3414e-01
3.1538e-01
2.6800e-01
1.4732e-02
-5.9136e-02
5.4586e-03
2.9903e-01
3.0250e-02
-1.6095e-01
-1.4231e-01
-2.5226e-01
-2.2814e-01
-1.3161e-01
6.1720e-02
-8.4286e-02
2.1011e-01
-8.4471e-02
1.0266e-01
1.3836e-01
1.9841e-01
-9.6270e-02
7.4714e-02
7.6165e-02
-1.8046e-03
3.4463e-02
1.2175e-01
4.3925e-02
3.4047e-02
7.3232e-02
-1.4207e-01
-1.7331e-01
-1.6746e-01
2.7197e-01
1.0417e-01
-9.6426e-03
8.1761e-03
4.5110e-02
1.7742e-01
2.9161e-01
1.4772e-01
2.4145e-01
-1.0341e-01
9.5220e-02
-2.1750e-01
-7.4538e-02
-3.3572e-02
-2.1644e-01
2.7119e-02
-1.1281e-01
-3.5389e-01
-1.7115e-01
-2.5393e-01
4.1722e-02
1.0514e-01
-6.3836e-02
-1.1770e-01
1.1895e-01
1.1146e-01
1.5741e-01
1.2794e-01
1.6397e-01
-1.6695e-01
3.4589e-02
-1.4216e-01
5.3182e-02
2.2958e-01
1.5271e-01
1.8113e-01
1.0908e-01
3.3699e-02
-1.2568e-01
5.0606e-02
-6.2812e-02
4.3427e-02
-1.2847e-02
-6.5665e-02
1.1865e-02
1.3372e-01
-4.3321e-01
1.1988e-01
2.1829e-01
8.7381e-02
2.0982e-01
1.4551e-01
1.9482e-01
8.2341e-02
1.8032e-02
-7.8029e-02
1.5758e-02
2.9252e-01
4.5387e-02
-2.3394e-01
3.6482e-01
1.5025e-01
9.7398e-02
1.7168e-01
2.8141e-01
9.4864e-02
2.6220e-01
-3.2930e-02
1.8994e-02
2.5487e-01
4.4885e-02
8.1842e-02
3.8245e-02
-2.1870e-02
1.3764e-02
2.2143e-01
-5.4594e-02
-9.9997e-04
2.2493e-02
-1.2532e-01
-3.2576e-02
6.3228e-03
-1.8597e-02
-1.7483e-01
-2.7621e-01
2.9943e-02
-2.1108e-01
1.5161e-01
-6.9075e-03
5.9843e-02
-7.8320e-02
1.1842e-01
1.9918e-02
6.1619e-02
-1.1185e-01
-1.2966e-01
8.7373e-02
-1.2052e-01
1.0007e-01
2.3363e-01
-4.3209e-02
-3.3443e-01
2.2054e-02
1.9616e-01
-2.2297e-01
-1.5388e-01
6.3448e-02
-1.9228e-01
8.0466e-02
-4.5436e-02
-1.3435e-01
-2.7289e-03
1.6486e-02
4.6430e-02
3.6331e-02
1.1306e-01
3.5298e-01
1.3921e-01
2.2243e-01
3.1753e-02
-2.2562e-02
-6.3687e-02
1.6461e-01
3.8265e-02
8.3116e-02
2.4392e-01
3.8953e-02
8.3729e-02
-2.4107e-01
-3.3857e-01
-2.2234e-01
4.0383e-02
-6.9722e-03
-2.8714e-01
-2.0567e-02
1.3976e-02
-1.7660e-01
-1.2574e-02
6.2817e-02
-1.0755e-01
-3.2540e-02
1.8837e-01
2.8440e-02
8.2926e-02
1.5148e-01
-2.0959e-01
2.3219e-01
2.4247e-01
-2.2158e-02
-6.1122e-02
-2.1194e-01
1.1766e-01
-2.3681e-01
6.4205e-02
2.1663e-02
4.3216e-02
-1.0102e-01
1.2722e-01
-1.0449e-01
1.8871e-01
9.9555e-03
-1.2534e-01
-4.4198e-02
3.2594e-03
-2.8936e-01
-8.3228e-02
-3.8432e-03
-7.3510e-03
1.4984e-01
-1.3887e-01
1.7344e-02
-9.2612e-02
2.9301e-01
2.8888e-01
4.6891e-03
8.1784e-02
3.1280e-01
-2.4797e-01
2.7206e-02
1.1097e-01
-9.2001e-02
-3.2521e-01
4.4708e-02
-3.4301e-01
1.8633e-01
-7.9530e-02
1.0638e-01
-1.7270e-01
-7.1832e-02
2.0547e-01
-2.3761e-02
1.4832e-01
-3.4827e-02
-4.9014e-02
1.6067e-01
-4.7406e-02
1.4886e-01
2.0115e-02
4.8327e-02
8.2413e-02
2.2556e-02
2.9931e-02
-8.9612e-02
2.1687e-03
-8.8601e-02
2.4863e-01
-3.9780e-02
1.8677e-01
3.1025e-01
2.6448e-01
-2.6424e-02
-3.1883e-02
3.0375e-01
-1.4807e-02
1.1172e-01
9.3103e-02
-2.4090e-01
2.2743e-02
2.5416e-01
-3.9591e-02
-8.1923e-02
-1.8180e-01
-9.3462e-02
5.0429e-02
-4.0101e-02
-8.9562e-02
2.0216e-02
1.0175e-01
1.8977e-01
-4.3828e-02
1.1333e-02
7.1112e-02
1.0663e-01
7.4511e-02
2.3677e-01
-4.1216e-02
-6.6320e-02
-3.1203e-02
-6.1553e-02
-6.5927e-02
-1.3997e-01
-2.9971e-01
-1.4536e-02
-7.2953e-02
2.3072e-01
-7.3270e-02
2.1677e-01
-6.9937e-02
6.6758e-02
-7.2943e-02
-1.5055e-01
-1.8910e-02
8.0392e-02
1.9950e-01
2.2704e-01
-1.6021e-01
-7.2102e-03
-2.0202e-01
-7.0191e-02
-1.4122e-01
6.4862e-02
-7.1590e-02
-2.6077e-01
1.6723e-01
-1.3856e-01
-2.0048e-02
-7.7044e-03
1.9254e-02
1.0765e-01
-1.0174e-01
-3.3954e-01
-1.2287e-01
-1.6747e-02
1.1327e-01
-9.4531e-02
-8.8286e-02
-3.0170e-03
-1.4356e-01
1.1613e-01
-9.2343e-02
-7.3285e-02
1.4106e-01
7.0989e-02
-1.2771e-01
1.3528e-02
4.3399e-03
1.2205e-01
1.0053e-01
9.3318e-02
4.8115e-02
-1.9671e-01
-1.5326e-01
-1.7795e-01
2.6579e-01
6.3190e-02
-2.1291e-01
-6.5289e-02
-3.7576e-01
-1.6366e-01
-3.5316e-02
-1.4150e-01
1.3796e-01
1.8813e-01
2.4768e-01
-1.1237e-02
8.7315e-02
5.6678e-02
-3.5285e-02
-1.1080e-01
-9.7157e-02
2.0745e-01
6.2497e-02
1.2288e-01
2.8655e-01
1.4721e-01
-3.0758e-02
4.7750e-02
3.6784e-02
1.6037e-01
2.2470e-01
-5.8717e-02
-4.5188e-02
2.3704e-01
6.7371e-02
-1.4327e-01
2.1502e-01
1.6375e-02
1.0233e-01
-1.1053e-01
1.4220e-01
2.5181e-01
-2.1549e-01
1.3039e-01
2.6513e-02
1.4438e-01
-9.9338e-02
4.8396e-02
-1.8269e-01
-1.2668e-01
-8.8321e-02
-9.8359e-02
-1.2823e-01
-6.6896e-03
-7.5863e-02
-1.6163e-01
8.6130e-02
-4.1891e-02
6.6367e-02
-1.2684e-01
2.0600e-01
1.4043e-01
-5.3336e-02
-9.0965e-02
-6.8208e-02
-1.3171e-01
8.4561e-02
-1.1951e-01
1.7902e-01
-8.2252e-02
7.4235e-02
1.9179e-01
-2.2373e-01
4.4546e-02
-7.6228e-02
9.2003e-02
9.3510e-02
6.4733e-02
3.3898e-01
-7.7901e-02
-9.7140e-02
1.7702e-01
8.8432e-02
-2.6769e-03
-2.1707e-01
1.7638e-01
-8.1864e-02
1.9934e-01
6.7207e-02
1.1771e-01
1.7529e-01
-8.3319e-02
3.4227e-02
-1.6308e-01
-1.0923e-02
9.1764e-02
-1.2385e-01
-7.4248e-02
-3.8513e-02
-1.1390e-01
-4.5619e-02
6.2365e-02
-2.0500e-01
2.1768e-01
1.1146e-01
-8.2163e-02
-1.7190e-01
-1.2712e-01
-2.0522e-01
-5.5375e-02
-1.5263e-01
-1.7673e-01
9.5018e-04
-2.5075e-02
5.3758e-02
2.6173e-02
-5.9279e-02
7.8409e-02
-5.0397e-02
8.3922e-03
2.6292e-01
-1.4212e-01
1.5429e-01
4.0967e-02
-1.4223e-01
-2.7527e-02
1.1340e-01
2.3113e-01
1.8428e-01
-2.2584e-01
-1.3837e-01
-1.4731e-01
-2.9641e-01
-9.5747e-02
-4.9952e-02
-1.3078e-02
-1.9900e-01
1.1072e-02
1.9547e-01
-1.9903e-01
-1.8300e-01
6.7890e-02
-2.1991e-01
8.5450e-02
-2.4206e-01
-5.5444e-02
-1.3073e-02
1.5608e-01
-1.2743e-01
1.1154e-01
-1.7829e-01
-1.1584e-01
-9.9188e-03
1.9311e-01
-2.6087e-01
4.8068e-02
-1.1101e-01
-3.9833e-02
-1.7792e-01
-1.8532e-01
2.6923e-02
-7.9131e-04
-3.1773e-02
-2.6115e-01
-2.0930e-01
-8.6961e-02
-3.4601e-01
-1.1708e-01
-7.3395e-02
-2.7398e-02
1.7145e-01
1.1092e-01
1.2259e-01
2.0699e-01
2.2208e-01
-1.4453e-01
-1.5280e-01
-6.6201e-02
6.4033e-02
5.3139e-02
1.1430e-01
1.4674e-01
2.7798e-01
2.9049e-02
4.6754e-02
-1.5478e-01
9.5068e-02
-2.0882e-01
-1.7752e-01
1.7054e-01
1.4177e-02
-1.1042e-01
-1.0147e-01
-6.8742e-02
-2.0450e-03
6.3152e-02
-1.8353e-01
2.1231e-01
3.0590e-02
-1.6998e-01
1.6285e-01
5.3398e-02
2.1366e-01
1.2400e-01
2.9522e-02
5.4662e-02
7.4109e-02
9.3782e-02
2.7239e-01
-1.2808e-01
-4.4930e-02
-4.9460e-02
2.4117e-01
2.6597e-02
-3.5956e-02
1.6634e-01
2.2802e-01
5.5050e-02
1.6251e-02
2.6305e-02
1.2815e-01
-1.9564e-01
-2.7437e-01
5.0257e-02
-3.4528e-02
1.4943e-01
-9.9443e-02
2.4708e-01
-1.1441e-01
-2.2285e-01
-3.3077e-01
-1.7827e-01
-6.8685e-02
-8.2547e-02
-2.9539e-02
-1.3858e-01
-7.3264e-02
1.0542e-01
-1.6099e-02
-1.5638e-03
9.2407e-02
2.5912e-02
1.5221e-02
6.1453e-02
1.5622e-01
-7.4492e-02
-1.1196e-01
-7.8589e-02
1.3520e-01
1.0670e-01
-3.5598e-03
8.3368e-02
-4.0536e-02
-1.3404e-01
-9.9172e-02
2.3462e-02
-9.4822e-02
2.7061e-01
7.7683e-02
-9.4532e-02
-1.3636e-01
1.7501e-01
1.4039e-01
-1.2079e-01
-1.3729e-01
1.2353e-01
1.4322e-01
-4.0522e-02
-1.8339e-01
2.3529e-01
-1.0770e-01
2.5992e-01
3.8491e-02
9.6748e-02
1.0949e-01
5.7678e-02
-4.0399e-02
1.9704e-01
-3.0701e-02
1.3820e-01
2.5819e-02
8.9746e-02
-1.1768e-01
-1.7979e-01
-4.8767e-02
-1.6544e-01
-5.9529e-02
6.1150e-02
-3.2511e-01
-5.0149e-02
1.2453e-01
-1.8866e-04
2.0538e-01
-2.2169e-01
3.0204e-03
3.0958e-01
-1.6387e-01
-2.3613e-01
3.3026e-02
-1.5430e-01
-1.2870e-01
6.3058e-02
-5.8271e-02
-1.0777e-01
3.2196e-02
2.6506e-02
-1.7600e-03
-7.8804e-02
-4.5467e-02
7.2187e-02
2.2133e-01
1.3941e-01
1.7258e-02
1.3633e-01
-1.0633e-02
-1.3893e-01
1.2855e-01
-1.0094e-01
8.9477e-02
-1.6853e-01
1.7625e-01
9.8238e-02
2.8542e-02
5.7727e-02
4.5141e-02
-1.4196e-01
-1.7820e-01
1.9312e-01
-2.0504e-01
-1.7817e-01
-5.7941e-02
-4.7511e-02
-8.0365e-03
7.8358e-02
8.0968e-02
1.3024e-01
2.2911e-01
2.5912e-01
-6.2157e-02
2.4981e-01
-6.0744e-02
4.7588e-02
-2.9303e-02
-1.8776e-01
-3.5391e-02
