1.3994e-01
1.9534e-01
-6.6666e-02
-4.1018e-01
8.0159e-02
1.4013e-01
4.6285e-02
1.4697e-02
-4.9808e-01
4.9305e-01
-4.5858e-01
9.2866e-02
1.0081e-01
-5.4472e-01
1.0719e-01
-3.3442e-01
9.1536e-02
1.8181e-02
-4.7599e-01
4.6852e-01
5.7029e-02
-2.0882e-01
5.1357e-01
4.4023e-01
1.3318e-01
1.3168e-01
-2.1293e-01
-1.2848e-01
-3.5426e-01
-1.1524e-01
-5.2902e-02
1.3620e-02
3.6010e-01
2.5928e-01
-5.5998e-01
4.5586e-01
-5.1196e-01
2.6229e-01
7.2541e-02
1.8408e-01
-8.5784e-02
5.8022e-01
7.2847e-01
2.0021e-01
-2.6080e-01
4.0200e-01
9.2221e-02
-5.1957e-01
2.2063e-02
-5.0929e-02
-7.9798e-03
3.9838e-01
-2.3956e-01
6.6030e-01
2.0047e-01
-4.4803e-01
4.2068e-01
-1.4873e-02
3.8707e-01
1.3569e-01
3.2445e-01
5.3771e-01
1.4800e-01
2.6265e-01
-2.2930e-01
7.9627e-02
-7.7500e-01
-3.2597e-02
4.5868e-01
2.4221e-01
8.8789e-02
-4.0135e-01
8.0323e-01
7.2809e-02
-7.4339e-01
3.1197e-01
6.3566e-01
7.0125e-01
-4.8155e-01
-7.5073e-02
5.8500e-01
-1.4809e-01
8.2212e-02
5.2891e-01
-3.8141e-01
3.3342e-01
-3.8360e-02
1.4989e-01
-1.2823e-01
5.7294e-01
2.9906e-01
-6.0586e-02
9.3532e-02
4.7710e-01
4.5956e-01
8.3172e-01
1.5072e-01
-6.3740e-01
-1.2998e-01
-4.4479e-01
-3.5485e-01
-8.2806e-03
-2.1218e-01
5.5372e-02
-2.0008e-01
2.2383e-01
-1.3693e-01
4.7687e-01
-2.8115e-01
-2.6655e-01
-2.7654e-01
1.1799e-01
-6.3865e-01
-2.4140e-01
1.4877e-01
3.5091e-01
8.2188e-02
-2.0911e-01
3.1124e-01
2.8468e-02
3.3265e-01
-1.1255e-01
-2.3893e-01
3.1215e-01
-2.3232e-01
-4.5503e-01
-1.8496e-01
5.6134e-02
-4.6581e-01
-5.4016e-01
2.7436e-01
5.4075e-01
-1.5220e-01
2.6543e-01
3.0362e-01
2.2827e-01
4.7438e-01
-5.2847e-01
6.8505e-01
-6.4912e-02
5.5528e-01
2.2401e-01
-6.5352e-01
-2.7607e-01
-2.7077e-01
-1.4624e-02
-6.0757e-01
-2.4829e-01
-1.9449e-01
-3.5164e-01
-5.5582e-01
-1.2814e-01
5.5646e-02
-2.0794e-01
-1.4854e-01
3.4501e-01
7.2291e-01
-1.4062e-03
1.6075e-01
3.1241e-01
4.1093e-01
8.0776e-01
-4.4538e-01
4.4303e-01
9.4407e-02
-3.8690e-01
5.5129e-02
-2.8762e-01
-1.4372e-01
3.3615e-01
1.9560e-01
-2.0070e-02
-4.5877e-01
4.3178e-01
7.3339e-01
-1.1396e-01
-1.8734e-03
5.5743e-02
3.7893e-02
-5.0758e-01
7.0190e-02
-8.5745e-02
5.9168e-01
2.9140e-02
-4.6554e-01
-1.3064e-02
5.6165e-01
3.5969e-01
1.2112e-01
8.9589e-02
1.6345e-01
2.1939e-01
2.2827e-01
-3.7646e-01
4.1145e-02
5.1742e-01
9.0374e-02
-6.7326e-01
2.1986e-01
7.6162e-02
1.7472e-01
-3.5228e-01
8.3645e-02
1.0104e-01
-6.2993e-01
-4.4498e-02
-2.9355e-01
-2.2218e-01
-5.0158e-01
1.8184e-01
2.1993e-01
7.3063e-01
-2.6252e-02
1.9563e-02
-4.3155e-01
2.5397e-01
-3.8812e-01
-7.0731e-01
-1.3711e-01
-4.6870e-01
-3.9398e-01
-1.2636e-01
-5.0363e-01
6.1581e-02
-6.2430e-02
5.5653e-01
2.2445e-02
-4.3249e-01
3.8483e-01
-2.2190e-01
-4.3319e-01
5.3106e-01
-2.4908e-01
2.9038e-01
-1.1976e-01
4.8606e-02
1.5020e-01
4.0536e-01
5.4963e-01
-3.9351e-01
-2.7999e-01
-4.9382e-02
-4.0836e-01
-3.6110e-01
3.2899e-01
-7.6388e-01
-2.1625e-01
-2.6929e-01
-1.9704e-01
-5.2380e-01
-1.9833e-01
2.9416e-01
1.3478e-01
2.7729e-01
-4.5377e-01
-1.5774e-01
