-1.269252e-02
-1.051222e-02
-1.713738e-02
-2.512028e-02
-1.564648e-02
-5.236565e-02
-1.202726e-02
4.077403e-02
-3.046785e-02
-1.072944e-02
-4.167649e-02
-4.410898e-02
-1.555070e-03
2.559680e-02
5.496433e-02
-1.948720e-02
-7.020266e-02
-4.586589e-02
-5.875087e-03
3.506090e-02
-1.258383e-02
9.607334e-03
-7.762297e-04
8.751424e-02
-2.955135e-02
-1.604966e-02
-5.624643e-02
-3.142257e-02
-1.704101e-02
8.193433e-02
-4.795695e-02
5.562511e-02
4.024847e-02
-8.494831e-03
1.912388e-02
-5.759297e-02
3.139627e-02
8.195316e-03
4.933508e-02
-1.855163e-02
-1.149072e-02
-1.387913e-02
3.150792e-02
1.879256e-02
1.220146e-02
-4.049415e-02
-4.149574e-03
9.747034e-03
-3.409195e-02
-1.526318e-02
1.119509e-02
8.290536e-02
2.718248e-03
-1.180762e-02
-3.066701e-02
-3.230100e-02
3.434360e-02
-1.354912e-02
-2.018404e-02
-1.214937e-02
-2.677114e-02
-3.389205e-02
7.380538e-02
8.706025e-02
-5.685775e-03
2.134366e-02
1.209895e-02
3.400418e-03
1.558651e-03
9.475936e-02
3.844068e-03
-8.454804e-02
-1.776790e-02
-5.487768e-02
-4.275826e-02
-3.894008e-02
-2.877745e-02
1.349769e-01
-2.362768e-02
8.465272e-03
1.806266e-02
5.424683e-02
6.840771e-02
-6.803305e-03
3.398347e-02
-6.092525e-02
5.561848e-02
1.047026e-02
-1.399581e-02
-1.240522e-02
-2.564204e-02
-1.006608e-02
-3.865743e-02
3.558970e-02
-1.810126e-02
-2.372226e-02
4.104185e-02
1.428777e-02
-3.641285e-02
9.143172e-03
5.846250e-02
1.096446e-01
5.465883e-02
3.256502e-02
-1.514770e-02
6.693391e-02
-4.379435e-02
3.127289e-02
2.418997e-02
7.650108e-02
-5.554929e-03
-2.938114e-02
-1.849058e-02
9.716167e-02
-1.389841e-02
-1.022692e-01
1.689030e-02
6.326879e-02
-6.403569e-02
9.773879e-02
