-1.558644e-02
2.340120e-03
3.296690e-02
5.781582e-02
-2.098339e-02
-5.410982e-02
-5.055701e-02
3.898168e-02
8.401622e-02
7.880147e-02
-6.568957e-02
-1.109931e-01
-1.105708e-02
6.640720e-02
5.280349e-02
-7.580538e-02
-7.757836e-02
-9.068994e-03
1.073832e-01
3.679402e-02
-5.336287e-02
-5.033766e-02
4.602430e-02
6.630280e-04
-5.613954e-02
-1.376945e-02
1.282178e-02
8.669749e-02
4.544349e-02
7.211784e-02
8.621012e-02
3.819597e-02
9.962388e-02
8.144791e-02
-4.783283e-02
6.942764e-02
1.127897e-01
4.382178e-02
-1.373344e-01
-1.624865e-01
-4.398029e-02
-1.262446e-01
-3.071477e-01
-2.191865e-01
-3.699973e-02
-1.850207e-01
-2.647630e-01
-8.804763e-03
1.269381e-01
1.282108e-01
2.046551e-02
-1.162809e-01
-6.724159e-02
-1.675966e-03
1.099851e-02
-7.845731e-02
-1.901128e-01
-1.336605e-01
-2.136593e-02
1.136882e-02
-3.130575e-03
2.363882e-02
6.640196e-02
-1.567159e-03
-1.635026e-02
1.086044e-01
1.031501e-01
4.237257e-02
-2.198801e-02
-3.715904e-02
6.245193e-02
7.411160e-02
4.993910e-02
-3.156538e-02
1.514169e-05
-1.139490e-04
-1.440657e-02
-2.197265e-02
-2.442581e-02
-1.143325e-01
1.278968e-03
-1.358028e-02
2.907895e-02
-2.355190e-02
5.874578e-03
-6.227924e-02
7.213166e-02
5.732436e-02
6.962053e-02
5.194320e-02
-9.299053e-02
5.075559e-02
2.563556e-02
7.873610e-02
3.621770e-02
-8.205970e-02
3.746127e-02
6.512530e-02
-2.186656e-02
-1.868962e-02
6.913289e-02
3.489590e-02
4.558134e-02
4.438054e-02
2.941931e-02
7.532807e-02
7.533164e-02
5.330694e-02
1.177166e-01
1.009156e-01
-2.715797e-02
8.830580e-04
-1.468059e-04
5.421183e-02
7.868917e-02
-1.164633e-01
-1.573732e-01
-2.214846e-01
-1.024163e-01
-4.850256e-02
5.052429e-02
-8.150154e-02
-1.269096e-01
-1.967080e-01
-1.495340e-01
-2.160027e-02
-5.823256e-02
-8.318536e-02
-1.075576e-01
-1.466399e-02
-1.821022e-01
-1.849297e-01
-1.742931e-01
-6.884134e-02
4.067653e-02
-2.336351e-01
-1.295193e-01
-6.149362e-02
1.549333e-02
7.891941e-02
-6.000750e-02
1.338810e-02
1.048533e-01
7.163029e-02
3.943854e-02
-9.686600e-03
7.593396e-02
4.642357e-02
1.070427e-01
4.669371e-02
