4.936105e-02
2.653339e-02
-8.550969e-02
3.418847e-02
-4.159675e-02
-5.583567e-02
-4.002447e-02
7.282569e-02
4.905600e-02
-2.299746e-02
3.924959e-02
-2.798194e-02
-1.283567e-01
-3.951294e-02
3.607642e-02
7.530186e-02
-7.116593e-02
5.402984e-02
-2.263254e-02
-4.858575e-02
5.118696e-02
-2.299698e-02
6.840511e-02
3.938516e-02
-2.930626e-02
-6.483924e-02
3.037457e-02
6.233375e-02
-6.877729e-02
5.056781e-02
-6.433016e-02
1.345793e-02
-4.726500e-02
6.144281e-02
-4.405230e-02
-1.817182e-02
7.404059e-03
7.139834e-02
6.985865e-02
5.817518e-02
-3.080823e-02
-2.283086e-02
-7.265971e-03
1.971438e-02
-1.897047e-01
5.996739e-02
-8.178073e-02
-1.094810e-01
-3.800272e-02
5.366402e-02
2.310522e-02
4.569090e-02
-4.641736e-02
-1.009299e-01
6.128232e-02
2.726393e-02
-1.015835e-01
-9.254069e-02
2.579143e-02
-3.389123e-02
-1.176019e-01
-7.809177e-02
-5.270460e-02
-1.172679e-01
6.872316e-02
-1.612455e-01
-1.192959e-02
5.613495e-02
-1.257000e-01
3.860680e-02
-1.874080e-02
-6.218464e-02
-9.514997e-02
-5.492125e-02
-1.245088e-01
1.136653e-01
-1.094217e-01
-1.233624e-02
8.191360e-02
-1.667863e-02
1.256129e-02
-4.808656e-02
8.312174e-03
-2.694750e-02
-4.508451e-02
5.228643e-02
4.012727e-02
-3.599914e-02
-3.624491e-02
-3.534004e-02
5.526642e-02
2.134523e-02
6.239158e-02
-4.555169e-03
6.422129e-04
-1.278173e-01
4.479304e-02
-9.859884e-03
-1.081674e-01
-8.464892e-02
9.291040e-03
-9.259363e-02
3.556205e-02
6.509428e-02
-1.262076e-01
4.090815e-02
-7.376666e-02
-1.501273e-01
-7.251366e-03
3.633886e-02
-3.873915e-02
-5.465871e-02
4.834937e-02
-3.101126e-01
-6.785799e-02
-1.197062e-02
8.119645e-02
9.664361e-02
-1.008337e-01
-6.962119e-02
7.789423e-03
3.782231e-02
1.045540e-02
-1.002775e-01
-6.430973e-02
-5.167015e-02
1.948123e-02
-5.781249e-02
-1.227865e-01
-9.806205e-02
1.518127e-02
-1.110177e-01
6.447665e-02
-2.852337e-02
-1.144580e-01
2.010177e-02
-4.835518e-02
5.416450e-02
-3.398185e-02
-5.166054e-02
1.309802e-02
-5.976022e-02
6.427601e-02
-4.443824e-02
-4.269706e-03
8.019335e-03
-1.886536e-01
2.481598e-02
-2.421730e-03
2.335129e-02
-7.338477e-02
-2.679369e-03
-2.485127e-02
-9.300474e-03
7.767481e-02
3.722456e-02
1.441440e-02
3.131435e-02
-1.704949e-02
4.525219e-02
7.055707e-02
-6.541964e-02
-6.378417e-03
1.552333e-02
-3.918559e-02
1.337258e-02
-2.121094e-02
4.135593e-02
6.212275e-02
8.331515e-03
-1.029150e-01
-1.002599e-01
-1.061172e-01
-3.874087e-02
6.632495e-03
-9.150835e-02
1.155845e-02
1.019356e-03
1.401818e-02
5.497073e-02
-7.243989e-02
6.947951e-02
5.003088e-02
-8.918124e-02
-1.099710e-01
5.727028e-02
-6.519517e-04
-9.539305e-02
9.850665e-04
1.579695e-02
-1.950571e-02
8.994523e-02
5.461013e-02
6.210532e-02
-1.236551e-03
1.387160e-02
4.647798e-02
-7.720503e-02
5.394407e-02
2.664962e-02
-6.823365e-02
-2.125736e-01
8.293407e-02
-2.268756e-02
5.135830e-03
-7.278759e-02
2.666323e-02
-5.944623e-03
-2.346720e-02
1.985503e-02
-5.025508e-02
-8.339725e-02
-1.108249e-02
-3.946513e-02
4.546473e-02
4.057048e-02
-8.753297e-02
-6.706701e-02
5.476616e-02
-7.565267e-02
-2.859404e-03
3.434205e-02
8.654772e-02
2.784228e-03
5.290626e-02
-4.579656e-02
7.129614e-02
-1.440640e-02
7.665077e-02
-1.846874e-02
-6.556805e-02
3.989503e-02
-9.262427e-02
-8.699310e-02
6.291049e-03
-7.860897e-02
-5.153312e-02
-1.181464e-02
1.887135e-03
-7.614310e-02
-3.136471e-02
4.830720e-02
-2.194810e-02
-2.612818e-02
-1.159951e-01
8.949373e-02
7.337008e-02
1.034805e-03
-1.133835e-01
-6.881084e-02
-3.522322e-02
-8.852691e-02
6.645589e-02
-8.435962e-02
7.818526e-02
-1.378487e-01
-1.651205e-02
1.182929e-01
-1.349118e-01
-1.719228e-02
1.927433e-02
1.301300e-02
-4.316439e-02
8.551406e-03
-2.799287e-02
2.479048e-02
3.140790e-02
-6.327370e-02
-7.850944e-02
-6.071385e-02
-1.834727e-02
-2.004554e-01
-1.038029e-01
1.213893e-02
2.623003e-02
4.461523e-03
1.244029e-02
3.534416e-02
-5.639714e-02
-4.714033e-02
-1.359560e-01
-1.275843e-01
2.493334e-02
3.459023e-02
-1.716914e-02
-1.513141e-01
-2.441198e-02
-2.858995e-02
-5.619792e-02
-5.873495e-02
-9.853847e-02
2.661418e-02
-3.905940e-02
-8.661705e-02
-5.216297e-02
-9.055123e-02
-3.911480e-02
-2.198456e-02
-5.290320e-02
-8.019061e-02
-1.607179e-02
6.225047e-02
-7.166389e-02
-1.641174e-02
2.197400e-02
-4.601355e-04
5.551043e-02
5.940183e-02
9.226268e-04
7.689348e-02
-6.444735e-02
3.810662e-02
3.120214e-02
-5.556922e-02
-2.497413e-02
-4.794948e-02
6.818097e-02
-7.677218e-02
4.624566e-02
3.043567e-02
6.963366e-02
2.269957e-02
3.713535e-02
7.914200e-02
3.952244e-02
-1.390615e-02
-5.521960e-02
4.974100e-02
2.065925e-02
-2.154038e-02
1.272488e-02
-3.004730e-02
-8.222643e-02
4.014469e-03
-2.759314e-02
-5.113534e-02
-4.890086e-02
7.877147e-02
-6.273130e-03
2.846182e-02
-2.102461e-01
-8.640558e-02
2.239199e-02
-1.339413e-02
-8.285079e-02
-9.573042e-02
-4.381787e-02
3.368384e-02
5.143038e-03
-1.054171e-01
5.358746e-02
-3.870158e-02
-6.663103e-02
-5.469884e-03
3.253472e-02
7.430570e-02
-9.079141e-03
-3.301420e-02
2.150386e-02
-1.134738e-01
-7.247660e-02
-1.365034e-02
-2.363066e-02
-1.050016e-02
6.176660e-02
-8.649902e-03
-4.433400e-02
-3.450084e-02
-1.263650e-01
7.750277e-02
7.371602e-02
-9.583979e-03
-4.663702e-03
-6.540591e-02
4.641947e-02
3.595412e-02
-5.660548e-02
2.975717e-02
5.623681e-02
8.712671e-03
5.283932e-02
-5.098568e-02
-3.496172e-02
6.670343e-02
1.351967e-02
-5.750599e-02
1.096567e-02
-5.486353e-02
4.857644e-02
-1.213841e-01
7.949410e-02
-6.555703e-02
4.819314e-02
2.475112e-02
-8.373304e-02
2.255514e-02
-1.603283e-02
2.886451e-02
8.760677e-03
-8.605402e-03
-6.988243e-02
7.966897e-02
-9.455241e-02
-4.917948e-02
3.169106e-02
4.943961e-02
-2.066107e-02
-7.738201e-02
-2.696283e-02
-5.607002e-02
-4.055546e-02
-9.841254e-02
-8.521334e-02
-4.793199e-03
-4.882576e-02
-1.150115e-02
5.393676e-02
-3.926222e-02
-5.474591e-02
-4.920369e-02
1.053942e-02
-4.154826e-02
5.894225e-02
-3.482239e-03
-7.102071e-02
-1.084510e-02
-2.541594e-02
-2.385640e-02
6.859212e-02
6.509349e-02
-2.912281e-02
-2.103494e-02
1.406366e-02
5.735910e-03
-6.159968e-02
7.221594e-02
3.967505e-02
-7.244337e-02
-3.660491e-02
-5.963914e-02
8.858222e-03
-1.023469e-01
8.704109e-02
-6.325366e-02
-1.083749e-02
-1.598990e-01
3.378624e-02
-8.694743e-02
-5.119121e-02
2.950811e-03
1.413064e-02
2.925331e-02
4.750586e-02
8.466300e-02
-2.343001e-02
-8.125400e-03
-1.212273e-02
5.620390e-02
-8.431485e-02
-6.980204e-03
3.270668e-02
-5.434979e-02
1.289780e-02
-3.248083e-02
1.050709e-02
-8.519230e-02
1.193853e-02
-3.042590e-02
-3.102637e-04
5.599536e-02
-7.457784e-02
-6.903452e-02
-4.726767e-02
-1.232184e-01
6.527141e-02
6.690779e-02
-1.321688e-01
8.556059e-02
-3.531627e-02
-2.590835e-02
8.380013e-03
3.824969e-02
-2.721502e-03
-7.531103e-02
-9.069867e-02
-7.825796e-02
6.898005e-02
5.143541e-02
2.861484e-02
4.517775e-02
7.218921e-02
-1.699265e-02
1.811279e-02
-7.725538e-02
-1.058061e-02
-2.586076e-02
-2.887571e-02
5.720088e-02
-1.061957e-01
-2.483138e-02
-2.307732e-02
2.023457e-03
-1.441624e-02
8.106991e-02
-2.882406e-02
1.087882e-02
-5.310699e-02
4.791741e-02
-8.559906e-02
2.395352e-02
3.663622e-02
2.724240e-02
6.497198e-02
-8.557183e-02
-8.034925e-02
-6.186379e-02
-7.237618e-02
-8.422443e-02
7.416289e-02
4.602054e-02
4.706675e-02
2.033556e-02
2.751584e-02
6.258688e-02
1.560953e-03
-9.518396e-02
-7.517508e-02
-5.140124e-02
4.700689e-02
-6.433357e-02
3.960212e-02
8.949024e-02
3.831039e-02
3.202305e-02
1.926124e-02
1.137778e-02
1.910844e-02
-6.428486e-02
-1.480026e-03
-3.223208e-02
-3.099351e-02
-1.263779e-02
-4.164271e-02
-5.814160e-02
-1.042033e-02
1.854930e-02
6.272232e-02
-3.382502e-02
-9.470800e-02
-5.207537e-02
-3.014265e-02
5.501291e-03
-2.862769e-02
-7.556742e-02
-6.988858e-02
5.858344e-02
-1.424853e-01
-7.260361e-02
-3.528540e-02
2.701510e-02
-1.121362e-01
-1.326060e-02
2.555127e-02
-7.067741e-04
4.169548e-02
4.813471e-02
3.445753e-02
-1.235154e-02
-6.340088e-02
-2.594117e-02
2.247065e-02
6.436516e-02
-8.042961e-02
6.078275e-02
2.471455e-02
1.279337e-02
-1.078391e-01
1.761685e-02
-1.016324e-01
-5.359514e-02
-1.162721e-01
1.226019e-02
-7.399762e-02
-1.956381e-02
4.199582e-02
-1.710498e-03
-9.512190e-03
5.669672e-02
3.138904e-02
-1.452104e-01
5.019445e-02
-7.420399e-02
-1.356584e-01
4.433769e-02
-3.676527e-02
8.913346e-02
-4.522590e-02
3.896739e-02
-1.195647e-02
-1.125533e-01
-5.815307e-02
4.692428e-02
6.055325e-02
7.462115e-02
6.417828e-03
-5.914871e-02
-4.373105e-03
4.997255e-02
6.564461e-02
5.061204e-02
4.119153e-02
-3.883298e-02
-7.992325e-02
1.778986e-02
3.054233e-02
-1.517350e-01
6.532379e-02
-1.303522e-02
1.066937e-02
3.234056e-02
2.580028e-02
-7.592159e-02
-8.404800e-02
-4.147815e-02
-9.242084e-03
-5.663571e-02
3.346230e-02
-3.561509e-02
3.349408e-02
-2.897048e-02
-3.081909e-02
-7.718583e-02
6.739201e-02
-1.138448e-01
-5.866143e-02
7.156810e-02
4.298361e-02
5.643772e-02
-5.068329e-02
-2.876126e-01
5.694925e-02
7.278410e-02
-8.190383e-02
-1.471200e-01
5.931049e-02
-8.949042e-02
6.402949e-02
6.014890e-03
-5.518245e-02
-1.188942e-01
-5.808347e-02
-1.385654e-02
-1.267480e-02
3.557011e-02
-7.485776e-02
-6.730212e-02
-4.988740e-02
2.491239e-03
-7.127687e-03
-2.354542e-02
3.110394e-02
2.339344e-02
-4.008605e-03
-1.178560e-01
8.237062e-02
-2.547978e-02
4.010585e-02
-3.882892e-02
-1.121258e-01
3.169002e-02
3.246381e-02
-3.102248e-02
-3.881110e-02
1.129902e-02
4.631796e-02
6.559022e-02
-1.009913e-02
-1.491418e-01
5.199622e-02
-1.000009e-01
-9.712541e-02
1.885961e-02
-2.065130e-03
-7.100862e-02
2.025888e-02
2.787691e-02
-1.777230e-02
8.344650e-03
9.951424e-02
-4.454485e-02
3.780812e-02
6.056807e-03
-1.152624e-01
8.181464e-02
-1.214214e-01
4.397452e-02
-7.669210e-03
7.456225e-02
3.304604e-02
-1.008473e-01
-6.035326e-02
-6.174666e-02
-1.730078e-02
-3.450788e-03
2.737758e-02
-1.805059e-02
-4.243692e-02
6.271620e-02
1.675719e-03
6.693751e-02
-5.817306e-02
-2.456105e-02
-5.221846e-02
-5.798080e-03
-9.123223e-03
1.082412e-03
-3.073010e-03
-1.249637e-01
-1.135054e-02
-7.779367e-02
-5.448952e-03
2.687828e-02
-1.260860e-01
-3.824843e-02
6.694432e-02
-3.259316e-02
-8.334910e-02
5.590903e-02
-1.267039e-01
-9.831849e-02
-4.706470e-03
-2.650279e-03
4.108896e-02
-2.010572e-02
-9.576435e-02
-7.659630e-02
4.367239e-02
-7.832493e-02
3.695692e-02
-1.729149e-02
7.050076e-02
-4.607667e-02
-5.742982e-02
4.960226e-02
-9.515073e-02
-9.948399e-02
-2.519454e-01
4.145394e-03
-4.869178e-02
1.087365e-02
2.296261e-02
3.472688e-02
3.139870e-02
-4.556650e-02
-2.065118e-02
8.780510e-02
-1.320606e-01
4.397980e-02
3.558391e-02
-3.565346e-02
-7.590429e-02
-1.416315e-02
-8.193526e-02
-2.468728e-02
-5.666133e-03
2.227802e-02
3.453993e-02
-4.777072e-02
2.320269e-02
-8.007286e-02
-5.761761e-02
-6.806210e-02
6.364390e-02
2.248774e-02
1.260803e-02
1.299473e-02
-4.508223e-02
4.108614e-02
7.558804e-02
3.739083e-02
-1.260958e-01
-5.461090e-02
-4.559266e-02
-8.361328e-02
-9.863764e-02
2.487155e-02
1.069426e-03
3.234975e-02
-5.408526e-02
-1.016214e-01
5.426031e-02
-5.332565e-02
-2.600842e-02
3.886429e-03
5.789122e-02
4.792371e-02
2.802750e-02
-4.843448e-03
-1.061312e-01
5.444403e-02
6.152606e-02
-3.391986e-02
-6.288297e-02
3.427241e-02
5.565219e-02
-6.742422e-02
3.386313e-02
-2.319247e-01
-8.770972e-03
-1.363803e-02
-1.541911e-01
-2.424754e-02
5.046063e-02
-1.480402e-02
-9.319989e-02
5.475763e-03
-5.390659e-02
9.325760e-03
1.071557e-01
-8.560573e-02
9.403985e-02
7.152295e-02
5.308894e-02
-9.706691e-02
7.161474e-02
1.336498e-02
-3.232136e-02
-7.056195e-02
4.392326e-02
2.317983e-02
-5.119484e-02
3.474601e-02
2.452548e-02
-1.047740e-01
-9.361189e-02
-2.407813e-02
5.010463e-02
-5.990275e-02
-2.399710e-03
-6.084459e-02
