9.624798e-01
8.189257e-01
8.009660e-01
7.835239e-01
8.019693e-01
6.648341e-01
9.427011e-01
7.379318e-01
7.478161e-01
9.073870e-01
9.649286e-01
9.112043e-01
8.897087e-01
4.904571e-01
1.078934e+00
5.305116e-01
7.302125e-02
1.841503e-01
8.302785e-03
4.307754e-02
-1.760190e-01
2.848794e-01
1.405759e-01
1.997012e-01
-1.855930e-02
-1.351604e-01
-1.018523e-01
1.488538e-01
3.507615e-02
3.709826e-01
5.011706e-02
3.873794e-01
7.482845e-03
-2.900502e-01
3.083473e-01
-5.840582e-01
-4.587064e-01
3.382937e-01
3.623193e-01
3.562253e-01
-1.019261e+00
-1.115338e+00
-1.778126e+00
-8.428826e-01
-3.278623e-01
1.376499e-01
-9.520189e-01
-5.863452e-02
5.793421e-01
1.052111e+00
5.198089e-01
5.060441e-01
1.341253e+00
6.603044e-01
1.091683e+00
9.348004e-01
1.356354e+00
1.855372e+00
2.474922e+00
5.347141e-01
5.029934e-01
1.123476e+00
2.671044e+00
9.141244e-01
