1.152571e+00
1.005243e+00
7.160655e-01
7.401640e-01
9.428976e-01
1.179941e+00
1.073551e+00
9.908099e-01
7.168096e-01
1.120618e+00
9.897059e-01
1.095693e+00
8.050281e-01
7.915457e-01
1.094568e+00
7.854017e-01
3.838529e-01
9.415130e-02
-8.688896e-02
1.970475e-01
-2.114001e-01
2.332118e-01
1.533526e-01
-4.956433e-02
-3.302918e-01
-1.440211e-01
2.593847e-01
4.237114e-02
-5.796104e-02
-3.734838e-01
2.557325e-01
1.220569e-01
4.144146e-01
8.186363e-02
-1.780911e-02
1.764551e-01
3.360780e-02
-4.269834e-01
4.247343e-01
-2.302717e-01
3.278969e-02
3.142242e-01
-3.649982e-01
-5.398843e-01
-1.856203e-02
-1.701203e-02
2.804360e-01
1.713362e-02
2.898359e-01
6.670418e-02
5.962542e-02
6.430430e-02
1.015666e-02
2.429583e-01
1.231815e-01
1.169483e-01
5.211211e-03
1.470536e-01
7.266980e-02
1.482245e-01
3.964999e-02
3.051962e-02
4.405287e-02
2.788260e-02
