-3.731234e-02
6.959611e-01
-2.738686e-01
-9.549429e-02
4.217115e-01
5.660887e-01
4.368596e-01
-4.525788e-01
6.184858e-01
2.657970e-01
-4.109168e-01
3.772614e-01
-2.544661e-01
4.514615e-01
2.992970e-01
-6.845756e-01
1.828320e-01
7.091615e-01
-8.895524e-01
1.896727e-02
-3.612166e-02
-2.573818e-01
3.439126e-01
1.550507e-01
5.957600e-01
-1.059969e-01
3.307480e-01
7.862893e-02
-2.650514e-02
-3.806730e-01
-6.313252e-01
-8.467727e-02
-4.802748e-02
-8.954284e-01
-1.726020e-01
5.894058e-01
-3.797284e-01
-6.718879e-01
-8.772954e-01
-9.963903e-01
6.978495e-01
-8.675418e-01
-4.738352e-01
3.397878e-02
4.830971e-01
1.212894e+00
6.247270e-01
8.948804e-02
1.096017e+00
-2.939312e-01
-4.813585e-01
3.341998e-01
2.909930e-01
7.280858e-01
2.783488e-01
-4.027553e-01
-2.770775e-02
3.439690e-01
3.461977e-01
5.456691e-01
-1.505438e-01
4.477448e-01
-3.727770e-01
3.023387e-01
-2.411699e-01
3.014892e-01
-6.140417e-02
-2.113258e-01
-7.795167e-01
-3.420606e-02
-1.543474e-01
2.802899e-02
