5.313740e-01
2.780641e-01
9.637083e-01
-1.298953e-02
3.072509e-01
1.997510e-01
-2.852502e-01
3.135411e-01
2.034585e-01
-6.217798e-01
-8.468704e-01
1.043068e+00
-1.992352e-01
-2.546785e-01
2.879038e-01
-1.658085e-01
-3.114297e-01
-4.754059e-01
5.421272e-01
2.387670e-01
2.860938e-01
6.601066e-01
-2.635070e-01
-6.364215e-02
5.669150e-01
2.209107e-01
-4.204812e-01
5.188351e-01
-1.001283e-01
9.374235e-01
5.515425e-01
-1.493479e-01
-8.319129e-01
-3.037346e-01
7.204273e-01
-5.950511e-03
-4.304483e-01
-8.779597e-01
3.813806e-01
1.400678e-01
3.141130e-01
6.486076e-01
-7.883231e-01
-4.278074e-01
9.655564e-02
-6.319237e-01
3.318638e-01
-3.509984e-02
4.387887e-01
1.330328e+00
6.601572e-02
2.506147e-01
7.127602e-02
-3.142892e-01
-4.330834e-01
3.666209e-01
8.205646e-01
7.099023e-01
-1.011529e+00
1.430958e+00
4.151425e-01
-5.246733e-02
-1.019030e-01
-1.291350e-01
2.491182e-01
-2.698196e-02
4.369242e-01
-3.262410e-01
1.490812e-01
-2.252981e-01
5.316242e-01
-4.953639e-02
5.143102e-01
-7.457754e-01
-5.012227e-02
-2.087549e-01
-7.228685e-01
-4.793874e-01
7.683802e-01
6.321772e-02
-4.323700e-01
-6.545740e-01
4.688784e-01
-8.098021e-01
-1.055231e+00
1.720068e-02
-8.247591e-01
-1.630253e-01
3.954487e-01
-7.329849e-01
3.326029e-01
3.565249e-01
1.181369e-01
-7.428787e-01
4.276236e-01
1.199974e+00
3.624648e-01
-3.876182e-01
-4.322461e-02
1.291632e+00
-4.112678e-01
-4.533993e-02
-1.555236e-01
-6.191526e-01
2.587139e-01
3.761713e-02
1.102016e-01
8.002775e-01
-9.435371e-02
2.801358e-01
8.488674e-01
1.007100e-01
5.652696e-01
9.855988e-01
9.326317e-01
5.606607e-02
2.474956e-01
1.062224e-01
-3.992942e-01
5.364745e-01
-2.028478e-01
-2.572606e-01
-9.951134e-01
1.209176e+00
-6.291831e-01
1.123426e-01
-2.770699e-01
3.128456e-02
