-3.635217e-02
-1.817854e-01
-2.844278e-02
-1.770944e-01
-2.409866e-02
-1.047847e-01
-2.275565e-01
-1.902197e-01
-1.966794e-01
-2.057346e-01
5.366108e-02
1.828189e-01
-1.576807e-01
2.003222e-02
1.863258e-01
-1.139055e-01
1.600766e-01
4.390928e-02
-2.150640e-01
4.938148e-02
1.625360e-01
1.174631e-01
1.226570e-02
5.830924e-02
2.113263e-01
1.773193e-01
2.004611e-01
1.074478e-01
2.349889e-01
1.185876e-01
1.716209e-01
1.402846e-01
7.810485e-02
5.806554e-02
1.075917e-01
1.779944e-02
-7.287332e-02
-3.167680e-02
-2.394806e-01
-2.811612e-01
1.107552e-01
9.532782e-02
-2.301320e-01
-1.430796e-01
3.676820e-02
1.746302e-01
1.873266e-01
2.691654e-01
2.424625e-01
-1.281786e-02
-1.001123e-02
1.212282e-02
1.339043e-01
-9.530360e-02
-1.823418e-03
3.422890e-03
-2.208755e-01
-2.390617e-01
-1.844225e-01
-2.514811e-01
1.964458e-01
1.816013e-01
-1.015934e-03
-8.164810e-02
-1.238409e-01
4.295705e-01
-1.338731e-01
1.128499e-02
7.734450e-02
-1.919520e-02
4.829419e-02
1.251608e-01
-2.195170e-01
-1.254413e-01
-1.149353e-01
1.000867e-01
-1.725109e-01
-1.831213e-01
2.408153e-01
1.965111e-01
7.781094e-02
-2.014116e-02
-1.097369e-01
-2.158913e-01
6.998284e-04
-3.074606e-01
-1.457759e-01
-1.849861e-01
-2.090667e-01
1.550699e-02
-1.287396e-01
-4.591724e-01
-2.801893e-02
-1.675692e-01
-1.526475e-02
2.303083e-02
-1.666300e-01
8.520653e-03
9.070579e-03
-4.059974e-02
-2.624844e-01
5.094596e-02
1.066408e-02
-9.616653e-02
-1.089449e-01
1.447902e-01
1.182104e-01
-2.908565e-01
1.316342e-01
-1.199660e-01
-1.991336e-01
2.096879e-02
-1.324140e-01
1.359210e-01
-3.594497e-02
-1.946437e-01
-8.680011e-02
2.132025e-01
-3.602010e-02
3.100475e-01
6.959547e-03
-2.147848e-01
1.318155e-01
1.849812e-02
1.022226e-02
8.574662e-02
-8.926183e-02
-8.384097e-02
1.887771e-01
-6.291260e-02
7.816741e-04
7.019322e-02
-1.462272e-01
7.507917e-02
1.291101e-01
1.390368e-01
-1.376812e-02
-8.971622e-02
1.207375e-01
1.663876e-01
-2.688639e-01
1.705999e-01
9.995261e-03
-2.277117e-01
