5.448577e-02
1.028244e-01
5.618311e-02
1.686013e-01
2.415657e-01
1.544223e-01
1.166458e-01
2.037409e-01
7.032739e-02
-2.793298e-01
-1.035263e-01
-1.995925e-02
-9.985632e-02
9.900145e-02
1.824192e-01
1.365527e-02
1.321674e-01
1.814603e-01
-5.473690e-02
-1.373587e-01
-9.904244e-02
-1.308892e-01
8.705772e-02
-3.202596e-02
-5.375889e-02
1.577096e-01
1.890636e-01
6.853127e-02
8.552014e-02
5.989654e-02
-1.316152e-01
1.168503e-01
2.401162e-01
-1.201212e-01
8.636399e-02
1.881399e-01
-1.321543e-01
-2.686544e-01
-1.383993e-01
2.335150e-02
-4.814575e-02
-1.453198e-03
2.037597e-01
1.775110e-01
1.832495e-01
-2.018352e-01
-1.876632e-01
-3.117059e-02
-1.488183e-01
-1.128701e-01
-2.383531e-02
-7.835069e-02
-2.495465e-01
-1.783563e-01
1.553797e-01
1.274552e-01
6.550482e-02
1.452465e-01
2.346852e-01
1.908340e-01
8.769794e-03
1.321536e-01
8.254973e-02
-8.680411e-02
5.007208e-02
1.391844e-01
-1.205597e-01
-8.306038e-02
-5.209908e-02
-4.702317e-02
-2.366578e-01
-2.161949e-01
1.832508e-03
1.197332e-01
-2.199621e-02
-1.733375e-01
1.299620e-01
-1.518500e-01
-1.415076e-02
1.426999e-01
-4.243263e-02
2.325553e-01
1.838205e-01
7.674250e-02
1.640511e-01
2.485257e-01
1.428363e-01
-2.498953e-02
1.385803e-01
9.535563e-02
-4.176800e-02
-1.972670e-01
-1.177125e-01
-1.079093e-01
-2.315599e-01
-1.382443e-01
-1.169535e-01
-1.725754e-01
-1.830298e-01
-3.641522e-02
-1.145489e-01
-1.615879e-01
-1.683335e-01
-2.468219e-01
-1.721833e-01
-3.080688e-02
-1.988055e-01
-1.858287e-01
-3.707907e-03
-8.976858e-03
-2.477765e-01
-2.462469e-01
-1.389717e-02
6.836496e-02
-1.400843e-03
8.717855e-02
2.440029e-01
2.884396e-01
1.080805e-02
-1.525356e-01
7.319183e-02
-1.110742e-01
-1.405030e-01
2.550406e-02
-4.056916e-02
2.588583e-02
5.359125e-02
8.515590e-02
1.797803e-01
3.635043e-02
4.299385e-03
1.966399e-01
6.410023e-02
1.330636e-02
1.079084e-01
1.924608e-01
8.552603e-02
9.616785e-02
5.543766e-02
2.427016e-02
-6.392019e-02
1.589108e-02
-6.972475e-02
-2.242464e-01
