-6.144342e-01
-7.520342e-01
-8.779573e-01
-6.541914e-01
-6.306575e-01
3.544686e-01
-5.940535e-01
-4.189425e-02
6.740409e-01
-2.145812e-02
-1.458569e-01
1.171676e+00
8.076819e-01
-8.193671e-01
-4.361169e-01
9.870855e-01
-8.925627e-01
-9.279373e-01
1.002992e+00
-3.478293e-01
-8.076220e-01
2.407793e-01
3.490245e-01
-6.359308e-01
-5.467387e-01
6.048694e-01
-2.454962e-01
1.457186e-01
1.347682e-01
-5.855300e-01
-7.862990e-01
1.070327e+00
-9.001327e-01
8.189573e-01
2.689647e-01
-7.328125e-02
-3.781783e-01
6.828990e-01
6.489851e-01
7.130234e-01
5.383166e-01
-1.163768e-01
-1.136028e+00
-6.028787e-01
8.026509e-02
9.205290e-03
-1.456397e+00
-7.413584e-01
-7.221932e-02
-7.342450e-01
-9.791329e-01
-3.137235e-02
-1.421173e+00
-1.277269e-01
-4.398575e-01
-2.392954e-01
1.663274e-01
-7.087575e-01
1.115361e+00
-1.247867e+00
1.018001e+00
-7.209909e-02
-9.046480e-01
-8.643894e-01
5.938993e-01
1.023121e+00
1.577489e-02
-8.318376e-01
6.754628e-01
8.979147e-01
7.928914e-01
-1.086783e-01
9.217743e-01
1.391106e-03
3.323357e-04
-1.374262e-01
-6.933457e-01
-8.912638e-01
1.020158e+00
5.972949e-01
6.581029e-01
-4.405214e-01
2.712076e-01
-7.149103e-01
2.639465e-01
-1.330518e-01
-7.163559e-01
-9.748290e-01
-8.503029e-01
1.129614e-02
-1.107329e+00
7.428495e-01
1.061514e+00
-1.069292e+00
-3.886633e-01
-5.638881e-01
-1.208583e+00
-5.579895e-01
1.093145e+00
1.424438e+00
4.519516e-01
-4.152943e-01
-2.931857e-01
2.069510e-01
-1.161318e+00
-1.725910e-01
-6.657465e-01
-5.340722e-01
-1.153575e+00
-1.829406e-01
-5.501339e-01
6.587518e-01
-8.721891e-01
-1.848842e-01
5.856922e-01
-9.953184e-01
-3.231952e-01
1.161145e+00
-4.103943e-01
4.685406e-01
5.321805e-01
1.082368e+00
-3.656275e-01
-4.788549e-01
2.290430e-01
1.130753e+00
4.656299e-01
-1.173794e+00
1.832741e-02
-6.527316e-01
-5.432716e-01
-1.032732e+00
-6.135336e-01
9.140298e-01
-1.957963e-01
-4.889499e-01
7.215793e-01
-7.013214e-01
-6.823719e-01
8.264877e-01
-2.854678e-01
-6.486718e-02
3.098748e-01
-3.079743e-01
-1.539979e-02
7.093891e-01
-7.181038e-01
-9.282399e-01
-5.874397e-01
-1.024353e+00
-3.895175e-01
-1.059861e+00
-1.294274e+00
-1.538286e+00
-4.229977e-01
7.458568e-01
-1.041103e+00
8.720433e-01
3.005230e-01
9.501222e-01
6.872315e-01
9.564450e-01
-3.375632e-02
-6.741399e-01
-1.086623e+00
6.388437e-01
1.145475e+00
-1.990617e-01
-1.203924e+00
-1.234960e+00
-5.903924e-01
-1.257465e-01
5.859627e-01
6.939716e-01
9.113303e-01
7.847532e-01
3.524945e-01
6.118659e-01
1.072684e+00
-5.581139e-01
-2.377254e-01
-1.225903e+00
-9.913908e-01
2.879867e-01
2.160434e-01
-9.017607e-01
-8.177336e-01
-9.817448e-02
-2.009794e-01
5.859292e-01
-1.337787e+00
5.286120e-01
5.731930e-01
-1.726115e-01
3.995587e-01
1.051505e+00
-8.360452e-01
-4.971027e-01
-1.165518e+00
-2.959230e-01
3.836079e-01
-5.767807e-01
-8.532780e-01
7.647556e-02
-3.395380e-01
-3.922939e-01
9.692998e-01
-1.182226e+00
6.522680e-01
4.618625e-01
5.865789e-01
4.881971e-01
-3.222227e-01
-1.050663e+00
5.996798e-01
-4.796877e-01
-5.975283e-01
-6.605127e-01
1.081102e+00
-6.830012e-01
6.129975e-01
7.051787e-01
3.135884e-01
-5.711676e-01
-2.985708e-01
6.669801e-01
-3.167353e-01
1.652650e-01
-8.329641e-02
-6.177667e-01
3.688156e-01
-1.347721e+00
-6.988646e-01
5.422386e-01
-2.171036e-01
-4.348885e-01
-5.447699e-01
-3.670118e-01
3.381413e-01
9.698602e-01
